event	left_node	right_node	left_date	right_date	midpoint_date
hgt	None	dead	0.0	0.0	0.0
hgt	None	dead	0.0	0.0	0.0
los	None	dead	0.0	0.0	0.0
spe	829	817	2001.85	1835.155	1918.5025
spe	816	GCA.002724675.1.Bacteria.Myxococcota.A	1328.145	0.0	664.0725
los	816	GCA.002724675.1.Bacteria.Myxococcota.A	1328.145	0.0	664.0725
hgt	1228	GCA.003023725.1.Bacteria.Firmicutes.E	1712.115	0.0	856.0575
spe	813	812	1676.35	1516.905	1596.6275
los	813	812	1676.35	1516.905	1596.6275
hgt	None	dead	0.0	0.0	0.0
hgt	1038	1032	1807.925	1430.62	1619.2725
hgt	345	GCA.002748355.1.Bacteria.Planctomycetota	1540.73	0.0	770.365
hgt	None	dead	0.0	0.0	0.0
los	None	dead	0.0	0.0	0.0
spe	1038	1032	1807.925	1430.62	1619.2725
spe	813	807	1676.35	1389.97	1533.16
hgt	807	GCA.002789955.1.Bacteria.Myxococcota	1389.97	0.0	694.985
los	807	GCA.002789955.1.Bacteria.Myxococcota	1389.97	0.0	694.985
spe	1048	1047	3607.975	3589.185	3598.58
spe	365	GCA.001730085.1.Bacteria.GCA.001730085	3304.24	0.0	1652.12
los	365	GCA.001730085.1.Bacteria.GCA.001730085	3304.24	0.0	1652.12
spe	365	364	3304.24	3193.95	3249.095
spe	316	315	2939.28	2704.015	2821.6475
los	316	315	2939.28	2704.015	2821.6475
spe	308	290	2482.645	2065.88	2274.2625
los	308	290	2482.645	2065.88	2274.2625
spe	307	306	2342.65	1842.35	2092.5
los	307	306	2342.65	1842.35	2092.5
spe	297	296	1989.305	1450.325	1719.815
los	297	296	1989.305	1450.325	1719.815
spe	293	GCA.002429065.1.Bacteria.Verrucomicrobiota	1595.865	0.0	797.9325
los	293	GCA.002429065.1.Bacteria.Verrucomicrobiota	1595.865	0.0	797.9325
spe	364	363	3193.95	2735.485	2964.7175
spe	362	361	2549.525	2372.945	2461.235
los	362	361	2549.525	2372.945	2461.235
spe	342	328	2350.185	1867.775	2108.98
los	342	328	2350.185	1867.775	2108.98
spe	341	GCA.003170085.1.Bacteria.Planctomycetota	2081.9	0.0	1040.95
los	341	GCA.003170085.1.Bacteria.Planctomycetota	2081.9	0.0	1040.95
spe	340	339	1767.265	1559.885	1663.575
los	340	339	1767.265	1559.885	1663.575
spe	334	GCA.002338715.1.Bacteria.Planctomycetota	1547.105	0.0	773.5525
los	334	GCA.002338715.1.Bacteria.Planctomycetota	1547.105	0.0	773.5525
spe	332	GCA.002364485.1.Bacteria.Planctomycetota	1114.632	0.0	557.316
los	332	GCA.002364485.1.Bacteria.Planctomycetota	1114.632	0.0	557.316
spe	363	321	2735.485	2381.485	2558.485
spe	320	GCA.002746535.1.Bacteria.Planctomycetota	2045.545	0.0	1022.7725
los	320	GCA.002746535.1.Bacteria.Planctomycetota	2045.545	0.0	1022.7725
hgt	None	dead	0.0	0.0	0.0
hgt	None	dead	0.0	0.0	0.0
los	None	dead	0.0	0.0	0.0
spe	651	650	2271.59	2175.61	2223.6
spe	649	543	2098.745	1839.06	1968.9025
los	649	543	2098.745	1839.06	1968.9025
dup	649	648	2098.745	2020.585	2059.665
hgt	None	dead	0.0	0.0	0.0
hgt	None	dead	0.0	0.0	0.0
los	None	dead	0.0	0.0	0.0
hgt	None	dead	0.0	0.0	0.0
hgt	515	514	2084.22	1954.11	2019.165
dup	649	648	2098.745	2020.585	2059.665
spe	649	648	2098.745	2020.585	2059.665
spe	562	546	1844.995	1417.275	1631.135
los	562	546	1844.995	1417.275	1631.135
spe	561	560	1768.445	1588.765	1678.605
los	561	560	1768.445	1588.765	1678.605
spe	553	GCF.001641825.1.Bacteria.Proteobacteria	1596.945	0.0	798.4725
los	553	GCF.001641825.1.Bacteria.Proteobacteria	1596.945	0.0	798.4725
spe	552	551	1380.83	1067.6595	1224.24475
los	552	551	1380.83	1067.6595	1224.24475
spe	648	647	2020.585	1948.805	1984.695
spe	646	645	1902.685	1840.255	1871.47
los	646	645	1902.685	1840.255	1871.47
spe	588	576	1773.33	1581.265	1677.2975
los	588	576	1773.33	1581.265	1677.2975
spe	587	586	1495.94	1375.33	1435.635
los	587	586	1495.94	1375.33	1435.635
spe	581	GCA.002868855.1.Bacteria.Proteobacteria	1344.875	0.0	672.4375
los	581	GCA.002868855.1.Bacteria.Proteobacteria	1344.875	0.0	672.4375
spe	579	GCA.003137095.1.Bacteria.Proteobacteria	1079.9275	0.0	539.96375
los	579	GCA.003137095.1.Bacteria.Proteobacteria	1079.9275	0.0	539.96375
spe	647	571	1948.805	1706.635	1827.72
hgt	571	565	1706.635	1414.39	1560.5125
los	571	565	1706.635	1414.39	1560.5125
spe	571	570	1706.635	1535.435	1621.035
spe	568	GCF.001051235.1.Bacteria.Proteobacteria	1379.435	0.0	689.7175
los	568	GCF.001051235.1.Bacteria.Proteobacteria	1379.435	0.0	689.7175
hgt	570	GCA.002255365.1.Bacteria.Proteobacteria	1535.435	0.0	767.7175
los	570	GCA.002255365.1.Bacteria.Proteobacteria	1535.435	0.0	767.7175
hgt	None	dead	0.0	0.0	0.0
hgt	642	GCA.001447805.1.Bacteria.Proteobacteria	1332.36	0.0	666.18
hgt	None	dead	0.0	0.0	0.0
los	None	dead	0.0	0.0	0.0
spe	649	648	2098.745	2020.585	2059.665
spe	562	561	1844.995	1768.445	1806.72
los	562	561	1844.995	1768.445	1806.72
hgt	None	dead	0.0	0.0	0.0
spe	546	GCA.002747435.1.Bacteria.Proteobacteria	1417.275	0.0	708.6375
los	546	GCA.002747435.1.Bacteria.Proteobacteria	1417.275	0.0	708.6375
hgt	None	dead	0.0	0.0	0.0
los	None	dead	0.0	0.0	0.0
hgt	None	dead	0.0	0.0	0.0
spe	648	647	2020.585	1948.805	1984.695
spe	647	571	1948.805	1706.635	1827.72
spe	571	570	1706.635	1535.435	1621.035
hgt	570	568	1535.435	1379.435	1457.435
los	570	568	1535.435	1379.435	1457.435
hgt	406	GCA.001872725.1.Bacteria.Proteobacteria	2159.8	0.0	1079.9
hgt	571	565	1706.635	1414.39	1560.5125
los	571	565	1706.635	1414.39	1560.5125
dup	647	646	1948.805	1902.685	1925.745
spe	647	646	1948.805	1902.685	1925.745
spe	588	576	1773.33	1581.265	1677.2975
los	588	576	1773.33	1581.265	1677.2975
spe	588	587	1773.33	1495.94	1634.635
hgt	587	581	1495.94	1344.875	1420.4075
los	587	581	1495.94	1344.875	1420.4075
spe	587	586	1495.94	1375.33	1435.635
spe	585	GCA.002338605.1.Bacteria.Proteobacteria	1166.9135	0.0	583.45675
los	585	GCA.002338605.1.Bacteria.Proteobacteria	1166.9135	0.0	583.45675
hgt	183	GCA.002402105.1.Bacteria.UBP17	2699.305	0.0	1349.6525
hgt	586	GCA.003228965.1.Bacteria.Proteobacteria	1375.33	0.0	687.665
los	586	GCA.003228965.1.Bacteria.Proteobacteria	1375.33	0.0	687.665
hgt	None	dead	0.0	0.0	0.0
hgt	None	dead	0.0	0.0	0.0
los	None	dead	0.0	0.0	0.0
spe	646	645	1902.685	1840.255	1871.47
spe	644	643	1647.11	1467.95	1557.53
los	644	643	1647.11	1467.95	1557.53
hgt	None	dead	0.0	0.0	0.0
hgt	None	dead	0.0	0.0	0.0
los	None	dead	0.0	0.0	0.0
spe	644	636	1647.11	1555.685	1601.3975
hgt	1015	GCA.002790835.1.Bacteria.Krumholzibacteriota	1675.44	0.0	837.72
hgt	400	GCA.002401295.1.Bacteria.SAR324	1933.765	0.0	966.8825
hgt	636	634	1555.685	1386.92	1471.3025
los	636	634	1555.685	1386.92	1471.3025
spe	631	603	1777.47	1696.92	1737.195
los	631	603	1777.47	1696.92	1737.195
spe	630	629	1673.23	1532.81	1603.02
los	630	629	1673.23	1532.81	1603.02
spe	614	606	1511.555	1316.435	1413.995
los	614	606	1511.555	1316.435	1413.995
spe	614	613	1511.555	1391.71	1451.6325
spe	612	GCF.003612015.1.Bacteria.Proteobacteria	1256.25	0.0	628.125
los	612	GCF.003612015.1.Bacteria.Proteobacteria	1256.25	0.0	628.125
spe	612	611	1256.25	936.1675	1096.20875
hgt	None	dead	0.0	0.0	0.0
hgt	868	GCA.002347095.1.Bacteria.Desulfobacterota	1587.525	0.0	793.7625
hgt	None	dead	0.0	0.0	0.0
los	None	dead	0.0	0.0	0.0
spe	646	588	1902.685	1773.33	1838.0075
los	646	588	1902.685	1773.33	1838.0075
spe	646	645	1902.685	1840.255	1871.47
spe	644	643	1647.11	1467.95	1557.53
los	644	643	1647.11	1467.95	1557.53
spe	636	GCA.002840095.1.Bacteria.Proteobacteria	1555.685	0.0	777.8425
los	636	GCA.002840095.1.Bacteria.Proteobacteria	1555.685	0.0	777.8425
spe	634	GCF.001697225.1.Bacteria.Proteobacteria	1386.92	0.0	693.46
los	634	GCF.001697225.1.Bacteria.Proteobacteria	1386.92	0.0	693.46
spe	631	630	1777.47	1673.23	1725.35
los	631	630	1777.47	1673.23	1725.35
hgt	None	dead	0.0	0.0	0.0
spe	603	602	1696.92	1612.41	1654.665
los	603	602	1696.92	1612.41	1654.665
hgt	None	dead	0.0	0.0	0.0
los	None	dead	0.0	0.0	0.0
hgt	None	dead	0.0	0.0	0.0
los	None	dead	0.0	0.0	0.0
spe	483	482	1836.685	1750.105	1793.395
spe	482	481	1750.105	1674.98	1712.5425
hgt	481	480	1674.98	1549.46	1612.22
los	481	480	1674.98	1549.46	1612.22
spe	481	469	1674.98	1543.27	1609.125
hgt	469	468	1543.27	1359.195	1451.2325
los	469	468	1543.27	1359.195	1451.2325
spe	469	463	1543.27	1394.155	1468.7125
hgt	463	GCF.002251795.1.Bacteria.Proteobacteria	1394.155	0.0	697.0775
los	463	GCF.002251795.1.Bacteria.Proteobacteria	1394.155	0.0	697.0775
spe	462	GCF.000315795.1.Bacteria.Proteobacteria	1117.2015	0.0	558.60075
los	462	GCF.000315795.1.Bacteria.Proteobacteria	1117.2015	0.0	558.60075
spe	482	458	1750.105	1624.365	1687.235
spe	458	456	1624.365	1476.57	1550.4675
hgt	456	GCF.002148795.1.Bacteria.Proteobacteria	1476.57	0.0	738.285
los	456	GCF.002148795.1.Bacteria.Proteobacteria	1476.57	0.0	738.285
hgt	944	GCA.002712165.1.Bacteria.Proteobacteria	1373.315	0.0	686.6575
spe	456	455	1476.57	1226.72	1351.645
hgt	455	454	1226.72	1094.241	1160.4805
los	455	454	1226.72	1094.241	1160.4805
spe	515	514	2084.22	1954.11	2019.165
spe	436	435	1751.05	1536.91	1643.98
los	436	435	1751.05	1536.91	1643.98
dup	514	513	1954.11	1885.97	1920.04
hgt	None	dead	0.0	0.0	0.0
hgt	None	dead	0.0	0.0	0.0
los	None	dead	0.0	0.0	0.0
spe	514	513	1954.11	1885.97	1920.04
spe	513	512	1885.97	1775.885	1830.9275
spe	486	GCF.000264455.2.Bacteria.Proteobacteria	1397.735	0.0	698.8675
los	486	GCF.000264455.2.Bacteria.Proteobacteria	1397.735	0.0	698.8675
spe	511	489	1694.565	1316.195	1505.38
los	511	489	1694.565	1316.195	1505.38
spe	511	510	1694.565	1636.78	1665.6725
spe	509	508	1544.73	1436.825	1490.7775
los	509	508	1544.73	1436.825	1490.7775
spe	495	GCA.002796975.1.Bacteria.Proteobacteria	1237.1635	0.0	618.58175
los	495	GCA.002796975.1.Bacteria.Proteobacteria	1237.1635	0.0	618.58175
spe	510	492	1636.78	1312.7	1474.74
hgt	None	dead	0.0	0.0	0.0
los	492	GCF.900172325.1.Bacteria.Proteobacteria	1312.7	0.0	656.35
hgt	None	dead	0.0	0.0	0.0
los	None	dead	0.0	0.0	0.0
spe	513	483	1885.97	1836.685	1861.3275
spe	482	458	1750.105	1624.365	1687.235
los	482	458	1750.105	1624.365	1687.235
spe	481	480	1674.98	1549.46	1612.22
los	481	480	1674.98	1549.46	1612.22
spe	469	463	1543.27	1394.155	1468.7125
los	469	463	1543.27	1394.155	1468.7125
spe	468	467	1359.195	1181.4985	1270.34675
los	468	467	1359.195	1181.4985	1270.34675
spe	447	446	1643.315	1453.89	1548.6025
los	447	446	1643.315	1453.89	1548.6025
hgt	536	GCF.900111015.1.Bacteria.Proteobacteria	1675.53	0.0	837.765
spe	439	GCA.002723345.1.Bacteria.Proteobacteria	1422.265	0.0	711.1325
los	439	GCA.002723345.1.Bacteria.Proteobacteria	1422.265	0.0	711.1325
spe	514	513	1954.11	1885.97	1920.04
spe	513	512	1885.97	1775.885	1830.9275
hgt	512	486	1775.885	1397.735	1586.81
los	512	486	1775.885	1397.735	1586.81
hgt	None	dead	0.0	0.0	0.0
hgt	453	GCA.003280605.1.Bacteria.Proteobacteria	948.5585	0.0	474.27925
hgt	None	dead	0.0	0.0	0.0
los	None	dead	0.0	0.0	0.0
spe	874	873	1792.455	1600.675	1696.565
spe	873	871	1600.675	1358.76	1479.7175
hgt	None	dead	0.0	0.0	0.0
los	871	GCA.002899795.1.Bacteria.Desulfobacterota	1358.76	0.0	679.38
hgt	None	dead	0.0	0.0	0.0
los	None	dead	0.0	0.0	0.0
hgt	849	GCF.000266945.1.Bacteria.Desulfobacterota	1605.6	0.0	802.8
hgt	395	GCF.000487995.1.Bacteria.Deferribacterota	1504.32	0.0	752.16
hgt	None	dead	0.0	0.0	0.0
hgt	None	dead	0.0	0.0	0.0
los	None	dead	0.0	0.0	0.0
spe	511	489	1694.565	1316.195	1505.38
los	511	489	1694.565	1316.195	1505.38
spe	511	510	1694.565	1636.78	1665.6725
spe	509	495	1544.73	1237.1635	1390.94675
los	509	495	1544.73	1237.1635	1390.94675
spe	508	507	1436.825	1269.025	1352.925
los	508	507	1436.825	1269.025	1352.925
spe	498	GCF.000192575.1.Bacteria.Proteobacteria	1261.48	0.0	630.74
los	498	GCF.000192575.1.Bacteria.Proteobacteria	1261.48	0.0	630.74
spe	492	GCF.002798435.1.Bacteria.Proteobacteria	1312.7	0.0	656.35
los	492	GCF.002798435.1.Bacteria.Proteobacteria	1312.7	0.0	656.35
spe	483	482	1836.685	1750.105	1793.395
los	483	482	1836.685	1750.105	1793.395
spe	483	447	1836.685	1643.315	1740.0
spe	439	GCF.001613805.1.Bacteria.Proteobacteria	1422.265	0.0	711.1325
los	439	GCF.001613805.1.Bacteria.Proteobacteria	1422.265	0.0	711.1325
spe	446	GCA.002717185.1.Bacteria.Proteobacteria	1453.89	0.0	726.945
los	446	GCA.002717185.1.Bacteria.Proteobacteria	1453.89	0.0	726.945
spe	445	444	1339.17	1137.223	1238.1965
los	445	444	1339.17	1137.223	1238.1965
hgt	None	dead	0.0	0.0	0.0
los	None	dead	0.0	0.0	0.0
spe	509	508	1544.73	1436.825	1490.7775
spe	508	507	1436.825	1269.025	1352.925
spe	506	GCA.001464215.1.Bacteria.Proteobacteria	1217.64	0.0	608.82
los	506	GCA.001464215.1.Bacteria.Proteobacteria	1217.64	0.0	608.82
spe	507	503	1269.025	1116.0495	1192.53725
hgt	503	501	1116.0495	884.6055	1000.3275
los	503	501	1116.0495	884.6055	1000.3275
hgt	467	GCF.003258945.1.Bacteria.Proteobacteria	1181.4985	0.0	590.74925
spe	498	GCA.002731375.1.Bacteria.Proteobacteria	1261.48	0.0	630.74
los	498	GCA.002731375.1.Bacteria.Proteobacteria	1261.48	0.0	630.74
dup	498	GCF.000192575.1.Bacteria.Proteobacteria	1261.48	0.0	630.74
spe	648	562	2020.585	1844.995	1932.79
los	648	562	2020.585	1844.995	1932.79
spe	647	571	1948.805	1706.635	1827.72
los	647	571	1948.805	1706.635	1827.72
spe	646	645	1902.685	1840.255	1871.47
los	646	645	1902.685	1840.255	1871.47
spe	646	588	1902.685	1773.33	1838.0075
spe	576	GCA.002432655.1.Bacteria.Proteobacteria	1581.265	0.0	790.6325
los	576	GCA.002432655.1.Bacteria.Proteobacteria	1581.265	0.0	790.6325
spe	574	GCF.000374645.1.Bacteria.Proteobacteria	1330.6	0.0	665.3
los	574	GCF.000374645.1.Bacteria.Proteobacteria	1330.6	0.0	665.3
spe	587	586	1495.94	1375.33	1435.635
los	587	586	1495.94	1375.33	1435.635
spe	581	GCA.002868855.1.Bacteria.Proteobacteria	1344.875	0.0	672.4375
los	581	GCA.002868855.1.Bacteria.Proteobacteria	1344.875	0.0	672.4375
spe	579	GCA.003155415.1.Bacteria.Proteobacteria	1079.9275	0.0	539.96375
los	579	GCA.003155415.1.Bacteria.Proteobacteria	1079.9275	0.0	539.96375
spe	650	536	2175.61	1675.53	1925.57
hgt	None	dead	0.0	0.0	0.0
los	536	GCF.900111015.1.Bacteria.Proteobacteria	1675.53	0.0	837.765
hgt	None	dead	0.0	0.0	0.0
los	None	dead	0.0	0.0	0.0
spe	1047	1046	3589.185	3513.075	3551.13
spe	1045	921	3138.485	2815.65	2977.0675
los	1045	921	3138.485	2815.65	2977.0675
spe	1044	1043	2889.865	2806.545	2848.205
los	1044	1043	2889.865	2806.545	2848.205
spe	936	935	2638.5	1990.115	2314.3075
los	936	935	2638.5	1990.115	2314.3075
spe	926	924	2022.635	1568.375	1795.505
los	926	924	2022.635	1568.375	1795.505
hgt	None	dead	0.0	0.0	0.0
spe	902	390	3405.845	3029.745	3217.795
los	902	390	3405.845	3029.745	3217.795
hgt	None	dead	0.0	0.0	0.0
spe	902	901	3405.845	3300.53	3353.1875
spe	901	900	3300.53	3098.985	3199.7575
spe	900	716	3098.985	2659.235	2879.11
spe	715	675	2473.255	1949.475	2211.365
los	715	675	2473.255	1949.475	2211.365
spe	714	GCA.002731215.1.Bacteria.Acidobacteriota	2337.43	0.0	1168.715
los	714	GCA.002731215.1.Bacteria.Acidobacteriota	2337.43	0.0	1168.715
spe	713	712	2182.5	1951.73	2067.115
los	713	712	2182.5	1951.73	2067.115
spe	699	681	2048.45	1727.015	1887.7325
los	699	681	2048.45	1727.015	1887.7325
spe	698	686	1837.19	1587.93	1712.56
los	698	686	1837.19	1587.93	1712.56
spe	698	697	1837.19	1624.47	1730.83
hgt	724	GCA.001914955.1.Bacteria.Nitrospirota	1396.405	0.0	698.2025
spe	696	GCA.003224665.1.Bacteria.Acidobacteriota	1431.49	0.0	715.745
los	696	GCA.003224665.1.Bacteria.Acidobacteriota	1431.49	0.0	715.745
spe	696	695	1431.49	1326.405	1378.9475
hgt	695	GCA.003131705.1.Bacteria.Acidobacteriota	1326.405	0.0	663.2025
los	695	GCA.003131705.1.Bacteria.Acidobacteriota	1326.405	0.0	663.2025
spe	694	GCA.001767075.1.Bacteria.Acidobacteriota	1256.385	0.0	628.1925
los	694	GCA.001767075.1.Bacteria.Acidobacteriota	1256.385	0.0	628.1925
spe	692	GCA.003140235.1.Bacteria.Acidobacteriota	1113.508	0.0	556.754
los	692	GCA.003140235.1.Bacteria.Acidobacteriota	1113.508	0.0	556.754
spe	670	669	2196.425	1665.14	1930.7825
los	670	669	2196.425	1665.14	1930.7825
hgt	None	dead	0.0	0.0	0.0
hgt	None	dead	0.0	0.0	0.0
los	None	dead	0.0	0.0	0.0
hgt	None	dead	0.0	0.0	0.0
hgt	None	dead	0.0	0.0	0.0
dup	None	dead	0.0	0.0	0.0
hgt	None	dead	0.0	0.0	0.0
los	None	dead	0.0	0.0	0.0
hgt	826	825	1444.855	1134.553	1289.704
hgt	1173	GCA.001768675.1.Bacteria.Actinobacteriota	1376.77	0.0	688.385
hgt	None	dead	0.0	0.0	0.0
los	None	dead	0.0	0.0	0.0
spe	826	825	1444.855	1134.553	1289.704
spe	900	899	3098.985	2936.525	3017.755
spe	898	756	2864.305	2320.99	2592.6475
los	898	756	2864.305	2320.99	2592.6475
spe	897	896	2785.14	2307.21	2546.175
los	897	896	2785.14	2307.21	2546.175
spe	897	889	2785.14	2616.235	2700.6875
hgt	None	dead	0.0	0.0	0.0
hgt	None	dead	0.0	0.0	0.0
los	None	dead	0.0	0.0	0.0
spe	843	783	2520.86	2397.91	2459.385
los	843	783	2520.86	2397.91	2459.385
spe	843	842	2520.86	2419.635	2470.2475
spe	798	786	2124.995	1632.64	1878.8175
los	798	786	2124.995	1632.64	1878.8175
spe	797	796	1832.825	1652.795	1742.81
los	797	796	1832.825	1652.795	1742.81
spe	841	801	2325.31	1810.17	2067.74
los	841	801	2325.31	1810.17	2067.74
spe	840	804	2147.98	1824.305	1986.1425
los	840	804	2147.98	1824.305	1986.1425
spe	839	838	2054.51	1822.44	1938.475
los	839	838	2054.51	1822.44	1938.475
spe	829	828	2001.85	1750.53	1876.19
los	829	828	2001.85	1750.53	1876.19
spe	817	813	1835.155	1676.35	1755.7525
los	817	813	1835.155	1676.35	1755.7525
spe	816	GCA.002707085.1.Bacteria.Myxococcota.A	1328.145	0.0	664.0725
los	816	GCA.002707085.1.Bacteria.Myxococcota.A	1328.145	0.0	664.0725
hgt	None	dead	0.0	0.0	0.0
spe	888	887	2336.71	2137.8	2237.255
los	888	887	2336.71	2137.8	2237.255
spe	854	853	2075.68	1743.175	1909.4275
los	854	853	2075.68	1743.175	1909.4275
spe	850	846	2017.715	1673.82	1845.7675
los	850	846	2017.715	1673.82	1845.7675
hgt	None	dead	0.0	0.0	0.0
spe	849	GCF.000266945.1.Bacteria.Desulfobacterota	1605.6	0.0	802.8
los	849	GCF.000266945.1.Bacteria.Desulfobacterota	1605.6	0.0	802.8
hgt	None	dead	0.0	0.0	0.0
los	None	dead	0.0	0.0	0.0
dup	None	dead	0.0	0.0	0.0
hgt	None	dead	0.0	0.0	0.0
los	None	dead	0.0	0.0	0.0
hgt	1388	1387	2495.045	2426.135	2460.59
hgt	None	dead	0.0	0.0	0.0
los	None	dead	0.0	0.0	0.0
hgt	None	dead	0.0	0.0	0.0
hgt	None	dead	0.0	0.0	0.0
los	None	dead	0.0	0.0	0.0
spe	1388	1387	2495.045	2426.135	2460.59
spe	1387	1327	2426.135	2263.0	2344.5675
spe	1326	1292	2039.05	1516.66	1777.855
los	1326	1292	2039.05	1516.66	1777.855
spe	1325	1297	1862.485	1576.575	1719.53
los	1325	1297	1862.485	1576.575	1719.53
spe	1324	1308	1779.53	1606.55	1693.04
los	1324	1308	1779.53	1606.55	1693.04
spe	1323	1322	1708.06	1384.555	1546.3075
los	1323	1322	1708.06	1384.555	1546.3075
spe	1319	1318	1607.725	1519.645	1563.685
los	1319	1318	1607.725	1519.645	1563.685
spe	1289	GCA.002345475.1.Bacteria.Firmicutes.H	1989.36	0.0	994.68
los	1289	GCA.002345475.1.Bacteria.Firmicutes.H	1989.36	0.0	994.68
hgt	1645	GCF.000212395.1.Bacteria.Thermodesulfobiota	2606.885	0.0	1303.4425
spe	1288	GCA.002411145.1.Bacteria.Firmicutes.C	1620.075	0.0	810.0375
los	1288	GCA.002411145.1.Bacteria.Firmicutes.C	1620.075	0.0	810.0375
spe	1288	1287	1620.075	1424.27	1522.1725
spe	1285	1284	1338.6	1065.8455	1202.22275
los	1285	1284	1338.6	1065.8455	1202.22275
spe	1285	1281	1338.6	1109.4215	1224.01075
spe	1281	1280	1109.4215	950.2895	1029.8555
spe	1386	1330	2312.805	1602.185	1957.495
los	1386	1330	2312.805	1602.185	1957.495
spe	1385	1333	2240.33	1678.19	1959.26
los	1385	1333	2240.33	1678.19	1959.26
spe	1385	1384	2240.33	2049.01	2144.67
hgt	None	dead	0.0	0.0	0.0
hgt	None	dead	0.0	0.0	0.0
los	None	dead	0.0	0.0	0.0
hgt	1273	1272	2085.065	1953.09	2019.0775
spe	1338	1337	1549.595	1365.895	1457.745
los	1338	1337	1549.595	1365.895	1457.745
spe	1273	1272	2085.065	1953.09	2019.0775
spe	1246	GCF.000213255.1.Bacteria.Firmicutes.A	1576.985	0.0	788.4925
los	1246	GCF.000213255.1.Bacteria.Firmicutes.A	1576.985	0.0	788.4925
spe	1245	GCF.900129115.1.Bacteria.Firmicutes.A	1401.9	0.0	700.95
los	1245	GCF.900129115.1.Bacteria.Firmicutes.A	1401.9	0.0	700.95
spe	1271	1270	1755.96	1598.315	1677.1375
los	1271	1270	1755.96	1598.315	1677.1375
spe	1271	1259	1755.96	1686.58	1721.27
spe	1253	GCF.900142265.1.Bacteria.Firmicutes.A	1548.89	0.0	774.445
los	1253	GCF.900142265.1.Bacteria.Firmicutes.A	1548.89	0.0	774.445
spe	1252	GCF.900107485.1.Bacteria.Firmicutes.A	1387.715	0.0	693.8575
los	1252	GCF.900107485.1.Bacteria.Firmicutes.A	1387.715	0.0	693.8575
spe	1251	GCA.002478485.1.Bacteria.Firmicutes.A	1206.9915	0.0	603.49575
los	1251	GCA.002478485.1.Bacteria.Firmicutes.A	1206.9915	0.0	603.49575
spe	1259	1258	1686.58	1451.145	1568.8625
hgt	None	dead	0.0	0.0	0.0
los	1258	1257	1451.145	1285.645	1368.395
hgt	None	dead	0.0	0.0	0.0
los	None	dead	0.0	0.0	0.0
hgt	1297	GCA.002329495.1.Bacteria.Firmicutes.B	1576.575	0.0	788.2875
spe	1384	1383	2049.01	1971.49	2010.25
spe	1341	GCF.001311905.1.Bacteria.Firmicutes	1523.81	0.0	761.905
los	1341	GCF.001311905.1.Bacteria.Firmicutes	1523.81	0.0	761.905
spe	1382	1344	1907.445	1520.89	1714.1675
los	1382	1344	1907.445	1520.89	1714.1675
spe	1381	1351	1843.345	1688.26	1765.8025
los	1381	1351	1843.345	1688.26	1765.8025
dup	1381	1380	1843.345	1785.675	1814.51
spe	1380	GCF.001049895.1.Bacteria.Firmicutes	1785.675	0.0	892.8375
los	1380	GCF.001049895.1.Bacteria.Firmicutes	1785.675	0.0	892.8375
spe	1379	1378	1743.235	1618.42	1680.8275
los	1379	1378	1743.235	1618.42	1680.8275
spe	1355	GCF.000503775.1.Bacteria.Firmicutes	1426.77	0.0	713.385
los	1355	GCF.000503775.1.Bacteria.Firmicutes	1426.77	0.0	713.385
spe	1381	1380	1843.345	1785.675	1814.51
spe	1379	1378	1743.235	1618.42	1680.8275
los	1379	1378	1743.235	1618.42	1680.8275
spe	1355	GCF.004522215.1.Bacteria.Firmicutes	1426.77	0.0	713.385
los	1355	GCF.004522215.1.Bacteria.Firmicutes	1426.77	0.0	713.385
spe	899	743	2936.525	2681.09	2808.8075
spe	743	742	2681.09	2393.59	2537.34
hgt	None	dead	0.0	0.0	0.0
dup	None	dead	0.0	0.0	0.0
hgt	1469	GCA.001898225.1.Bacteria.Chloroflexota	1574.225	0.0	787.1125
hgt	None	dead	0.0	0.0	0.0
los	None	dead	0.0	0.0	0.0
hgt	746	GCF.900079095.1.Bacteria.Tectomicrobia	1667.435	0.0	833.7175
hgt	1325	1324	1862.485	1779.53	1821.0075
hgt	None	dead	0.0	0.0	0.0
los	None	dead	0.0	0.0	0.0
hgt	None	dead	0.0	0.0	0.0
hgt	None	dead	0.0	0.0	0.0
los	None	dead	0.0	0.0	0.0
spe	695	694	1326.405	1256.385	1291.395
spe	692	GCA.003140235.1.Bacteria.Acidobacteriota	1113.508	0.0	556.754
los	692	GCA.003140235.1.Bacteria.Acidobacteriota	1113.508	0.0	556.754
dup	1325	1324	1862.485	1779.53	1821.0075
spe	1324	1323	1779.53	1708.06	1743.795
los	1324	1323	1779.53	1708.06	1743.795
spe	1308	1300	1606.55	1333.34	1469.945
los	1308	1300	1606.55	1333.34	1469.945
spe	1307	1305	1451.1	1336.995	1394.0475
los	1307	1305	1451.1	1336.995	1394.0475
hgt	None	dead	0.0	0.0	0.0
hgt	None	dead	0.0	0.0	0.0
los	None	dead	0.0	0.0	0.0
spe	1325	1324	1862.485	1779.53	1821.0075
spe	1308	1307	1606.55	1451.1	1528.825
los	1308	1307	1606.55	1451.1	1528.825
spe	1300	GCA.002418765.1.Bacteria.Firmicutes.B	1333.34	0.0	666.67
los	1300	GCA.002418765.1.Bacteria.Firmicutes.B	1333.34	0.0	666.67
hgt	None	dead	0.0	0.0	0.0
hgt	1381	1351	1843.345	1688.26	1765.8025
hgt	383	GCA.001829315.1.Bacteria.Spirochaetota	1799.86	0.0	899.93
hgt	None	dead	0.0	0.0	0.0
los	None	dead	0.0	0.0	0.0
spe	1381	1351	1843.345	1688.26	1765.8025
spe	1347	GCF.900099895.1.Bacteria.Firmicutes	1373.121	0.0	686.5605
los	1347	GCF.900099895.1.Bacteria.Firmicutes	1373.121	0.0	686.5605
spe	1350	GCF.000942395.1.Bacteria.Firmicutes	1481.1	0.0	740.55
los	1350	GCF.000942395.1.Bacteria.Firmicutes	1481.1	0.0	740.55
hgt	None	dead	0.0	0.0	0.0
hgt	370	GCF.000092845.1.Bacteria.Spirochaetota	1820.805	0.0	910.4025
hgt	None	dead	0.0	0.0	0.0
los	None	dead	0.0	0.0	0.0
spe	1259	1253	1686.58	1548.89	1617.735
spe	1252	GCF.900107485.1.Bacteria.Firmicutes.A	1387.715	0.0	693.8575
los	1252	GCF.900107485.1.Bacteria.Firmicutes.A	1387.715	0.0	693.8575
spe	1251	GCA.900066305.1.Bacteria.Firmicutes.A	1206.9915	0.0	603.49575
los	1251	GCA.900066305.1.Bacteria.Firmicutes.A	1206.9915	0.0	603.49575
spe	1323	1322	1708.06	1384.555	1546.3075
los	1323	1322	1708.06	1384.555	1546.3075
hgt	None	dead	0.0	0.0	0.0
hgt	None	dead	0.0	0.0	0.0
los	None	dead	0.0	0.0	0.0
hgt	None	dead	0.0	0.0	0.0
hgt	None	dead	0.0	0.0	0.0
los	None	dead	0.0	0.0	0.0
spe	1323	1319	1708.06	1607.725	1657.8925
spe	1318	1317	1519.645	1148.381	1334.013
los	1318	1317	1519.645	1148.381	1334.013
spe	1312	GCF.002607855.1.Bacteria.Firmicutes.B	1284.875	0.0	642.4375
los	1312	GCF.002607855.1.Bacteria.Firmicutes.B	1284.875	0.0	642.4375
hgt	1688	GCF.000353285.1.Bacteria.Cyanobacteria	1436.775	0.0	718.3875
spe	742	741	2393.59	1693.345	2043.4675
hgt	741	GCA.001771285.1.Bacteria.Methylomirabilota	1693.345	0.0	846.6725
los	741	GCA.001771285.1.Bacteria.Methylomirabilota	1693.345	0.0	846.6725
hgt	1720	GCF.000484535.1.Bacteria.Cyanobacteria	2510.455	0.0	1255.2275
spe	742	738	2393.59	2076.07	2234.83
spe	738	737	2076.07	1863.46	1969.765
spe	737	733	1863.46	1467.515	1665.4875
hgt	733	732	1467.515	1232.2775	1349.89625
los	733	732	1467.515	1232.2775	1349.89625
hgt	None	dead	0.0	0.0	0.0
los	737	736	1863.46	1526.965	1695.2125
hgt	1651	GCA.003242895.1.Bacteria.Margulisbacteria	1776.02	0.0	888.01
hgt	None	dead	0.0	0.0	0.0
los	None	dead	0.0	0.0	0.0
spe	738	728	2076.07	1746.94	1911.505
spe	728	727	1746.94	1484.11	1615.525
hgt	727	GCA.001803815.1.Bacteria.Nitrospirota	1484.11	0.0	742.055
los	727	GCA.001803815.1.Bacteria.Nitrospirota	1484.11	0.0	742.055
hgt	853	GCA.001797415.1.Bacteria.Desulfobacterota	1743.175	0.0	871.5875
hgt	728	724	1746.94	1396.405	1571.6725
los	728	724	1746.94	1396.405	1571.6725
hgt	1462	GCA.002436065.1.Bacteria.Chloroflexota	1858.705	0.0	929.3525
spe	1237	1221	2011.28	1546.995	1779.1375
hgt	1240	GCA.002376045.1.Bacteria.Firmicutes.A	1697.815	0.0	848.9075
hgt	1305	GCF.002207765.1.Bacteria.Firmicutes.B	1336.995	0.0	668.4975
hgt	None	dead	0.0	0.0	0.0
hgt	None	dead	0.0	0.0	0.0
hgt	None	dead	0.0	0.0	0.0
los	None	dead	0.0	0.0	0.0
hgt	389	388	2648.15	2422.78	2535.465
spe	721	GCA.003230535.1.Bacteria.SZUA.182	2277.575	0.0	1138.7875
los	721	GCA.003230535.1.Bacteria.SZUA.182	2277.575	0.0	1138.7875
spe	721	720	2277.575	1930.555	2104.065
hgt	None	dead	0.0	0.0	0.0
los	720	GCA.001775255.1.Bacteria.Desulfobacterota.D	1930.555	0.0	965.2775
hgt	None	dead	0.0	0.0	0.0
los	None	dead	0.0	0.0	0.0
spe	1078	1076	1701.455	1235.659	1468.557
spe	389	388	2648.15	2422.78	2535.465
spe	376	374	1994.345	1504.65	1749.4975
los	376	374	1994.345	1504.65	1749.4975
spe	388	387	2422.78	2192.38	2307.58
spe	387	386	2192.38	1753.72	1973.05
hgt	None	dead	0.0	0.0	0.0
los	386	GCA.002450905.1.Bacteria.Spirochaetota	1753.72	0.0	876.86
hgt	None	dead	0.0	0.0	0.0
los	None	dead	0.0	0.0	0.0
spe	387	383	2192.38	1799.86	1996.12
hgt	383	381	1799.86	1432.255	1616.0575
los	383	381	1799.86	1432.255	1616.0575
spe	660	659	2386.55	1329.6085	1858.07925
hgt	None	dead	0.0	0.0	0.0
hgt	941	GCA.003477045.1.Bacteria.Delongbacteria	2102.37	0.0	1051.185
hgt	932	GCA.002414805.1.Bacteria.Fibrobacterota	1559.44	0.0	779.72
hgt	None	dead	0.0	0.0	0.0
los	None	dead	0.0	0.0	0.0
hgt	396	GCF.000177635.2.Bacteria.Chrysiogenota	2315.495	0.0	1157.7475
hgt	None	dead	0.0	0.0	0.0
los	None	dead	0.0	0.0	0.0
spe	647	646	1948.805	1902.685	1925.745
spe	588	587	1773.33	1495.94	1634.635
los	588	587	1773.33	1495.94	1634.635
hgt	1667	GCA.002783405.1.Bacteria.Cyanobacteria	2112.65	0.0	1056.325
spe	576	574	1581.265	1330.6	1455.9325
los	576	574	1581.265	1330.6	1455.9325
spe	645	644	1840.255	1647.11	1743.6825
los	645	644	1840.255	1647.11	1743.6825
spe	631	630	1777.47	1673.23	1725.35
los	631	630	1777.47	1673.23	1725.35
spe	603	GCA.002085445.1.Bacteria.Proteobacteria	1696.92	0.0	848.46
los	603	GCA.002085445.1.Bacteria.Proteobacteria	1696.92	0.0	848.46
spe	603	602	1696.92	1612.41	1654.665
spe	602	592	1612.41	1273.215	1442.8125
hgt	None	dead	0.0	0.0	0.0
los	592	GCF.000024725.1.Bacteria.Proteobacteria	1273.215	0.0	636.6075
hgt	None	dead	0.0	0.0	0.0
los	None	dead	0.0	0.0	0.0
spe	602	601	1612.41	1475.48	1543.945
spe	601	595	1475.48	1266.66	1371.07
hgt	595	GCA.002454015.1.Bacteria.Proteobacteria	1266.66	0.0	633.33
los	595	GCA.002454015.1.Bacteria.Proteobacteria	1266.66	0.0	633.33
hgt	456	GCF.002148795.1.Bacteria.Proteobacteria	1476.57	0.0	738.285
hgt	None	dead	0.0	0.0	0.0
los	601	600	1475.48	1276.255	1375.8675
hgt	529	GCA.002420425.1.Bacteria.Proteobacteria	1606.235	0.0	803.1175
hgt	None	dead	0.0	0.0	0.0
los	None	dead	0.0	0.0	0.0
hgt	1169	1168	2113.35	2012.51	2062.93
hgt	None	dead	0.0	0.0	0.0
los	None	dead	0.0	0.0	0.0
spe	1308	1300	1606.55	1333.34	1469.945
hgt	None	dead	0.0	0.0	0.0
hgt	1235	GCA.002376005.1.Bacteria.Firmicutes.E	1667.965	0.0	833.9825
hgt	741	GCA.003220615.1.Bacteria.Methylomirabilota	1693.345	0.0	846.6725
hgt	1462	GCA.002436065.1.Bacteria.Chloroflexota	1858.705	0.0	929.3525
hgt	1203	GCA.002399265.1.Bacteria.Firmicutes.G	1335.97	0.0	667.985
hgt	674	GCA.002298155.1.Bacteria.Acidobacteriota	1626.005	0.0	813.0025
hgt	706	GCA.002327305.1.Bacteria.Acidobacteriota	1682.815	0.0	841.4075
hgt	801	GCA.002328485.1.Bacteria.Desulfobacterota.G	1810.17	0.0	905.085
hgt	595	GCA.002454015.1.Bacteria.Proteobacteria	1266.66	0.0	633.33
hgt	807	GCA.002841945.1.Bacteria.Myxococcota	1389.97	0.0	694.985
hgt	778	GCA.002321895.1.Bacteria.Bdellovibrionota	1459.395	0.0	729.6975
hgt	None	dead	0.0	0.0	0.0
los	None	dead	0.0	0.0	0.0
hgt	825	GCA.002344285.1.Bacteria.Myxococcota	1134.553	0.0	567.2765
spe	1169	1168	2113.35	2012.51	2062.93
spe	1168	1148	2012.51	1487.92	1750.215
hgt	1148	GCA.003021615.1.Bacteria.Actinobacteriota	1487.92	0.0	743.96
los	1148	GCA.003021615.1.Bacteria.Actinobacteriota	1487.92	0.0	743.96
hgt	1098	GCA.003244105.1.Bacteria.Eremiobacterota	1440.925	0.0	720.4625
hgt	935	GCA.001789205.1.Bacteria.Fibrobacterota	1990.115	0.0	995.0575
spe	1168	1167	2012.51	1838.915	1925.7125
hgt	None	dead	0.0	0.0	0.0
hgt	None	dead	0.0	0.0	0.0
dup	None	dead	0.0	0.0	0.0
hgt	None	dead	0.0	0.0	0.0
los	None	dead	0.0	0.0	0.0
dup	1355	GCF.004522215.1.Bacteria.Firmicutes	1426.77	0.0	713.385
hgt	817	813	1835.155	1676.35	1755.7525
hgt	None	dead	0.0	0.0	0.0
los	None	dead	0.0	0.0	0.0
spe	1178	1177	1434.165	1221.364	1327.7645
hgt	None	dead	0.0	0.0	0.0
hgt	None	dead	0.0	0.0	0.0
los	None	dead	0.0	0.0	0.0
spe	817	813	1835.155	1676.35	1755.7525
spe	807	GCA.002841945.1.Bacteria.Myxococcota	1389.97	0.0	694.985
los	807	GCA.002841945.1.Bacteria.Myxococcota	1389.97	0.0	694.985
spe	813	812	1676.35	1516.905	1596.6275
dup	812	811	1516.905	1313.225	1415.065
spe	812	811	1516.905	1313.225	1415.065
hgt	None	dead	0.0	0.0	0.0
los	811	GCA.002728755.1.Bacteria.Myxococcota	1313.225	0.0	656.6125
hgt	None	dead	0.0	0.0	0.0
los	None	dead	0.0	0.0	0.0
hgt	352	GCA.002167285.1.Bacteria.Planctomycetota	1705.385	0.0	852.6925
hgt	834	832	1729.09	1444.88	1586.985
spe	811	GCA.002726535.1.Bacteria.Myxococcota	1313.225	0.0	656.6125
los	811	GCA.002726535.1.Bacteria.Myxococcota	1313.225	0.0	656.6125
spe	834	832	1729.09	1444.88	1586.985
hgt	804	GCA.002731275.1.Bacteria.Myxococcota	1824.305	0.0	912.1525
hgt	773	GCA.002342225.1.Bacteria.Bdellovibrionota	1542.205	0.0	771.1025
hgt	87	GCA.002256595.1.Archaea.Halobacteriota	1542.125	0.0	771.0625
hgt	1020	GCA.001780165.1.Bacteria.Eisenbacteria	1410.39	0.0	705.195
hgt	None	dead	0.0	0.0	0.0
los	None	dead	0.0	0.0	0.0
hgt	239	GCA.003158755.1.Bacteria.Elusimicrobiota	1336.82	0.0	668.41
dup	1167	1166	1838.915	1480.79	1659.8525
dup	1167	1166	1838.915	1480.79	1659.8525
hgt	None	dead	0.0	0.0	0.0
spe	1167	1166	1838.915	1480.79	1659.8525
spe	1166	1165	1480.79	1370.47	1425.63
spe	1164	1160	1261.825	1110.64	1186.2325
los	1164	1160	1261.825	1110.64	1186.2325
spe	1163	GCA.001437855.1.Bacteria.Actinobacteriota	1087.464	0.0	543.732
los	1163	GCA.001437855.1.Bacteria.Actinobacteriota	1087.464	0.0	543.732
spe	1155	1154	1276.115	976.5785	1126.34675
los	1155	1154	1276.115	976.5785	1126.34675
hgt	1169	1145	2113.35	1788.28	1950.815
hgt	791	GCA.002050235.1.Bacteria.Desulfobacterota.B	1228.3465	0.0	614.17325
hgt	None	dead	0.0	0.0	0.0
los	None	dead	0.0	0.0	0.0
hgt	1178	GCA.002347645.1.Bacteria.Actinobacteriota	1434.165	0.0	717.0825
spe	1169	1145	2113.35	1788.28	1950.815
spe	1143	GCA.002352645.1.Bacteria.Actinobacteriota	1606.47	0.0	803.235
los	1143	GCA.002352645.1.Bacteria.Actinobacteriota	1606.47	0.0	803.235
spe	1143	1141	1606.47	1323.465	1464.9675
spe	1140	GCA.003162395.1.Bacteria.Actinobacteriota	1082.515	0.0	541.2575
los	1140	GCA.003162395.1.Bacteria.Actinobacteriota	1082.515	0.0	541.2575
spe	1166	GCF.004348535.1.Bacteria.Actinobacteriota	1480.79	0.0	740.395
los	1166	GCF.004348535.1.Bacteria.Actinobacteriota	1480.79	0.0	740.395
spe	1165	1155	1370.47	1276.115	1323.2925
los	1165	1155	1370.47	1276.115	1323.2925
spe	1164	1163	1261.825	1087.464	1174.6445
los	1164	1163	1261.825	1087.464	1174.6445
spe	1164	1160	1261.825	1110.64	1186.2325
spe	1158	GCF.001942305.1.Bacteria.Actinobacteriota	987.523	0.0	493.7615
los	1158	GCF.001942305.1.Bacteria.Actinobacteriota	987.523	0.0	493.7615
hgt	None	dead	0.0	0.0	0.0
hgt	821	GCF.000737335.2.Bacteria.Proteobacteria	1377.535	0.0	688.7675
hgt	None	dead	0.0	0.0	0.0
los	None	dead	0.0	0.0	0.0
spe	1166	GCF.004348535.1.Bacteria.Actinobacteriota	1480.79	0.0	740.395
los	1166	GCF.004348535.1.Bacteria.Actinobacteriota	1480.79	0.0	740.395
spe	1166	1165	1480.79	1370.47	1425.63
spe	1155	GCF.003443735.1.Bacteria.Actinobacteriota	1276.115	0.0	638.0575
los	1155	GCF.003443735.1.Bacteria.Actinobacteriota	1276.115	0.0	638.0575
spe	1154	GCF.003047285.1.Bacteria.Actinobacteriota	976.5785	0.0	488.28925
los	1154	GCF.003047285.1.Bacteria.Actinobacteriota	976.5785	0.0	488.28925
spe	1164	1163	1261.825	1087.464	1174.6445
los	1164	1163	1261.825	1087.464	1174.6445
spe	1160	GCF.000015025.1.Bacteria.Actinobacteriota	1110.64	0.0	555.32
los	1160	GCF.000015025.1.Bacteria.Actinobacteriota	1110.64	0.0	555.32
spe	1158	GCF.900106035.1.Bacteria.Actinobacteriota	987.523	0.0	493.7615
los	1158	GCF.900106035.1.Bacteria.Actinobacteriota	987.523	0.0	493.7615
spe	663	662	3210.05	3126.015	3168.0325
los	663	662	3210.05	3126.015	3168.0325
hgt	None	dead	0.0	0.0	0.0
spe	397	396	2713.19	2315.495	2514.3425
los	397	396	2713.19	2315.495	2514.3425
hgt	None	dead	0.0	0.0	0.0
los	None	dead	0.0	0.0	0.0
spe	1427	1413	2216.53	1968.2	2092.365
spe	1399	GCA.002708145.1.Bacteria.Chloroflexota	1604.38	0.0	802.19
los	1399	GCA.002708145.1.Bacteria.Chloroflexota	1604.38	0.0	802.19
spe	1412	1411	1749.925	1413.835	1581.88
los	1412	1411	1749.925	1413.835	1581.88
spe	1412	1408	1749.925	1662.42	1706.1725
spe	1407	GCA.002717565.1.Bacteria.Chloroflexota	1546.495	0.0	773.2475
los	1407	GCA.002717565.1.Bacteria.Chloroflexota	1546.495	0.0	773.2475
spe	1406	GCA.002717925.1.Bacteria.Chloroflexota	1411.15	0.0	705.575
los	1406	GCA.002717925.1.Bacteria.Chloroflexota	1411.15	0.0	705.575
spe	1402	GCA.002721445.1.Bacteria.Chloroflexota	1501.935	0.0	750.9675
los	1402	GCA.002721445.1.Bacteria.Chloroflexota	1501.935	0.0	750.9675
hgt	709	GCA.003223995.1.Bacteria.Acidobacteriota	1397.765	0.0	698.8825
hgt	686	GCA.002451015.1.Bacteria.Acidobacteriota	1587.93	0.0	793.965
hgt	600	GCA.002007425.1.Bacteria.Proteobacteria	1276.255	0.0	638.1275
hgt	None	dead	0.0	0.0	0.0
los	None	dead	0.0	0.0	0.0
hgt	714	713	2337.43	2182.5	2259.965
hgt	1412	1408	1749.925	1662.42	1706.1725
hgt	846	GCF.001611275.1.Bacteria.Desulfobacterota	1673.82	0.0	836.91
hgt	None	dead	0.0	0.0	0.0
los	None	dead	0.0	0.0	0.0
hgt	None	dead	0.0	0.0	0.0
hgt	None	dead	0.0	0.0	0.0
los	None	dead	0.0	0.0	0.0
spe	1412	1408	1749.925	1662.42	1706.1725
spe	1407	1406	1546.495	1411.15	1478.8225
los	1407	1406	1546.495	1411.15	1478.8225
spe	1402	GCA.003228115.1.Bacteria.Chloroflexota	1501.935	0.0	750.9675
los	1402	GCA.003228115.1.Bacteria.Chloroflexota	1501.935	0.0	750.9675
spe	714	713	2337.43	2182.5	2259.965
spe	699	698	2048.45	1837.19	1942.82
los	699	698	2048.45	1837.19	1942.82
spe	681	680	1727.015	1516.145	1621.58
los	681	680	1727.015	1516.145	1621.58
spe	713	712	2182.5	1951.73	2067.115
spe	711	GCA.001664505.1.Bacteria.Acidobacteriota	1691.09	0.0	845.545
los	711	GCA.001664505.1.Bacteria.Acidobacteriota	1691.09	0.0	845.545
spe	709	GCA.003223995.1.Bacteria.Acidobacteriota	1397.765	0.0	698.8825
los	709	GCA.003223995.1.Bacteria.Acidobacteriota	1397.765	0.0	698.8825
spe	706	GCA.002327305.1.Bacteria.Acidobacteriota	1682.815	0.0	841.4075
los	706	GCA.002327305.1.Bacteria.Acidobacteriota	1682.815	0.0	841.4075
spe	706	704	1682.815	1483.83	1583.3225
spe	704	702	1483.83	1226.544	1355.187
hgt	832	GCA.002721815.1.Bacteria.Myxococcota	1444.88	0.0	722.44
hgt	796	GCA.002238415.1.Bacteria.Desulfobacterota.B	1652.795	0.0	826.3975
hgt	704	GCA.003133645.1.Bacteria.Acidobacteriota	1483.83	0.0	741.915
los	704	GCA.003133645.1.Bacteria.Acidobacteriota	1483.83	0.0	741.915
