event	left_node	right_node	left_date	right_date	midpoint_date
spe	519	518	2611.035	2442.195	2526.615
spe	518	517	2442.195	2290.125	2366.16
dup	517	516	2290.125	2206.765	2248.445
spe	516	515	2206.765	2084.22	2145.4925
los	516	515	2206.765	2084.22	2145.4925
spe	428	GCA.002787615.1.Bacteria.Proteobacteria	2086.245	0.0	1043.1225
los	428	GCA.002787615.1.Bacteria.Proteobacteria	2086.245	0.0	1043.1225
spe	428	427	2086.245	1955.25	2020.7475
hgt	480	479	1549.46	1429.46	1489.46
spe	480	479	1549.46	1429.46	1489.46
spe	479	473	1429.46	1176.189	1302.8245
spe	479	478	1429.46	1319.91	1374.685
spe	478	477	1319.91	1066.3815	1193.14575
hgt	None	dead	0.0	0.0	0.0
hgt	None	dead	0.0	0.0	0.0
los	None	dead	0.0	0.0	0.0
spe	427	426	1955.25	1879.245	1917.2475
spe	425	424	1774.335	1584.245	1679.29
los	425	424	1774.335	1584.245	1679.29
spe	421	420	1575.235	1457.61	1516.4225
los	421	420	1575.235	1457.61	1516.4225
spe	426	416	1879.245	1555.63	1717.4375
spe	416	415	1555.63	1297.065	1426.3475
spe	517	516	2290.125	2206.765	2248.445
spe	428	427	2086.245	1955.25	2020.7475
los	428	427	2086.245	1955.25	2020.7475
spe	516	515	2206.765	2084.22	2145.4925
dup	515	514	2084.22	1954.11	2019.165
spe	515	514	2084.22	1954.11	2019.165
spe	436	GCA.002722885.1.Bacteria.Proteobacteria	1751.05	0.0	875.525
los	436	GCA.002722885.1.Bacteria.Proteobacteria	1751.05	0.0	875.525
spe	435	GCA.006969625.1.Bacteria.Proteobacteria	1536.91	0.0	768.455
los	435	GCA.006969625.1.Bacteria.Proteobacteria	1536.91	0.0	768.455
spe	434	GCA.002898275.1.Bacteria.Proteobacteria	1353.935	0.0	676.9675
los	434	GCA.002898275.1.Bacteria.Proteobacteria	1353.935	0.0	676.9675
spe	513	512	1885.97	1775.885	1830.9275
los	513	512	1885.97	1775.885	1830.9275
spe	513	483	1885.97	1836.685	1861.3275
spe	482	458	1750.105	1624.365	1687.235
los	482	458	1750.105	1624.365	1687.235
spe	481	480	1674.98	1549.46	1612.22
los	481	480	1674.98	1549.46	1612.22
spe	481	469	1674.98	1543.27	1609.125
spe	468	GCF.900167455.1.Bacteria.Proteobacteria	1359.195	0.0	679.5975
los	468	GCF.900167455.1.Bacteria.Proteobacteria	1359.195	0.0	679.5975
spe	467	GCA.002291925.1.Bacteria.Proteobacteria	1181.4985	0.0	590.74925
los	467	GCA.002291925.1.Bacteria.Proteobacteria	1181.4985	0.0	590.74925
spe	469	463	1543.27	1394.155	1468.7125
spe	463	462	1394.155	1117.2015	1255.67825
spe	447	439	1643.315	1422.265	1532.79
los	447	439	1643.315	1422.265	1532.79
spe	447	446	1643.315	1453.89	1548.6025
spe	446	445	1453.89	1339.17	1396.53
spe	444	GCA.002686135.1.Bacteria.Proteobacteria	1137.223	0.0	568.6115
los	444	GCA.002686135.1.Bacteria.Proteobacteria	1137.223	0.0	568.6115
hgt	445	GCA.002717225.1.Bacteria.Proteobacteria	1339.17	0.0	669.585
los	445	GCA.002717225.1.Bacteria.Proteobacteria	1339.17	0.0	669.585
dup	515	514	2084.22	1954.11	2019.165
dup	515	514	2084.22	1954.11	2019.165
spe	515	514	2084.22	1954.11	2019.165
spe	436	GCA.002722885.1.Bacteria.Proteobacteria	1751.05	0.0	875.525
los	436	GCA.002722885.1.Bacteria.Proteobacteria	1751.05	0.0	875.525
spe	435	434	1536.91	1353.935	1445.4225
los	435	434	1536.91	1353.935	1445.4225
spe	513	512	1885.97	1775.885	1830.9275
los	513	512	1885.97	1775.885	1830.9275
spe	483	447	1836.685	1643.315	1740.0
los	483	447	1836.685	1643.315	1740.0
spe	483	482	1836.685	1750.105	1793.395
spe	481	480	1674.98	1549.46	1612.22
los	481	480	1674.98	1549.46	1612.22
spe	469	463	1543.27	1394.155	1468.7125
los	469	463	1543.27	1394.155	1468.7125
spe	468	467	1359.195	1181.4985	1270.34675
los	468	467	1359.195	1181.4985	1270.34675
spe	458	456	1624.365	1476.57	1550.4675
los	458	456	1624.365	1476.57	1550.4675
spe	514	436	1954.11	1751.05	1852.58
los	514	436	1954.11	1751.05	1852.58
spe	514	513	1954.11	1885.97	1920.04
spe	513	483	1885.97	1836.685	1861.3275
spe	447	446	1643.315	1453.89	1548.6025
los	447	446	1643.315	1453.89	1548.6025
spe	439	GCA.002723345.1.Bacteria.Proteobacteria	1422.265	0.0	711.1325
los	439	GCA.002723345.1.Bacteria.Proteobacteria	1422.265	0.0	711.1325
spe	482	481	1750.105	1674.98	1712.5425
los	482	481	1750.105	1674.98	1712.5425
spe	458	GCA.002340345.1.Bacteria.Proteobacteria	1624.365	0.0	812.1825
los	458	GCA.002340345.1.Bacteria.Proteobacteria	1624.365	0.0	812.1825
spe	458	456	1624.365	1476.57	1550.4675
spe	456	455	1476.57	1226.72	1351.645
spe	454	GCA.002709155.1.Bacteria.Proteobacteria	1094.241	0.0	547.1205
los	454	GCA.002709155.1.Bacteria.Proteobacteria	1094.241	0.0	547.1205
spe	454	453	1094.241	948.5585	1021.39975
hgt	None	dead	0.0	0.0	0.0
hgt	None	dead	0.0	0.0	0.0
los	None	dead	0.0	0.0	0.0
spe	513	512	1885.97	1775.885	1830.9275
spe	486	GCF.000264455.2.Bacteria.Proteobacteria	1397.735	0.0	698.8675
los	486	GCF.000264455.2.Bacteria.Proteobacteria	1397.735	0.0	698.8675
hgt	172	170	1813.355	1645.265	1729.31
spe	512	511	1775.885	1694.565	1735.225
spe	511	489	1694.565	1316.195	1505.38
hgt	489	GCA.002701885.1.Bacteria.Proteobacteria	1316.195	0.0	658.0975
los	489	GCA.002701885.1.Bacteria.Proteobacteria	1316.195	0.0	658.0975
dup	511	510	1694.565	1636.78	1665.6725
dup	511	510	1694.565	1636.78	1665.6725
spe	511	510	1694.565	1636.78	1665.6725
spe	509	508	1544.73	1436.825	1490.7775
los	509	508	1544.73	1436.825	1490.7775
spe	495	GCF.003173035.1.Bacteria.Proteobacteria	1237.1635	0.0	618.58175
los	495	GCF.003173035.1.Bacteria.Proteobacteria	1237.1635	0.0	618.58175
spe	510	492	1636.78	1312.7	1474.74
spe	510	492	1636.78	1312.7	1474.74
los	510	492	1636.78	1312.7	1474.74
spe	510	509	1636.78	1544.73	1590.755
spe	495	GCA.002796975.1.Bacteria.Proteobacteria	1237.1635	0.0	618.58175
los	495	GCA.002796975.1.Bacteria.Proteobacteria	1237.1635	0.0	618.58175
spe	509	508	1544.73	1436.825	1490.7775
spe	507	506	1269.025	1217.64	1243.3325
los	507	506	1269.025	1217.64	1243.3325
spe	503	501	1116.0495	884.6055	1000.3275
los	503	501	1116.0495	884.6055	1000.3275
spe	498	GCA.002731375.1.Bacteria.Proteobacteria	1261.48	0.0	630.74
los	498	GCA.002731375.1.Bacteria.Proteobacteria	1261.48	0.0	630.74
spe	510	492	1636.78	1312.7	1474.74
los	510	492	1636.78	1312.7	1474.74
spe	509	495	1544.73	1237.1635	1390.94675
los	509	495	1544.73	1237.1635	1390.94675
spe	509	508	1544.73	1436.825	1490.7775
spe	498	GCF.000192575.1.Bacteria.Proteobacteria	1261.48	0.0	630.74
los	498	GCF.000192575.1.Bacteria.Proteobacteria	1261.48	0.0	630.74
spe	508	507	1436.825	1269.025	1352.925
spe	506	GCA.001464215.1.Bacteria.Proteobacteria	1217.64	0.0	608.82
los	506	GCA.001464215.1.Bacteria.Proteobacteria	1217.64	0.0	608.82
spe	503	GCA.002280485.1.Bacteria.Proteobacteria	1116.0495	0.0	558.02475
los	503	GCA.002280485.1.Bacteria.Proteobacteria	1116.0495	0.0	558.02475
spe	503	501	1116.0495	884.6055	1000.3275
spe	172	170	1813.355	1645.265	1729.31
spe	169	155	1475.775	1215.125	1345.45
los	169	155	1475.775	1215.125	1345.45
dup	169	168	1475.775	1389.275	1432.525
spe	168	167	1389.275	1219.565	1304.42
los	168	167	1389.275	1219.565	1304.42
spe	160	159	1269.475	1084.09	1176.7825
los	160	159	1269.475	1084.09	1176.7825
spe	169	168	1475.775	1389.275	1432.525
spe	160	GCA.015473125.1.Eukaryota.Viridiplantae	1269.475	0.0	634.7375
los	160	GCA.015473125.1.Eukaryota.Viridiplantae	1269.475	0.0	634.7375
spe	160	159	1269.475	1084.09	1176.7825
spe	167	GCA.000004985.1.Eukaryota.Heterolobosea	1219.565	0.0	609.7825
los	167	GCA.000004985.1.Eukaryota.Heterolobosea	1219.565	0.0	609.7825
spe	167	166	1219.565	946.8465	1083.20575
spe	166	165	946.8465	694.719	820.78275
spe	515	514	2084.22	1954.11	2019.165
spe	436	435	1751.05	1536.91	1643.98
los	436	435	1751.05	1536.91	1643.98
spe	514	513	1954.11	1885.97	1920.04
spe	483	482	1836.685	1750.105	1793.395
los	483	482	1836.685	1750.105	1793.395
spe	447	446	1643.315	1453.89	1548.6025
los	447	446	1643.315	1453.89	1548.6025
spe	439	GCF.001613805.1.Bacteria.Proteobacteria	1422.265	0.0	711.1325
los	439	GCF.001613805.1.Bacteria.Proteobacteria	1422.265	0.0	711.1325
spe	512	511	1775.885	1694.565	1735.225
los	512	511	1775.885	1694.565	1735.225
spe	486	GCA.002721365.1.Bacteria.Proteobacteria	1397.735	0.0	698.8675
los	486	GCA.002721365.1.Bacteria.Proteobacteria	1397.735	0.0	698.8675
hgt	467	GCA.002291925.1.Bacteria.Proteobacteria	1181.4985	0.0	590.74925
hgt	400	GCA.002401295.1.Bacteria.SAR324	1933.765	0.0	966.8825
