event	left_node	right_node	left_date	right_date	midpoint_date
spe	None	1728	0.0	0.0	0.0
spe	180	GCA.001889985.1.Archaea.Micrarchaeota	3318.57	0.0	1659.285
los	180	GCA.001889985.1.Archaea.Micrarchaeota	3318.57	0.0	1659.285
spe	179	23	3274.245	3029.29	3151.7675
los	179	23	3274.245	3029.29	3151.7675
spe	179	178	3274.245	3153.655	3213.95
spe	178	32	3153.655	2402.345	2778.0
hgt	32	26	2402.345	790.375	1596.36
los	32	26	2402.345	790.375	1596.36
hgt	None	dead	0.0	0.0	0.0
hgt	None	dead	0.0	0.0	0.0
los	None	dead	0.0	0.0	0.0
spe	1090	1088	2540.54	1715.27	2127.905
spe	1087	GCA.001778455.1.Bacteria.Bipolaricaulota	1366.82	0.0	683.41
los	1087	GCA.001778455.1.Bacteria.Bipolaricaulota	1366.82	0.0	683.41
spe	31	29	1919.745	1492.545	1706.145
los	31	29	1919.745	1492.545	1706.145
hgt	None	dead	0.0	0.0	0.0
hgt	None	dead	0.0	0.0	0.0
los	None	dead	0.0	0.0	0.0
dup	31	GCA.001723855.1.Archaea.Altiarchaeota	1919.745	0.0	959.8725
spe	177	95	2975.235	2751.94	2863.5875
los	177	95	2975.235	2751.94	2863.5875
spe	176	140	2798.9	2626.73	2712.815
los	176	140	2798.9	2626.73	2712.815
spe	175	143	2653.515	1902.65	2278.0825
los	175	143	2653.515	1902.65	2278.0825
spe	174	GCA.001940665.1.Archaea.Asgardarchaeota	2527.615	0.0	1263.8075
los	174	GCA.001940665.1.Archaea.Asgardarchaeota	2527.615	0.0	1263.8075
spe	173	172	2445.14	1813.355	2129.2475
los	173	172	2445.14	1813.355	2129.2475
spe	173	151	2445.14	2127.23	2286.185
spe	150	GCA.003144275.1.Archaea.Asgardarchaeota	1481.835	0.0	740.9175
los	150	GCA.003144275.1.Archaea.Asgardarchaeota	1481.835	0.0	740.9175
spe	151	147	2127.23	1579.1	1853.165
hgt	147	GCA.001940755.1.Archaea.Asgardarchaeota	1579.1	0.0	789.55
los	147	GCA.001940755.1.Archaea.Asgardarchaeota	1579.1	0.0	789.55
spe	1727	189	3922.83	3225.865	3574.3475
los	1727	189	3922.83	3225.865	3574.3475
dup	1727	1726	3922.83	3874.525	3898.6775
spe	1727	1726	3922.83	3874.525	3898.6775
spe	1094	1093	3784.185	3252.63	3518.4075
los	1094	1093	3784.185	3252.63	3518.4075
spe	1048	1047	3607.975	3589.185	3598.58
los	1048	1047	3607.975	3589.185	3598.58
spe	278	277	3314.9	2637.64	2976.27
los	278	277	3314.9	2637.64	2976.27
spe	262	261	3036.86	2934.875	2985.8675
los	262	261	3036.86	2934.875	2985.8675
spe	194	193	2209.16	1901.335	2055.2475
los	194	193	2209.16	1901.335	2055.2475
dup	1726	1725	3874.525	3797.605	3836.065
spe	1725	1724	3797.605	3674.455	3736.03
los	1725	1724	3797.605	3674.455	3736.03
spe	1393	1129	3319.26	2723.85	3021.555
los	1393	1129	3319.26	2723.85	3021.555
spe	1393	1392	3319.26	3133.075	3226.1675
spe	1392	1391	3133.075	2803.98	2968.5275
spe	1391	1390	2803.98	2692.555	2748.2675
spe	1389	1237	2619.07	2011.28	2315.175
los	1389	1237	2619.07	2011.28	2315.175
spe	1388	1274	2495.045	2255.985	2375.515
los	1388	1274	2495.045	2255.985	2375.515
spe	1387	1386	2426.135	2312.805	2369.47
los	1387	1386	2426.135	2312.805	2369.47
spe	1327	1326	2263.0	2039.05	2151.025
los	1327	1326	2263.0	2039.05	2151.025
spe	1289	1288	1989.36	1620.075	1804.7175
los	1289	1288	1989.36	1620.075	1804.7175
spe	1390	1218	2692.555	2397.09	2544.8225
spe	1216	1215	1902.285	1418.775	1660.53
los	1216	1215	1902.285	1418.775	1660.53
hgt	None	dead	0.0	0.0	0.0
los	1391	1211	2803.98	2064.13	2434.055
hgt	None	dead	0.0	0.0	0.0
los	None	dead	0.0	0.0	0.0
spe	1476	1454	2416.915	1996.555	2206.735
spe	1446	1440	1803.385	1679.715	1741.55
los	1446	1440	1803.385	1679.715	1741.55
spe	1445	GCA.003130875.1.Bacteria.Chloroflexota	1577.91	0.0	788.955
los	1445	GCA.003130875.1.Bacteria.Chloroflexota	1577.91	0.0	788.955
spe	1444	GCA.002366755.1.Bacteria.Chloroflexota	1386.06	0.0	693.03
los	1444	GCA.002366755.1.Bacteria.Chloroflexota	1386.06	0.0	693.03
spe	1454	1453	1996.555	1862.655	1929.605
spe	1453	1452	1862.655	1430.125	1646.39
spe	1453	1449	1862.655	1589.82	1726.2375
hgt	None	dead	0.0	0.0	0.0
los	1449	GCA.002366595.1.Bacteria.Chloroflexota	1589.82	0.0	794.91
hgt	None	dead	0.0	0.0	0.0
los	None	dead	0.0	0.0	0.0
spe	1188	GCA.002779205.1.Bacteria.Actinobacteriota	2752.47	0.0	1376.235
los	1188	GCA.002779205.1.Bacteria.Actinobacteriota	2752.47	0.0	1376.235
spe	1187	1133	2676.31	1803.285	2239.7975
los	1187	1133	2676.31	1803.285	2239.7975
spe	1187	1186	2676.31	2550.565	2613.4375
spe	1136	GCA.003157385.1.Bacteria.Actinobacteriota	1777.3	0.0	888.65
los	1136	GCA.003157385.1.Bacteria.Actinobacteriota	1777.3	0.0	888.65
spe	1185	1169	2405.805	2113.35	2259.5775
los	1185	1169	2405.805	2113.35	2259.5775
spe	1185	1184	2405.805	2236.7	2321.2525
spe	1183	GCA.000434775.1.Bacteria.Actinobacteriota	1581.31	0.0	790.655
los	1183	GCA.000434775.1.Bacteria.Actinobacteriota	1581.31	0.0	790.655
spe	1180	GCF.001029505.1.Bacteria.Actinobacteriota	1876.995	0.0	938.4975
los	1180	GCF.001029505.1.Bacteria.Actinobacteriota	1876.995	0.0	938.4975
spe	1179	1178	1607.105	1434.165	1520.635
los	1179	1178	1607.105	1434.165	1520.635
spe	1179	1173	1607.105	1376.77	1491.9375
hgt	None	dead	0.0	0.0	0.0
hgt	None	dead	0.0	0.0	0.0
los	None	dead	0.0	0.0	0.0
spe	1726	1725	3874.525	3797.605	3836.065
spe	1393	1129	3319.26	2723.85	3021.555
los	1393	1129	3319.26	2723.85	3021.555
spe	1392	1391	3133.075	2803.98	2968.5275
los	1392	1391	3133.075	2803.98	2968.5275
spe	1392	1188	3133.075	2752.47	2942.7725
spe	1188	1187	2752.47	2676.31	2714.39
spe	1133	GCA.002366545.1.Bacteria.Actinobacteriota	1803.285	0.0	901.6425
los	1133	GCA.002366545.1.Bacteria.Actinobacteriota	1803.285	0.0	901.6425
spe	1186	1136	2550.565	1777.3	2163.9325
los	1186	1136	2550.565	1777.3	2163.9325
spe	1185	1169	2405.805	2113.35	2259.5775
los	1185	1169	2405.805	2113.35	2259.5775
spe	1184	1183	2236.7	1581.31	1909.005
los	1184	1183	2236.7	1581.31	1909.005
spe	1180	GCF.001029505.1.Bacteria.Actinobacteriota	1876.995	0.0	938.4975
los	1180	GCF.001029505.1.Bacteria.Actinobacteriota	1876.995	0.0	938.4975
spe	1179	1173	1607.105	1376.77	1491.9375
los	1179	1173	1607.105	1376.77	1491.9375
spe	1178	1177	1434.165	1221.364	1327.7645
los	1178	1177	1434.165	1221.364	1327.7645
spe	1724	1642	3674.455	3592.175	3633.315
los	1724	1642	3674.455	3592.175	3633.315
spe	1724	1723	3674.455	3369.21	3521.8325
spe	1657	1645	3016.145	2606.885	2811.515
los	1657	1645	3016.145	2606.885	2811.515
spe	1656	1652	2708.915	2212.19	2460.5525
los	1656	1652	2708.915	2212.19	2460.5525
spe	1655	GCA.001771365.1.Bacteria.Margulisbacteria	1788.135	0.0	894.0675
los	1655	GCA.001771365.1.Bacteria.Margulisbacteria	1788.135	0.0	894.0675
hgt	None	dead	0.0	0.0	0.0
hgt	None	dead	0.0	0.0	0.0
los	None	dead	0.0	0.0	0.0
spe	1722	1664	3050.45	2102.73	2576.59
los	1722	1664	3050.45	2102.73	2576.59
hgt	None	dead	0.0	0.0	0.0
hgt	None	dead	0.0	0.0	0.0
los	None	dead	0.0	0.0	0.0
spe	1234	1233	1465.43	1196.4	1330.915
hgt	900	899	3098.985	2936.525	3017.755
spe	1721	1720	2916.245	2510.455	2713.35
los	1721	1720	2916.245	2510.455	2713.35
spe	1667	GCA.002783405.1.Bacteria.Cyanobacteria	2112.65	0.0	1056.325
los	1667	GCA.002783405.1.Bacteria.Cyanobacteria	2112.65	0.0	1056.325
spe	900	899	3098.985	2936.525	3017.755
hgt	None	dead	0.0	0.0	0.0
hgt	1388	1387	2495.045	2426.135	2460.59
hgt	None	dead	0.0	0.0	0.0
los	None	dead	0.0	0.0	0.0
spe	1388	1387	2495.045	2426.135	2460.59
spe	1387	1327	2426.135	2263.0	2344.5675
spe	1327	1289	2263.0	1989.36	2126.18
hgt	None	dead	0.0	0.0	0.0
los	1289	GCA.002345475.1.Bacteria.Firmicutes.H	1989.36	0.0	994.68
hgt	None	dead	0.0	0.0	0.0
los	None	dead	0.0	0.0	0.0
spe	1289	1288	1989.36	1620.075	1804.7175
spe	1287	GCA.002329525.1.Bacteria.Firmicutes.C	1424.27	0.0	712.135
los	1287	GCA.002329525.1.Bacteria.Firmicutes.C	1424.27	0.0	712.135
hgt	None	dead	0.0	0.0	0.0
hgt	None	dead	0.0	0.0	0.0
los	None	dead	0.0	0.0	0.0
spe	1285	1284	1338.6	1065.8455	1202.22275
los	1285	1284	1338.6	1065.8455	1202.22275
spe	1285	1281	1338.6	1109.4215	1224.01075
spe	1280	GCF.900104455.1.Bacteria.Firmicutes.C	950.2895	0.0	475.14475
los	1280	GCF.900104455.1.Bacteria.Firmicutes.C	950.2895	0.0	475.14475
spe	1326	1292	2039.05	1516.66	1777.855
los	1326	1292	2039.05	1516.66	1777.855
spe	1326	1325	2039.05	1862.485	1950.7675
spe	1325	1297	1862.485	1576.575	1719.53
spe	1296	GCA.001513545.1.Bacteria.Firmicutes.B	1436.52	0.0	718.26
los	1296	GCA.001513545.1.Bacteria.Firmicutes.B	1436.52	0.0	718.26
dup	1325	1324	1862.485	1779.53	1821.0075
spe	1325	1324	1862.485	1779.53	1821.0075
spe	1308	1300	1606.55	1333.34	1469.945
los	1308	1300	1606.55	1333.34	1469.945
spe	1307	GCA.000987045.1.Bacteria.Firmicutes.B	1451.1	0.0	725.55
los	1307	GCA.000987045.1.Bacteria.Firmicutes.B	1451.1	0.0	725.55
spe	1307	1305	1451.1	1336.995	1394.0475
spe	1304	GCA.001508005.1.Bacteria.Firmicutes.B	1096.0955	0.0	548.04775
los	1304	GCA.001508005.1.Bacteria.Firmicutes.B	1096.0955	0.0	548.04775
hgt	1324	1323	1779.53	1708.06	1743.795
los	1324	1323	1779.53	1708.06	1743.795
spe	1274	1240	2255.985	1697.815	1976.9
hgt	1341	GCF.001653195.1.Bacteria.Firmicutes	1523.81	0.0	761.905
spe	1325	1324	1862.485	1779.53	1821.0075
spe	1324	1308	1779.53	1606.55	1693.04
spe	1307	1305	1451.1	1336.995	1394.0475
los	1307	1305	1451.1	1336.995	1394.0475
hgt	1308	1300	1606.55	1333.34	1469.945
los	1308	1300	1606.55	1333.34	1469.945
spe	1210	1209	1896.845	1584.4	1740.6225
spe	1208	GCA.900016865.1.Bacteria.Firmicutes.G	1446.125	0.0	723.0625
los	1208	GCA.900016865.1.Bacteria.Firmicutes.G	1446.125	0.0	723.0625
spe	1323	1322	1708.06	1384.555	1546.3075
los	1323	1322	1708.06	1384.555	1546.3075
spe	1319	GCF.900100785.1.Bacteria.Firmicutes.B	1607.725	0.0	803.8625
los	1319	GCF.900100785.1.Bacteria.Firmicutes.B	1607.725	0.0	803.8625
spe	1319	1318	1607.725	1519.645	1563.685
hgt	1318	1317	1519.645	1148.381	1334.013
los	1318	1317	1519.645	1148.381	1334.013
spe	1312	GCF.000019165.1.Bacteria.Firmicutes.B	1284.875	0.0	642.4375
los	1312	GCF.000019165.1.Bacteria.Firmicutes.B	1284.875	0.0	642.4375
spe	1386	1330	2312.805	1602.185	1957.495
los	1386	1330	2312.805	1602.185	1957.495
hgt	None	dead	0.0	0.0	0.0
hgt	None	dead	0.0	0.0	0.0
los	None	dead	0.0	0.0	0.0
hgt	None	dead	0.0	0.0	0.0
hgt	None	dead	0.0	0.0	0.0
los	None	dead	0.0	0.0	0.0
spe	1308	1300	1606.55	1333.34	1469.945
hgt	None	dead	0.0	0.0	0.0
hgt	1430	GCA.002239025.1.Bacteria.Chloroflexota	1801.635	0.0	900.8175
hgt	None	dead	0.0	0.0	0.0
los	None	dead	0.0	0.0	0.0
spe	1385	1333	2240.33	1678.19	1959.26
los	1385	1333	2240.33	1678.19	1959.26
spe	1385	1384	2240.33	2049.01	2144.67
spe	1384	1338	2049.01	1549.595	1799.3025
hgt	1338	1337	1549.595	1365.895	1457.745
los	1338	1337	1549.595	1365.895	1457.745
spe	1383	1341	1971.49	1523.81	1747.65
los	1383	1341	1971.49	1523.81	1747.65
spe	1383	1382	1971.49	1907.445	1939.4675
spe	1344	GCA.002159075.1.Bacteria.Firmicutes	1520.89	0.0	760.445
los	1344	GCA.002159075.1.Bacteria.Firmicutes	1520.89	0.0	760.445
spe	1381	1351	1843.345	1688.26	1765.8025
los	1381	1351	1843.345	1688.26	1765.8025
spe	1380	1379	1785.675	1743.235	1764.455
los	1380	1379	1785.675	1743.235	1764.455
hgt	None	dead	0.0	0.0	0.0
hgt	None	dead	0.0	0.0	0.0
los	None	dead	0.0	0.0	0.0
hgt	None	dead	0.0	0.0	0.0
hgt	None	dead	0.0	0.0	0.0
los	None	dead	0.0	0.0	0.0
hgt	None	dead	0.0	0.0	0.0
hgt	None	dead	0.0	0.0	0.0
los	None	dead	0.0	0.0	0.0
hgt	None	dead	0.0	0.0	0.0
hgt	None	dead	0.0	0.0	0.0
los	None	dead	0.0	0.0	0.0
spe	899	898	2936.525	2864.305	2900.415
spe	756	GCA.001790645.1.Bacteria.Schekmanbacteria	2320.99	0.0	1160.495
los	756	GCA.001790645.1.Bacteria.Schekmanbacteria	2320.99	0.0	1160.495
spe	754	746	2042.42	1667.435	1854.9275
los	754	746	2042.42	1667.435	1854.9275
spe	753	751	1778.33	1613.625	1695.9775
los	753	751	1778.33	1613.625	1695.9775
spe	897	896	2785.14	2307.21	2546.175
los	897	896	2785.14	2307.21	2546.175
spe	897	889	2785.14	2616.235	2700.6875
spe	843	783	2520.86	2397.91	2459.385
los	843	783	2520.86	2397.91	2459.385
spe	842	798	2419.635	2124.995	2272.315
los	842	798	2419.635	2124.995	2272.315
spe	841	840	2325.31	2147.98	2236.645
los	841	840	2325.31	2147.98	2236.645
spe	801	GCA.001797815.1.Bacteria.RBG.13.61.14	1810.17	0.0	905.085
los	801	GCA.001797815.1.Bacteria.RBG.13.61.14	1810.17	0.0	905.085
spe	888	854	2336.71	2075.68	2206.195
los	888	854	2336.71	2075.68	2206.195
spe	888	887	2336.71	2137.8	2237.255
spe	863	857	1855.945	1680.31	1768.1275
los	863	857	1855.945	1680.31	1768.1275
dup	863	862	1855.945	1513.555	1684.75
spe	862	GCA.002782605.1.Bacteria.Desulfobacterota	1513.555	0.0	756.7775
los	862	GCA.002782605.1.Bacteria.Desulfobacterota	1513.555	0.0	756.7775
spe	861	GCA.002327985.1.Bacteria.Desulfobacterota	1399.46	0.0	699.73
los	861	GCA.002327985.1.Bacteria.Desulfobacterota	1399.46	0.0	699.73
spe	863	862	1855.945	1513.555	1684.75
spe	861	GCA.001304105.1.Bacteria.Desulfobacterota	1399.46	0.0	699.73
los	861	GCA.001304105.1.Bacteria.Desulfobacterota	1399.46	0.0	699.73
spe	886	874	1905.655	1792.455	1849.055
los	886	874	1905.655	1792.455	1849.055
spe	886	885	1905.655	1770.19	1837.9225
spe	884	880	1647.595	1365.41	1506.5025
los	884	880	1647.595	1365.41	1506.5025
spe	883	GCA.001751085.1.Bacteria.Desulfobacterota	1311.85	0.0	655.925
los	883	GCA.001751085.1.Bacteria.Desulfobacterota	1311.85	0.0	655.925
spe	885	877	1770.19	1616.13	1693.16
hgt	None	dead	0.0	0.0	0.0
los	877	GCF.000620765.1.Bacteria.Desulfobacterota.I	1616.13	0.0	808.065
hgt	None	dead	0.0	0.0	0.0
los	None	dead	0.0	0.0	0.0
spe	743	721	2681.09	2277.575	2479.3325
los	743	721	2681.09	2277.575	2479.3325
spe	742	738	2393.59	2076.07	2234.83
los	742	738	2393.59	2076.07	2234.83
spe	742	741	2393.59	1693.345	2043.4675
hgt	794	GCA.001798565.1.Bacteria.Desulfobacterota.B	1350.25	0.0	675.125
hgt	None	dead	0.0	0.0	0.0
hgt	None	dead	0.0	0.0	0.0
los	None	dead	0.0	0.0	0.0
spe	1727	1726	3922.83	3874.525	3898.6775
hgt	None	dead	0.0	0.0	0.0
hgt	None	dead	0.0	0.0	0.0
los	None	dead	0.0	0.0	0.0
spe	1094	1093	3784.185	3252.63	3518.4075
los	1094	1093	3784.185	3252.63	3518.4075
spe	1094	1048	3784.185	3607.975	3696.08
spe	1048	1047	3607.975	3589.185	3598.58
hgt	None	dead	0.0	0.0	0.0
los	1047	365	3589.185	3304.24	3446.7125
dup	None	dead	0.0	0.0	0.0
hgt	None	dead	0.0	0.0	0.0
los	None	dead	0.0	0.0	0.0
hgt	None	dead	0.0	0.0	0.0
los	None	dead	0.0	0.0	0.0
spe	651	533	2271.59	1932.55	2102.07
spe	532	GCA.002405475.1.Bacteria.Proteobacteria	1529.075	0.0	764.5375
los	532	GCA.002405475.1.Bacteria.Proteobacteria	1529.075	0.0	764.5375
spe	533	529	1932.55	1606.235	1769.3925
hgt	529	GCA.002451085.1.Bacteria.Proteobacteria	1606.235	0.0	803.1175
los	529	GCA.002451085.1.Bacteria.Proteobacteria	1606.235	0.0	803.1175
hgt	598	GCA.002292285.1.Bacteria.Proteobacteria	953.337	0.0	476.6685
hgt	None	dead	0.0	0.0	0.0
hgt	1431	1427	2420.455	2216.53	2318.4925
hgt	None	dead	0.0	0.0	0.0
los	None	dead	0.0	0.0	0.0
spe	124	123	2123.145	1998.805	2060.975
spe	123	122	1998.805	1853.335	1926.07
spe	121	GCA.001775995.1.Archaea.Thermoproteota	1422.225	0.0	711.1125
los	121	GCA.001775995.1.Archaea.Thermoproteota	1422.225	0.0	711.1125
spe	122	118	1853.335	1643.115	1748.225
spe	116	GCA.001593875.1.Archaea.Thermoproteota	1108.5585	0.0	554.27925
los	116	GCA.001593875.1.Archaea.Thermoproteota	1108.5585	0.0	554.27925
spe	123	113	1998.805	1643.05	1820.9275
hgt	None	dead	0.0	0.0	0.0
hgt	None	dead	0.0	0.0	0.0
los	None	dead	0.0	0.0	0.0
spe	130	128	1643.645	925.9285	1284.78675
hgt	113	GCA.002255025.1.Archaea.Thermoproteota	1643.05	0.0	821.525
los	113	GCA.002255025.1.Archaea.Thermoproteota	1643.05	0.0	821.525
hgt	47	GCA.002494765.1.Archaea.Thermoplasmatota	1480.595	0.0	740.2975
spe	1431	1427	2420.455	2216.53	2318.4925
spe	1426	1425	1994.025	1783.375	1888.7
los	1426	1425	1994.025	1783.375	1888.7
spe	1413	1399	1968.2	1604.38	1786.29
los	1413	1399	1968.2	1604.38	1786.29
hgt	None	dead	0.0	0.0	0.0
spe	1412	1408	1749.925	1662.42	1706.1725
los	1412	1408	1749.925	1662.42	1706.1725
hgt	1016	GCA.002414865.1.Bacteria.Fermentibacterota	2032.895	0.0	1016.4475
spe	1411	GCA.002450515.1.Bacteria.Chloroflexota	1413.835	0.0	706.9175
los	1411	GCA.002450515.1.Bacteria.Chloroflexota	1413.835	0.0	706.9175
hgt	None	dead	0.0	0.0	0.0
los	None	dead	0.0	0.0	0.0
spe	88	87	1663.625	1542.125	1602.875
spe	86	GCA.001412335.1.Archaea.Halobacteriota	1366.345	0.0	683.1725
los	86	GCA.001412335.1.Archaea.Halobacteriota	1366.345	0.0	683.1725
spe	84	GCF.000011005.1.Archaea.Euryarchaeota	1169.197	0.0	584.5985
los	84	GCF.000011005.1.Archaea.Euryarchaeota	1169.197	0.0	584.5985
spe	1047	1046	3589.185	3513.075	3551.13
spe	1045	921	3138.485	2815.65	2977.0675
los	1045	921	3138.485	2815.65	2977.0675
spe	1044	1043	2889.865	2806.545	2848.205
los	1044	1043	2889.865	2806.545	2848.205
spe	936	935	2638.5	1990.115	2314.3075
los	936	935	2638.5	1990.115	2314.3075
spe	926	GCA.001780825.1.Bacteria.Gemmatimonadota	2022.635	0.0	1011.3175
los	926	GCA.001780825.1.Bacteria.Gemmatimonadota	2022.635	0.0	1011.3175
spe	924	GCA.002348465.1.Bacteria.Gemmatimonadota	1568.375	0.0	784.1875
los	924	GCA.002348465.1.Bacteria.Gemmatimonadota	1568.375	0.0	784.1875
spe	902	390	3405.845	3029.745	3217.795
los	902	390	3405.845	3029.745	3217.795
dup	902	901	3405.845	3300.53	3353.1875
dup	902	901	3405.845	3300.53	3353.1875
spe	902	901	3405.845	3300.53	3353.1875
spe	900	716	3098.985	2659.235	2879.11
los	900	716	3098.985	2659.235	2879.11
spe	899	743	2936.525	2681.09	2808.8075
los	899	743	2936.525	2681.09	2808.8075
spe	899	898	2936.525	2864.305	2900.415
spe	897	889	2785.14	2616.235	2700.6875
los	897	889	2785.14	2616.235	2700.6875
spe	896	892	2307.21	1770.59	2038.9
los	896	892	2307.21	1770.59	2038.9
spe	895	GCA.002897695.1.Bacteria.BMS3Abin14	1810.42	0.0	905.21
los	895	GCA.002897695.1.Bacteria.BMS3Abin14	1810.42	0.0	905.21
spe	756	754	2320.99	2042.42	2181.705
los	756	754	2320.99	2042.42	2181.705
hgt	None	dead	0.0	0.0	0.0
hgt	None	dead	0.0	0.0	0.0
los	None	dead	0.0	0.0	0.0
spe	901	663	3300.53	3210.05	3255.29
spe	397	GCF.000526155.1.Bacteria.Desulfobacterota	2713.19	0.0	1356.595
los	397	GCF.000526155.1.Bacteria.Desulfobacterota	2713.19	0.0	1356.595
spe	397	396	2713.19	2315.495	2514.3425
spe	395	GCF.000487995.1.Bacteria.Deferribacterota	1504.32	0.0	752.16
los	395	GCF.000487995.1.Bacteria.Deferribacterota	1504.32	0.0	752.16
hgt	834	GCA.001798605.1.Bacteria.Myxococcota	1729.09	0.0	864.545
hgt	396	GCF.000177635.2.Bacteria.Chrysiogenota	2315.495	0.0	1157.7475
los	396	GCF.000177635.2.Bacteria.Chrysiogenota	2315.495	0.0	1157.7475
hgt	None	dead	0.0	0.0	0.0
hgt	1191	GCA.002408345.1.Bacteria.Firmicutes.G	1478.59	0.0	739.295
hgt	None	dead	0.0	0.0	0.0
los	None	dead	0.0	0.0	0.0
spe	662	661	3126.015	3067.985	3097.0
los	662	661	3126.015	3067.985	3097.0
hgt	None	dead	0.0	0.0	0.0
spe	662	400	3126.015	1933.765	2529.89
hgt	400	GCA.002707655.1.Bacteria.SAR324	1933.765	0.0	966.8825
los	400	GCA.002707655.1.Bacteria.SAR324	1933.765	0.0	966.8825
hgt	871	GCA.002899795.1.Bacteria.Desulfobacterota	1358.76	0.0	679.38
hgt	None	dead	0.0	0.0	0.0
los	None	dead	0.0	0.0	0.0
spe	389	388	2648.15	2422.78	2535.465
spe	387	386	2192.38	1753.72	1973.05
los	387	386	2192.38	1753.72	1973.05
spe	383	381	1799.86	1432.255	1616.0575
los	383	381	1799.86	1432.255	1616.0575
hgt	None	dead	0.0	0.0	0.0
hgt	None	dead	0.0	0.0	0.0
los	None	dead	0.0	0.0	0.0
hgt	None	dead	0.0	0.0	0.0
hgt	None	dead	0.0	0.0	0.0
los	None	dead	0.0	0.0	0.0
hgt	889	888	2616.235	2336.71	2476.4725
spe	376	374	1994.345	1504.65	1749.4975
los	376	374	1994.345	1504.65	1749.4975
spe	889	888	2616.235	2336.71	2476.4725
spe	854	853	2075.68	1743.175	1909.4275
los	854	853	2075.68	1743.175	1909.4275
spe	850	846	2017.715	1673.82	1845.7675
los	850	846	2017.715	1673.82	1845.7675
spe	849	GCF.000266945.1.Bacteria.Desulfobacterota	1605.6	0.0	802.8
los	849	GCF.000266945.1.Bacteria.Desulfobacterota	1605.6	0.0	802.8
spe	887	863	2137.8	1855.945	1996.8725
los	887	863	2137.8	1855.945	1996.8725
spe	887	886	2137.8	1905.655	2021.7275
spe	874	868	1792.455	1587.525	1689.99
los	874	868	1792.455	1587.525	1689.99
spe	873	GCA.002011835.1.Bacteria.Desulfobacterota	1600.675	0.0	800.3375
los	873	GCA.002011835.1.Bacteria.Desulfobacterota	1600.675	0.0	800.3375
spe	871	GCA.002899795.1.Bacteria.Desulfobacterota	1358.76	0.0	679.38
los	871	GCA.002899795.1.Bacteria.Desulfobacterota	1358.76	0.0	679.38
spe	885	884	1770.19	1647.595	1708.8925
los	885	884	1770.19	1647.595	1708.8925
spe	877	GCA.001797675.1.Bacteria.Desulfobacterota	1616.13	0.0	808.065
los	877	GCA.001797675.1.Bacteria.Desulfobacterota	1616.13	0.0	808.065
spe	902	901	3405.845	3300.53	3353.1875
spe	663	662	3210.05	3126.015	3168.0325
los	663	662	3210.05	3126.015	3168.0325
hgt	None	dead	0.0	0.0	0.0
spe	397	396	2713.19	2315.495	2514.3425
los	397	396	2713.19	2315.495	2514.3425
hgt	603	602	1696.92	1612.41	1654.665
hgt	1116	GCA.002435745.1.Bacteria.UBP15	1799.18	0.0	899.59
hgt	None	dead	0.0	0.0	0.0
los	None	dead	0.0	0.0	0.0
spe	603	602	1696.92	1612.41	1654.665
spe	592	GCF.000024725.1.Bacteria.Proteobacteria	1273.215	0.0	636.6075
los	592	GCF.000024725.1.Bacteria.Proteobacteria	1273.215	0.0	636.6075
spe	601	600	1475.48	1276.255	1375.8675
los	601	600	1475.48	1276.255	1375.8675
spe	601	595	1475.48	1266.66	1371.07
spe	901	900	3300.53	3098.985	3199.7575
spe	716	715	2659.235	2473.255	2566.245
los	716	715	2659.235	2473.255	2566.245
spe	670	GCA.002898535.1.Bacteria.Acidobacteriota	2196.425	0.0	1098.2125
los	670	GCA.002898535.1.Bacteria.Acidobacteriota	2196.425	0.0	1098.2125
spe	669	GCA.002335385.1.Bacteria.Acidobacteriota	1665.14	0.0	832.57
los	669	GCA.002335385.1.Bacteria.Acidobacteriota	1665.14	0.0	832.57
spe	668	GCA.002010665.1.Bacteria.Acidobacteriota	1417.72	0.0	708.86
los	668	GCA.002010665.1.Bacteria.Acidobacteriota	1417.72	0.0	708.86
spe	899	743	2936.525	2681.09	2808.8075
los	899	743	2936.525	2681.09	2808.8075
spe	899	898	2936.525	2864.305	2900.415
spe	897	896	2785.14	2307.21	2546.175
los	897	896	2785.14	2307.21	2546.175
spe	897	889	2785.14	2616.235	2700.6875
spe	843	783	2520.86	2397.91	2459.385
los	843	783	2520.86	2397.91	2459.385
spe	842	798	2419.635	2124.995	2272.315
los	842	798	2419.635	2124.995	2272.315
spe	841	840	2325.31	2147.98	2236.645
los	841	840	2325.31	2147.98	2236.645
spe	801	GCA.002328485.1.Bacteria.Desulfobacterota.G	1810.17	0.0	905.085
los	801	GCA.002328485.1.Bacteria.Desulfobacterota.G	1810.17	0.0	905.085
spe	888	854	2336.71	2075.68	2206.195
los	888	854	2336.71	2075.68	2206.195
spe	887	886	2137.8	1905.655	2021.7275
los	887	886	2137.8	1905.655	2021.7275
spe	863	862	1855.945	1513.555	1684.75
los	863	862	1855.945	1513.555	1684.75
spe	857	GCA.001830835.1.Bacteria.Desulfobacterota	1680.31	0.0	840.155
los	857	GCA.001830835.1.Bacteria.Desulfobacterota	1680.31	0.0	840.155
spe	756	GCA.001790645.1.Bacteria.Schekmanbacteria	2320.99	0.0	1160.495
los	756	GCA.001790645.1.Bacteria.Schekmanbacteria	2320.99	0.0	1160.495
spe	754	753	2042.42	1778.33	1910.375
los	754	753	2042.42	1778.33	1910.375
hgt	None	dead	0.0	0.0	0.0
spe	746	GCF.900079095.1.Bacteria.Tectomicrobia	1667.435	0.0	833.7175
los	746	GCF.900079095.1.Bacteria.Tectomicrobia	1667.435	0.0	833.7175
hgt	None	dead	0.0	0.0	0.0
los	None	dead	0.0	0.0	0.0
spe	901	663	3300.53	3210.05	3255.29
los	901	663	3300.53	3210.05	3255.29
spe	900	716	3098.985	2659.235	2879.11
los	900	716	3098.985	2659.235	2879.11
spe	899	743	2936.525	2681.09	2808.8075
los	899	743	2936.525	2681.09	2808.8075
spe	899	898	2936.525	2864.305	2900.415
spe	897	889	2785.14	2616.235	2700.6875
los	897	889	2785.14	2616.235	2700.6875
spe	896	892	2307.21	1770.59	2038.9
los	896	892	2307.21	1770.59	2038.9
spe	895	GCA.000739515.1.Bacteria.Moduliflexota	1810.42	0.0	905.21
los	895	GCA.000739515.1.Bacteria.Moduliflexota	1810.42	0.0	905.21
spe	756	GCA.001790645.1.Bacteria.Schekmanbacteria	2320.99	0.0	1160.495
los	756	GCA.001790645.1.Bacteria.Schekmanbacteria	2320.99	0.0	1160.495
spe	754	753	2042.42	1778.33	1910.375
los	754	753	2042.42	1778.33	1910.375
spe	746	GCA.002238965.1.Bacteria.UBA8248	1667.435	0.0	833.7175
los	746	GCA.002238965.1.Bacteria.UBA8248	1667.435	0.0	833.7175
spe	278	277	3314.9	2637.64	2976.27
los	278	277	3314.9	2637.64	2976.27
spe	262	194	3036.86	2209.16	2623.01
los	262	194	3036.86	2209.16	2623.01
spe	261	260	2934.875	2242.71	2588.7925
los	261	260	2934.875	2242.71	2588.7925
spe	255	254	2884.2	2788.545	2836.3725
los	255	254	2884.2	2788.545	2836.3725
spe	199	GCA.003527405.1.Bacteria.Atribacterota	2238.68	0.0	1119.34
los	199	GCA.003527405.1.Bacteria.Atribacterota	2238.68	0.0	1119.34
spe	199	198	2238.68	1971.4	2105.04
hgt	None	dead	0.0	0.0	0.0
hgt	None	dead	0.0	0.0	0.0
los	None	dead	0.0	0.0	0.0
hgt	514	513	1954.11	1885.97	1920.04
hgt	None	dead	0.0	0.0	0.0
hgt	738	737	2076.07	1863.46	1969.765
hgt	None	dead	0.0	0.0	0.0
los	None	dead	0.0	0.0	0.0
dup	738	737	2076.07	1863.46	1969.765
spe	737	733	1863.46	1467.515	1665.4875
los	737	733	1863.46	1467.515	1665.4875
spe	736	GCA.003454665.1.Bacteria.Nitrospirota	1526.965	0.0	763.4825
los	736	GCA.003454665.1.Bacteria.Nitrospirota	1526.965	0.0	763.4825
spe	738	737	2076.07	1863.46	1969.765
spe	736	GCA.001803795.1.Bacteria.Nitrospirota	1526.965	0.0	763.4825
los	736	GCA.001803795.1.Bacteria.Nitrospirota	1526.965	0.0	763.4825
spe	737	733	1863.46	1467.515	1665.4875
spe	732	GCA.002011735.1.Bacteria.Nitrospirota	1232.2775	0.0	616.13875
los	732	GCA.002011735.1.Bacteria.Nitrospirota	1232.2775	0.0	616.13875
dup	514	513	1954.11	1885.97	1920.04
spe	514	513	1954.11	1885.97	1920.04
spe	483	482	1836.685	1750.105	1793.395
los	483	482	1836.685	1750.105	1793.395
spe	447	446	1643.315	1453.89	1548.6025
los	447	446	1643.315	1453.89	1548.6025
spe	439	GCF.001613805.1.Bacteria.Proteobacteria	1422.265	0.0	711.1325
los	439	GCF.001613805.1.Bacteria.Proteobacteria	1422.265	0.0	711.1325
spe	512	486	1775.885	1397.735	1586.81
los	512	486	1775.885	1397.735	1586.81
spe	511	489	1694.565	1316.195	1505.38
los	511	489	1694.565	1316.195	1505.38
spe	510	509	1636.78	1544.73	1590.755
los	510	509	1636.78	1544.73	1590.755
spe	510	492	1636.78	1312.7	1474.74
hgt	489	GCA.002348365.1.Bacteria.Proteobacteria	1316.195	0.0	658.0975
hgt	None	dead	0.0	0.0	0.0
hgt	None	dead	0.0	0.0	0.0
los	None	dead	0.0	0.0	0.0
hgt	None	dead	0.0	0.0	0.0
spe	514	513	1954.11	1885.97	1920.04
spe	512	486	1775.885	1397.735	1586.81
los	512	486	1775.885	1397.735	1586.81
spe	511	489	1694.565	1316.195	1505.38
los	511	489	1694.565	1316.195	1505.38
spe	510	492	1636.78	1312.7	1474.74
los	510	492	1636.78	1312.7	1474.74
spe	510	509	1636.78	1544.73	1590.755
spe	508	498	1436.825	1261.48	1349.1525
los	508	498	1436.825	1261.48	1349.1525
spe	507	503	1269.025	1116.0495	1192.53725
los	507	503	1269.025	1116.0495	1192.53725
spe	506	GCA.002480495.1.Bacteria.Proteobacteria	1217.64	0.0	608.82
los	506	GCA.002480495.1.Bacteria.Proteobacteria	1217.64	0.0	608.82
spe	495	GCF.003173035.1.Bacteria.Proteobacteria	1237.1635	0.0	618.58175
los	495	GCF.003173035.1.Bacteria.Proteobacteria	1237.1635	0.0	618.58175
spe	513	483	1885.97	1836.685	1861.3275
spe	447	439	1643.315	1422.265	1532.79
los	447	439	1643.315	1422.265	1532.79
spe	447	446	1643.315	1453.89	1548.6025
spe	445	444	1339.17	1137.223	1238.1965
los	445	444	1339.17	1137.223	1238.1965
hgt	None	dead	0.0	0.0	0.0
hgt	415	GCA.002717245.1.Bacteria.Proteobacteria	1297.065	0.0	648.5325
hgt	None	dead	0.0	0.0	0.0
los	None	dead	0.0	0.0	0.0
spe	483	482	1836.685	1750.105	1793.395
spe	482	481	1750.105	1674.98	1712.5425
spe	469	468	1543.27	1359.195	1451.2325
los	469	468	1543.27	1359.195	1451.2325
spe	463	GCF.002251795.1.Bacteria.Proteobacteria	1394.155	0.0	697.0775
los	463	GCF.002251795.1.Bacteria.Proteobacteria	1394.155	0.0	697.0775
spe	463	462	1394.155	1117.2015	1255.67825
hgt	481	480	1674.98	1549.46	1612.22
los	481	480	1674.98	1549.46	1612.22
spe	436	435	1751.05	1536.91	1643.98
hgt	None	dead	0.0	0.0	0.0
spe	435	434	1536.91	1353.935	1445.4225
hgt	None	dead	0.0	0.0	0.0
hgt	None	dead	0.0	0.0	0.0
hgt	453	GCA.002457765.1.Bacteria.Proteobacteria	948.5585	0.0	474.27925
hgt	None	dead	0.0	0.0	0.0
los	None	dead	0.0	0.0	0.0
hgt	796	GCA.002238415.1.Bacteria.Desulfobacterota.B	1652.795	0.0	826.3975
hgt	None	dead	0.0	0.0	0.0
los	None	dead	0.0	0.0	0.0
hgt	581	GCA.002868855.1.Bacteria.Proteobacteria	1344.875	0.0	672.4375
hgt	None	dead	0.0	0.0	0.0
hgt	436	GCA.002722885.1.Bacteria.Proteobacteria	1751.05	0.0	875.525
hgt	None	dead	0.0	0.0	0.0
los	None	dead	0.0	0.0	0.0
hgt	444	GCA.002686135.1.Bacteria.Proteobacteria	1137.223	0.0	568.6115
hgt	None	dead	0.0	0.0	0.0
los	None	dead	0.0	0.0	0.0
spe	458	GCA.002340345.1.Bacteria.Proteobacteria	1624.365	0.0	812.1825
los	458	GCA.002340345.1.Bacteria.Proteobacteria	1624.365	0.0	812.1825
spe	458	456	1624.365	1476.57	1550.4675
hgt	456	455	1476.57	1226.72	1351.645
los	456	455	1476.57	1226.72	1351.645
hgt	None	dead	0.0	0.0	0.0
los	None	dead	0.0	0.0	0.0
spe	603	602	1696.92	1612.41	1654.665
spe	592	GCF.001720165.1.Bacteria.Proteobacteria	1273.215	0.0	636.6075
los	592	GCF.001720165.1.Bacteria.Proteobacteria	1273.215	0.0	636.6075
spe	601	595	1475.48	1266.66	1371.07
los	601	595	1475.48	1266.66	1371.07
spe	600	598	1276.255	953.337	1114.796
los	600	598	1276.255	953.337	1114.796
hgt	None	dead	0.0	0.0	0.0
dup	None	dead	0.0	0.0	0.0
hgt	None	dead	0.0	0.0	0.0
los	None	dead	0.0	0.0	0.0
hgt	None	dead	0.0	0.0	0.0
los	None	dead	0.0	0.0	0.0
hgt	None	dead	0.0	0.0	0.0
hgt	None	dead	0.0	0.0	0.0
los	None	dead	0.0	0.0	0.0
spe	251	250	2042.61	1897.72	1970.165
spe	236	GCA.001800495.1.Bacteria.Elusimicrobiota	1629.965	0.0	814.9825
los	236	GCA.001800495.1.Bacteria.Elusimicrobiota	1629.965	0.0	814.9825
spe	249	248	1764.145	1250.934	1507.5395
los	249	248	1764.145	1250.934	1507.5395
spe	245	244	1655.67	1375.91	1515.79
los	245	244	1655.67	1375.91	1515.79
spe	241	239	1455.26	1336.82	1396.04
los	241	239	1455.26	1336.82	1396.04
hgt	1258	GCA.003527145.1.Bacteria.Firmicutes.A	1451.145	0.0	725.5725
spe	1725	1724	3797.605	3674.455	3736.03
los	1725	1724	3797.605	3674.455	3736.03
spe	1393	1129	3319.26	2723.85	3021.555
los	1393	1129	3319.26	2723.85	3021.555
spe	1393	1392	3319.26	3133.075	3226.1675
spe	1391	1211	2803.98	2064.13	2434.055
los	1391	1211	2803.98	2064.13	2434.055
spe	1390	1218	2692.555	2397.09	2544.8225
los	1390	1218	2692.555	2397.09	2544.8225
spe	1390	1389	2692.555	2619.07	2655.8125
spe	1389	1388	2619.07	2495.045	2557.0575
spe	1388	1387	2495.045	2426.135	2460.59
spe	1327	1289	2263.0	1989.36	2126.18
los	1327	1289	2263.0	1989.36	2126.18
spe	1326	1292	2039.05	1516.66	1777.855
los	1326	1292	2039.05	1516.66	1777.855
hgt	None	dead	0.0	0.0	0.0
spe	1325	1297	1862.485	1576.575	1719.53
los	1325	1297	1862.485	1576.575	1719.53
spe	1324	1308	1779.53	1606.55	1693.04
los	1324	1308	1779.53	1606.55	1693.04
spe	1324	1323	1779.53	1708.06	1743.795
spe	1322	GCA.001512665.1.Bacteria.Firmicutes.B	1384.555	0.0	692.2775
los	1322	GCA.001512665.1.Bacteria.Firmicutes.B	1384.555	0.0	692.2775
spe	1319	GCF.900100785.1.Bacteria.Firmicutes.B	1607.725	0.0	803.8625
los	1319	GCF.900100785.1.Bacteria.Firmicutes.B	1607.725	0.0	803.8625
spe	1318	1312	1519.645	1284.875	1402.26
los	1318	1312	1519.645	1284.875	1402.26
spe	1317	1315	1148.381	955.8	1052.0905
los	1317	1315	1148.381	955.8	1052.0905
hgt	None	dead	0.0	0.0	0.0
los	None	dead	0.0	0.0	0.0
spe	1070	1069	2141.115	1779.88	1960.4975
spe	1068	GCA.002877955.1.Bacteria.Caldisericota	1488.73	0.0	744.365
los	1068	GCA.002877955.1.Bacteria.Caldisericota	1488.73	0.0	744.365
spe	1386	1330	2312.805	1602.185	1957.495
los	1386	1330	2312.805	1602.185	1957.495
spe	1385	1333	2240.33	1678.19	1959.26
los	1385	1333	2240.33	1678.19	1959.26
spe	1384	1338	2049.01	1549.595	1799.3025
los	1384	1338	2049.01	1549.595	1799.3025
spe	1383	1341	1971.49	1523.81	1747.65
los	1383	1341	1971.49	1523.81	1747.65
spe	1382	1344	1907.445	1520.89	1714.1675
los	1382	1344	1907.445	1520.89	1714.1675
dup	1382	1381	1907.445	1843.345	1875.395
spe	1381	1380	1843.345	1785.675	1814.51
los	1381	1380	1843.345	1785.675	1814.51
spe	1381	1351	1843.345	1688.26	1765.8025
spe	1347	GCF.900099895.1.Bacteria.Firmicutes	1373.121	0.0	686.5605
los	1347	GCF.900099895.1.Bacteria.Firmicutes	1373.121	0.0	686.5605
spe	1350	GCF.000942395.1.Bacteria.Firmicutes	1481.1	0.0	740.55
los	1350	GCF.000942395.1.Bacteria.Firmicutes	1481.1	0.0	740.55
spe	1382	1381	1907.445	1843.345	1875.395
spe	1351	1350	1688.26	1481.1	1584.68
los	1351	1350	1688.26	1481.1	1584.68
spe	1347	GCF.001561915.1.Bacteria.Firmicutes	1373.121	0.0	686.5605
los	1347	GCF.001561915.1.Bacteria.Firmicutes	1373.121	0.0	686.5605
spe	1380	GCF.001049895.1.Bacteria.Firmicutes	1785.675	0.0	892.8375
los	1380	GCF.001049895.1.Bacteria.Firmicutes	1785.675	0.0	892.8375
spe	1379	1378	1743.235	1618.42	1680.8275
los	1379	1378	1743.235	1618.42	1680.8275
spe	1379	1355	1743.235	1426.77	1585.0025
spe	1274	1240	2255.985	1697.815	1976.9
los	1274	1240	2255.985	1697.815	1976.9
spe	1273	GCF.000166335.1.Bacteria.Firmicutes.A	2085.065	0.0	1042.5325
los	1273	GCF.000166335.1.Bacteria.Firmicutes.A	2085.065	0.0	1042.5325
spe	1272	1246	1953.09	1576.985	1765.0375
los	1272	1246	1953.09	1576.985	1765.0375
spe	1272	1271	1953.09	1755.96	1854.525
spe	1270	1264	1598.315	1360.255	1479.285
los	1270	1264	1598.315	1360.255	1479.285
spe	1269	1268	1451.62	1275.485	1363.5525
los	1269	1268	1451.62	1275.485	1363.5525
spe	1259	1258	1686.58	1451.145	1568.8625
los	1259	1258	1686.58	1451.145	1568.8625
spe	1253	GCF.900142265.1.Bacteria.Firmicutes.A	1548.89	0.0	774.445
los	1253	GCF.900142265.1.Bacteria.Firmicutes.A	1548.89	0.0	774.445
spe	1253	1252	1548.89	1387.715	1468.3025
hgt	1269	GCF.002252565.1.Bacteria.Firmicutes.A	1451.62	0.0	725.81
spe	1252	1251	1387.715	1206.9915	1297.35325
hgt	None	dead	0.0	0.0	0.0
los	1251	GCA.002478485.1.Bacteria.Firmicutes.A	1206.9915	0.0	603.49575
hgt	None	dead	0.0	0.0	0.0
los	None	dead	0.0	0.0	0.0
spe	1389	1237	2619.07	2011.28	2315.175
spe	1221	GCA.002375895.1.Bacteria.Firmicutes.E	1546.995	0.0	773.4975
los	1221	GCA.002375895.1.Bacteria.Firmicutes.E	1546.995	0.0	773.4975
hgt	1237	1236	2011.28	1872.885	1942.0825
los	1237	1236	2011.28	1872.885	1942.0825
hgt	178	177	3153.655	2975.235	3064.445
spe	1188	GCA.002779205.1.Bacteria.Actinobacteriota	2752.47	0.0	1376.235
los	1188	GCA.002779205.1.Bacteria.Actinobacteriota	2752.47	0.0	1376.235
spe	1187	1133	2676.31	1803.285	2239.7975
los	1187	1133	2676.31	1803.285	2239.7975
spe	1186	1185	2550.565	2405.805	2478.185
los	1186	1185	2550.565	2405.805	2478.185
spe	1136	GCA.001768645.1.Bacteria.Actinobacteriota	1777.3	0.0	888.65
los	1136	GCA.001768645.1.Bacteria.Actinobacteriota	1777.3	0.0	888.65
spe	178	177	3153.655	2975.235	3064.445
spe	95	39	2751.94	2176.73	2464.335
los	95	39	2751.94	2176.73	2464.335
spe	94	93	2705.465	2558.825	2632.145
los	94	93	2705.465	2558.825	2632.145
spe	42	GCA.002502135.1.Archaea.Undinarchaeota	2027.525	0.0	1013.7625
los	42	GCA.002502135.1.Archaea.Undinarchaeota	2027.525	0.0	1013.7625
spe	177	176	2975.235	2798.9	2887.0675
spe	140	GCF.000019605.1.Archaea.Thermoproteota	2626.73	0.0	1313.365
los	140	GCF.000019605.1.Archaea.Thermoproteota	2626.73	0.0	1313.365
spe	140	139	2626.73	2517.75	2572.24
spe	109	103	2214.8	1798.43	2006.615
los	109	103	2214.8	1798.43	2006.615
spe	108	GCF.000148385.1.Archaea.Thermoproteota	1863.195	0.0	931.5975
los	108	GCF.000148385.1.Archaea.Thermoproteota	1863.195	0.0	931.5975
spe	107	GCA.003019535.1.Archaea.Thermoproteota	1515.18	0.0	757.59
los	107	GCA.003019535.1.Archaea.Thermoproteota	1515.18	0.0	757.59
spe	138	137	2383.655	2168.41	2276.0325
los	138	137	2383.655	2168.41	2276.0325
spe	124	GCA.002495485.1.Archaea.Thermoproteota	2123.145	0.0	1061.5725
los	124	GCA.002495485.1.Archaea.Thermoproteota	2123.145	0.0	1061.5725
spe	123	113	1998.805	1643.05	1820.9275
los	123	113	1998.805	1643.05	1820.9275
spe	122	118	1853.335	1643.115	1748.225
los	122	118	1853.335	1643.115	1748.225
spe	121	GCA.001273335.1.Archaea.Thermoproteota	1422.225	0.0	711.1125
los	121	GCA.001273335.1.Archaea.Thermoproteota	1422.225	0.0	711.1125
spe	176	175	2798.9	2653.515	2726.2075
spe	143	GCA.001563325.1.Archaea.Asgardarchaeota	1902.65	0.0	951.325
los	143	GCA.001563325.1.Archaea.Asgardarchaeota	1902.65	0.0	951.325
spe	174	173	2527.615	2445.14	2486.3775
los	174	173	2527.615	2445.14	2486.3775
