event	left_node	right_node	left_date	right_date	midpoint_date
spe	901	900	3300.53	3098.985	3199.7575
hgt	None	dead	0.0	0.0	0.0
hgt	None	dead	0.0	0.0	0.0
los	None	dead	0.0	0.0	0.0
hgt	1642	1478	3592.175	3018.815	3305.495
spe	900	716	3098.985	2659.235	2879.11
spe	716	670	2659.235	2196.425	2427.83
spe	669	GCA.002335385.1.Bacteria.Acidobacteriota	1665.14	0.0	832.57
los	669	GCA.002335385.1.Bacteria.Acidobacteriota	1665.14	0.0	832.57
spe	668	GCA.002010665.1.Bacteria.Acidobacteriota	1417.72	0.0	708.86
los	668	GCA.002010665.1.Bacteria.Acidobacteriota	1417.72	0.0	708.86
hgt	670	GCA.002898535.1.Bacteria.Acidobacteriota	2196.425	0.0	1098.2125
los	670	GCA.002898535.1.Bacteria.Acidobacteriota	2196.425	0.0	1098.2125
spe	716	715	2659.235	2473.255	2566.245
spe	715	714	2473.255	2337.43	2405.3425
hgt	None	dead	0.0	0.0	0.0
hgt	None	dead	0.0	0.0	0.0
los	None	dead	0.0	0.0	0.0
hgt	714	GCA.002731215.1.Bacteria.Acidobacteriota	2337.43	0.0	1168.715
los	714	GCA.002731215.1.Bacteria.Acidobacteriota	2337.43	0.0	1168.715
spe	982	981	1900.265	1779.97	1840.1175
spe	980	979	1646.88	1531.79	1589.335
los	980	979	1646.88	1531.79	1589.335
spe	972	GCA.002779395.1.Bacteria.Bacteroidota	1266.481	0.0	633.2405
los	972	GCA.002779395.1.Bacteria.Bacteroidota	1266.481	0.0	633.2405
hgt	None	dead	0.0	0.0	0.0
hgt	None	dead	0.0	0.0	0.0
los	None	dead	0.0	0.0	0.0
spe	714	713	2337.43	2182.5	2259.965
spe	699	681	2048.45	1727.015	1887.7325
los	699	681	2048.45	1727.015	1887.7325
spe	698	697	1837.19	1624.47	1730.83
los	698	697	1837.19	1624.47	1730.83
spe	686	684	1587.93	1233.956	1410.943
los	686	684	1587.93	1233.956	1410.943
spe	712	711	1951.73	1691.09	1821.41
los	712	711	1951.73	1691.09	1821.41
spe	706	GCA.002327305.1.Bacteria.Acidobacteriota	1682.815	0.0	841.4075
los	706	GCA.002327305.1.Bacteria.Acidobacteriota	1682.815	0.0	841.4075
spe	704	GCA.003133645.1.Bacteria.Acidobacteriota	1483.83	0.0	741.915
los	704	GCA.003133645.1.Bacteria.Acidobacteriota	1483.83	0.0	741.915
spe	702	GCA.003223635.1.Bacteria.Acidobacteriota	1226.544	0.0	613.272
los	702	GCA.003223635.1.Bacteria.Acidobacteriota	1226.544	0.0	613.272
spe	715	675	2473.255	1949.475	2211.365
hgt	675	GCA.002789615.1.Bacteria.Acidobacteriota	1949.475	0.0	974.7375
los	675	GCA.002789615.1.Bacteria.Acidobacteriota	1949.475	0.0	974.7375
spe	675	674	1949.475	1626.005	1787.74
hgt	674	GCA.002747255.1.Bacteria.Acidobacteriota	1626.005	0.0	813.0025
los	674	GCA.002747255.1.Bacteria.Acidobacteriota	1626.005	0.0	813.0025
hgt	None	dead	0.0	0.0	0.0
hgt	None	dead	0.0	0.0	0.0
los	None	dead	0.0	0.0	0.0
spe	1642	1478	3592.175	3018.815	3305.495
spe	1478	1477	3018.815	2723.605	2871.21
spe	1476	1454	2416.915	1996.555	2206.735
los	1476	1454	2416.915	1996.555	2206.735
spe	1476	1475	2416.915	2249.485	2333.2
spe	1463	1462	1987.575	1858.705	1923.14
los	1463	1462	1987.575	1858.705	1923.14
spe	1457	GCF.003967555.1.Bacteria.Chloroflexota	1538.99	0.0	769.495
los	1457	GCF.003967555.1.Bacteria.Chloroflexota	1538.99	0.0	769.495
spe	1474	1473	2094.15	1294.4735	1694.31175
los	1474	1473	2094.15	1294.4735	1694.31175
spe	1470	1469	1749.085	1574.225	1661.655
los	1470	1469	1749.085	1574.225	1661.655
hgt	None	dead	0.0	0.0	0.0
los	1477	1431	2723.605	2420.455	2572.03
hgt	None	dead	0.0	0.0	0.0
los	None	dead	0.0	0.0	0.0
dup	694	692	1256.385	1113.508	1184.9465
spe	694	692	1256.385	1113.508	1184.9465
hgt	684	GCA.002483445.1.Bacteria.Acidobacteriota	1233.956	0.0	616.978
hgt	347	GCA.002683135.1.Bacteria.Planctomycetota	1905.8	0.0	952.9
spe	694	692	1256.385	1113.508	1184.9465
hgt	692	GCA.003140235.1.Bacteria.Acidobacteriota	1113.508	0.0	556.754
los	692	GCA.003140235.1.Bacteria.Acidobacteriota	1113.508	0.0	556.754
spe	1478	1396	3018.815	1723.235	2371.025
hgt	1396	GCA.003244045.1.Bacteria.Dormibacterota	1723.235	0.0	861.6175
los	1396	GCA.003244045.1.Bacteria.Dormibacterota	1723.235	0.0	861.6175
spe	900	899	3098.985	2936.525	3017.755
hgt	None	dead	0.0	0.0	0.0
spe	899	743	2936.525	2681.09	2808.8075
spe	743	721	2681.09	2277.575	2479.3325
hgt	721	GCA.003230535.1.Bacteria.SZUA.182	2277.575	0.0	1138.7875
los	721	GCA.003230535.1.Bacteria.SZUA.182	2277.575	0.0	1138.7875
spe	721	720	2277.575	1930.555	2104.065
hgt	47	GCA.002495235.1.Archaea.Thermoplasmatota	1480.595	0.0	740.2975
hgt	395	GCA.002402635.1.Bacteria.Deferribacterota	1504.32	0.0	752.16
hgt	720	GCA.001775255.1.Bacteria.Desulfobacterota.D	1930.555	0.0	965.2775
los	720	GCA.001775255.1.Bacteria.Desulfobacterota.D	1930.555	0.0	965.2775
dup	743	742	2681.09	2393.59	2537.34
hgt	None	dead	0.0	0.0	0.0
hgt	654	653	2847.715	2587.485	2717.6
spe	743	742	2681.09	2393.59	2537.34
spe	742	738	2393.59	2076.07	2234.83
hgt	513	483	1885.97	1836.685	1861.3275
hgt	None	dead	0.0	0.0	0.0
los	738	728	2076.07	1746.94	1911.505
hgt	None	dead	0.0	0.0	0.0
los	None	dead	0.0	0.0	0.0
spe	587	581	1495.94	1344.875	1420.4075
hgt	611	GCF.003052605.1.Bacteria.Proteobacteria	936.1675	0.0	468.08375
hgt	536	GCF.900111015.1.Bacteria.Proteobacteria	1675.53	0.0	837.765
spe	581	579	1344.875	1079.9275	1212.40125
hgt	495	GCA.002796975.1.Bacteria.Proteobacteria	1237.1635	0.0	618.58175
spe	513	483	1885.97	1836.685	1861.3275
spe	447	446	1643.315	1453.89	1548.6025
los	447	446	1643.315	1453.89	1548.6025
spe	439	GCA.002723345.1.Bacteria.Proteobacteria	1422.265	0.0	711.1325
los	439	GCA.002723345.1.Bacteria.Proteobacteria	1422.265	0.0	711.1325
spe	483	482	1836.685	1750.105	1793.395
spe	481	480	1674.98	1549.46	1612.22
los	481	480	1674.98	1549.46	1612.22
spe	469	468	1543.27	1359.195	1451.2325
los	469	468	1543.27	1359.195	1451.2325
spe	463	462	1394.155	1117.2015	1255.67825
los	463	462	1394.155	1117.2015	1255.67825
spe	482	458	1750.105	1624.365	1687.235
hgt	None	dead	0.0	0.0	0.0
los	458	456	1624.365	1476.57	1550.4675
hgt	None	dead	0.0	0.0	0.0
los	None	dead	0.0	0.0	0.0
hgt	574	GCF.000374645.1.Bacteria.Proteobacteria	1330.6	0.0	665.3
hgt	435	GCA.006969625.1.Bacteria.Proteobacteria	1536.91	0.0	768.455
spe	738	737	2076.07	1863.46	1969.765
hgt	737	736	1863.46	1526.965	1695.2125
los	737	736	1863.46	1526.965	1695.2125
spe	737	733	1863.46	1467.515	1665.4875
hgt	849	GCF.000266945.1.Bacteria.Desulfobacterota	1605.6	0.0	802.8
hgt	None	dead	0.0	0.0	0.0
los	733	732	1467.515	1232.2775	1349.89625
hgt	None	dead	0.0	0.0	0.0
los	None	dead	0.0	0.0	0.0
hgt	None	dead	0.0	0.0	0.0
dup	None	dead	0.0	0.0	0.0
hgt	None	dead	0.0	0.0	0.0
los	None	dead	0.0	0.0	0.0
hgt	None	dead	0.0	0.0	0.0
los	None	dead	0.0	0.0	0.0
spe	698	697	1837.19	1624.47	1730.83
spe	696	GCA.003224665.1.Bacteria.Acidobacteriota	1431.49	0.0	715.745
los	696	GCA.003224665.1.Bacteria.Acidobacteriota	1431.49	0.0	715.745
spe	696	695	1431.49	1326.405	1378.9475
spe	694	GCA.001767075.1.Bacteria.Acidobacteriota	1256.385	0.0	628.1925
los	694	GCA.001767075.1.Bacteria.Acidobacteriota	1256.385	0.0	628.1925
spe	692	GCA.003140235.1.Bacteria.Acidobacteriota	1113.508	0.0	556.754
los	692	GCA.003140235.1.Bacteria.Acidobacteriota	1113.508	0.0	556.754
hgt	924	GCA.003221825.1.Bacteria.Gemmatimonadota	1568.375	0.0	784.1875
hgt	849	GCF.000266945.1.Bacteria.Desulfobacterota	1605.6	0.0	802.8
hgt	694	GCA.001767075.1.Bacteria.Acidobacteriota	1256.385	0.0	628.1925
hgt	715	714	2473.255	2337.43	2405.3425
spe	741	GCA.001771285.1.Bacteria.Methylomirabilota	1693.345	0.0	846.6725
los	741	GCA.001771285.1.Bacteria.Methylomirabilota	1693.345	0.0	846.6725
hgt	None	dead	0.0	0.0	0.0
hgt	None	dead	0.0	0.0	0.0
los	None	dead	0.0	0.0	0.0
spe	715	714	2473.255	2337.43	2405.3425
spe	713	712	2182.5	1951.73	2067.115
los	713	712	2182.5	1951.73	2067.115
spe	699	681	2048.45	1727.015	1887.7325
los	699	681	2048.45	1727.015	1887.7325
spe	699	698	2048.45	1837.19	1942.82
hgt	588	587	1773.33	1495.94	1634.635
hgt	804	GCA.003247575.1.Bacteria.Myxococcota.A	1824.305	0.0	912.1525
hgt	None	dead	0.0	0.0	0.0
dup	None	dead	0.0	0.0	0.0
hgt	None	dead	0.0	0.0	0.0
los	None	dead	0.0	0.0	0.0
hgt	None	dead	0.0	0.0	0.0
los	None	dead	0.0	0.0	0.0
spe	507	503	1269.025	1116.0495	1192.53725
spe	501	GCA.003454415.1.Bacteria.Proteobacteria	884.6055	0.0	442.30275
los	501	GCA.003454415.1.Bacteria.Proteobacteria	884.6055	0.0	442.30275
hgt	None	dead	0.0	0.0	0.0
hgt	None	dead	0.0	0.0	0.0
los	None	dead	0.0	0.0	0.0
spe	698	697	1837.19	1624.47	1730.83
spe	696	GCA.003224665.1.Bacteria.Acidobacteriota	1431.49	0.0	715.745
los	696	GCA.003224665.1.Bacteria.Acidobacteriota	1431.49	0.0	715.745
spe	696	695	1431.49	1326.405	1378.9475
spe	694	GCA.001767075.1.Bacteria.Acidobacteriota	1256.385	0.0	628.1925
los	694	GCA.001767075.1.Bacteria.Acidobacteriota	1256.385	0.0	628.1925
spe	692	GCA.003140235.1.Bacteria.Acidobacteriota	1113.508	0.0	556.754
los	692	GCA.003140235.1.Bacteria.Acidobacteriota	1113.508	0.0	556.754
hgt	944	GCA.002712165.1.Bacteria.Proteobacteria	1373.315	0.0	686.6575
hgt	579	GCA.003155415.1.Bacteria.Proteobacteria	1079.9275	0.0	539.96375
spe	588	587	1773.33	1495.94	1634.635
spe	581	579	1344.875	1079.9275	1212.40125
los	581	579	1344.875	1079.9275	1212.40125
spe	587	586	1495.94	1375.33	1435.635
spe	585	GCA.002688175.1.Bacteria.Proteobacteria	1166.9135	0.0	583.45675
los	585	GCA.002688175.1.Bacteria.Proteobacteria	1166.9135	0.0	583.45675
spe	698	686	1837.19	1587.93	1712.56
hgt	686	GCA.002451015.1.Bacteria.Acidobacteriota	1587.93	0.0	793.965
los	686	GCA.002451015.1.Bacteria.Acidobacteriota	1587.93	0.0	793.965
hgt	183	GCA.002402105.1.Bacteria.UBP17	2699.305	0.0	1349.6525
hgt	469	468	1543.27	1359.195	1451.2325
spe	686	684	1587.93	1233.956	1410.943
hgt	345	GCA.002746235.1.Bacteria.Planctomycetota	1540.73	0.0	770.365
hgt	282	GCA.003219195.1.Bacteria.Verrucomicrobiota	1342.065	0.0	671.0325
hgt	486	GCA.002721365.1.Bacteria.Proteobacteria	1397.735	0.0	698.8675
hgt	684	GCA.003223975.1.Bacteria.Acidobacteriota	1233.956	0.0	616.978
los	684	GCA.003223975.1.Bacteria.Acidobacteriota	1233.956	0.0	616.978
spe	469	468	1543.27	1359.195	1451.2325
hgt	435	434	1536.91	1353.935	1445.4225
spe	468	467	1359.195	1181.4985	1270.34675
hgt	832	GCA.002696345.1.Bacteria.Myxococcota	1444.88	0.0	722.44
hgt	467	GCA.002291925.1.Bacteria.Proteobacteria	1181.4985	0.0	590.74925
los	467	GCA.002291925.1.Bacteria.Proteobacteria	1181.4985	0.0	590.74925
hgt	741	GCA.003220615.1.Bacteria.Methylomirabilota	1693.345	0.0	846.6725
hgt	592	GCF.001720165.1.Bacteria.Proteobacteria	1273.215	0.0	636.6075
hgt	821	GCF.000737335.2.Bacteria.Proteobacteria	1377.535	0.0	688.7675
spe	435	434	1536.91	1353.935	1445.4225
hgt	804	GCA.002731275.1.Bacteria.Myxococcota	1824.305	0.0	912.1525
hgt	403	GCF.900177345.1.Bacteria.Proteobacteria	2061.575	0.0	1030.7875
hgt	981	980	1779.97	1646.88	1713.425
spe	981	980	1779.97	1646.88	1713.425
spe	979	978	1531.79	1394.385	1463.0875
los	979	978	1531.79	1394.385	1463.0875
spe	980	972	1646.88	1266.481	1456.6805
hgt	972	GCA.002779395.1.Bacteria.Bacteroidota	1266.481	0.0	633.2405
los	972	GCA.002779395.1.Bacteria.Bacteroidota	1266.481	0.0	633.2405
dup	654	653	2847.715	2587.485	2717.6
spe	654	653	2847.715	2587.485	2717.6
spe	653	652	2587.485	2416.38	2501.9325
hgt	652	526	2416.38	1930.815	2173.5975
los	652	526	2416.38	1930.815	2173.5975
spe	841	840	2325.31	2147.98	2236.645
spe	804	GCA.002731275.1.Bacteria.Myxococcota	1824.305	0.0	912.1525
los	804	GCA.002731275.1.Bacteria.Myxococcota	1824.305	0.0	912.1525
spe	840	839	2147.98	2054.51	2101.245
spe	829	817	2001.85	1835.155	1918.5025
los	829	817	2001.85	1835.155	1918.5025
spe	828	GCA.002699025.1.Bacteria.Myxococcota	1750.53	0.0	875.265
los	828	GCA.002699025.1.Bacteria.Myxococcota	1750.53	0.0	875.265
spe	828	827	1750.53	1617.135	1683.8325
spe	826	GCA.002747355.1.Bacteria.Myxococcota	1444.855	0.0	722.4275
los	826	GCA.002747355.1.Bacteria.Myxococcota	1444.855	0.0	722.4275
spe	825	GCA.003170275.1.Bacteria.Myxococcota	1134.553	0.0	567.2765
los	825	GCA.003170275.1.Bacteria.Myxococcota	1134.553	0.0	567.2765
spe	821	GCA.002841825.1.Bacteria.Myxococcota	1377.535	0.0	688.7675
los	821	GCA.002841825.1.Bacteria.Myxococcota	1377.535	0.0	688.7675
hgt	None	dead	0.0	0.0	0.0
los	839	838	2054.51	1822.44	1938.475
hgt	None	dead	0.0	0.0	0.0
los	None	dead	0.0	0.0	0.0
spe	780	778	1693.33	1459.395	1576.3625
hgt	611	GCF.000284615.1.Bacteria.Proteobacteria	936.1675	0.0	468.08375
hgt	403	GCF.900177345.1.Bacteria.Proteobacteria	2061.575	0.0	1030.7875
spe	651	533	2271.59	1932.55	2102.07
los	651	533	2271.59	1932.55	2102.07
spe	650	536	2175.61	1675.53	1925.57
los	650	536	2175.61	1675.53	1925.57
spe	649	543	2098.745	1839.06	1968.9025
los	649	543	2098.745	1839.06	1968.9025
spe	649	648	2098.745	2020.585	2059.665
spe	648	562	2020.585	1844.995	1932.79
hgt	562	546	1844.995	1417.275	1631.135
los	562	546	1844.995	1417.275	1631.135
spe	561	560	1768.445	1588.765	1678.605
los	561	560	1768.445	1588.765	1678.605
spe	553	552	1596.945	1380.83	1488.8875
los	553	552	1596.945	1380.83	1488.8875
spe	648	647	2020.585	1948.805	1984.695
spe	571	565	1706.635	1414.39	1560.5125
los	571	565	1706.635	1414.39	1560.5125
spe	570	GCA.002255365.1.Bacteria.Proteobacteria	1535.435	0.0	767.7175
los	570	GCA.002255365.1.Bacteria.Proteobacteria	1535.435	0.0	767.7175
spe	568	GCF.001051235.1.Bacteria.Proteobacteria	1379.435	0.0	689.7175
los	568	GCF.001051235.1.Bacteria.Proteobacteria	1379.435	0.0	689.7175
spe	647	646	1948.805	1902.685	1925.745
spe	588	587	1773.33	1495.94	1634.635
los	588	587	1773.33	1495.94	1634.635
spe	576	GCA.002432655.1.Bacteria.Proteobacteria	1581.265	0.0	790.6325
los	576	GCA.002432655.1.Bacteria.Proteobacteria	1581.265	0.0	790.6325
spe	574	GCF.900112605.1.Bacteria.Proteobacteria	1330.6	0.0	665.3
los	574	GCF.900112605.1.Bacteria.Proteobacteria	1330.6	0.0	665.3
spe	645	631	1840.255	1777.47	1808.8625
los	645	631	1840.255	1777.47	1808.8625
spe	644	643	1647.11	1467.95	1557.53
los	644	643	1647.11	1467.95	1557.53
spe	636	GCA.002840095.1.Bacteria.Proteobacteria	1555.685	0.0	777.8425
los	636	GCA.002840095.1.Bacteria.Proteobacteria	1555.685	0.0	777.8425
spe	634	GCF.002020875.1.Bacteria.Proteobacteria	1386.92	0.0	693.46
los	634	GCF.002020875.1.Bacteria.Proteobacteria	1386.92	0.0	693.46
spe	654	653	2847.715	2587.485	2717.6
hgt	574	GCF.900112605.1.Bacteria.Proteobacteria	1330.6	0.0	665.3
spe	653	652	2587.485	2416.38	2501.9325
hgt	None	dead	0.0	0.0	0.0
los	652	526	2416.38	1930.815	2173.5975
hgt	None	dead	0.0	0.0	0.0
los	None	dead	0.0	0.0	0.0
spe	651	650	2271.59	2175.61	2223.6
los	651	650	2271.59	2175.61	2223.6
spe	533	532	1932.55	1529.075	1730.8125
los	533	532	1932.55	1529.075	1730.8125
spe	529	GCA.002420425.1.Bacteria.Proteobacteria	1606.235	0.0	803.1175
los	529	GCA.002420425.1.Bacteria.Proteobacteria	1606.235	0.0	803.1175
hgt	None	dead	0.0	0.0	0.0
los	None	dead	0.0	0.0	0.0
dup	514	513	1954.11	1885.97	1920.04
hgt	None	dead	0.0	0.0	0.0
hgt	None	dead	0.0	0.0	0.0
los	None	dead	0.0	0.0	0.0
spe	581	579	1344.875	1079.9275	1212.40125
hgt	None	dead	0.0	0.0	0.0
hgt	None	dead	0.0	0.0	0.0
los	None	dead	0.0	0.0	0.0
spe	514	513	1954.11	1885.97	1920.04
spe	483	447	1836.685	1643.315	1740.0
los	483	447	1836.685	1643.315	1740.0
spe	482	458	1750.105	1624.365	1687.235
los	482	458	1750.105	1624.365	1687.235
spe	481	480	1674.98	1549.46	1612.22
los	481	480	1674.98	1549.46	1612.22
spe	469	463	1543.27	1394.155	1468.7125
los	469	463	1543.27	1394.155	1468.7125
spe	468	467	1359.195	1181.4985	1270.34675
los	468	467	1359.195	1181.4985	1270.34675
spe	513	512	1885.97	1775.885	1830.9275
spe	511	489	1694.565	1316.195	1505.38
los	511	489	1694.565	1316.195	1505.38
spe	510	492	1636.78	1312.7	1474.74
los	510	492	1636.78	1312.7	1474.74
spe	509	495	1544.73	1237.1635	1390.94675
los	509	495	1544.73	1237.1635	1390.94675
spe	508	507	1436.825	1269.025	1352.925
los	508	507	1436.825	1269.025	1352.925
spe	498	GCA.002731375.1.Bacteria.Proteobacteria	1261.48	0.0	630.74
los	498	GCA.002731375.1.Bacteria.Proteobacteria	1261.48	0.0	630.74
spe	486	GCA.002721365.1.Bacteria.Proteobacteria	1397.735	0.0	698.8675
los	486	GCA.002721365.1.Bacteria.Proteobacteria	1397.735	0.0	698.8675
spe	514	513	1954.11	1885.97	1920.04
spe	483	447	1836.685	1643.315	1740.0
los	483	447	1836.685	1643.315	1740.0
spe	482	458	1750.105	1624.365	1687.235
los	482	458	1750.105	1624.365	1687.235
spe	481	480	1674.98	1549.46	1612.22
los	481	480	1674.98	1549.46	1612.22
spe	469	468	1543.27	1359.195	1451.2325
los	469	468	1543.27	1359.195	1451.2325
spe	469	463	1543.27	1394.155	1468.7125
spe	462	GCF.006980715.1.Bacteria.Proteobacteria	1117.2015	0.0	558.60075
los	462	GCF.006980715.1.Bacteria.Proteobacteria	1117.2015	0.0	558.60075
dup	463	GCF.002251795.1.Bacteria.Proteobacteria	1394.155	0.0	697.0775
dup	463	GCF.002251795.1.Bacteria.Proteobacteria	1394.155	0.0	697.0775
dup	463	GCF.002251795.1.Bacteria.Proteobacteria	1394.155	0.0	697.0775
hgt	None	dead	0.0	0.0	0.0
hgt	None	dead	0.0	0.0	0.0
los	None	dead	0.0	0.0	0.0
spe	631	603	1777.47	1696.92	1737.195
spe	602	592	1612.41	1273.215	1442.8125
los	602	592	1612.41	1273.215	1442.8125
spe	602	601	1612.41	1475.48	1543.945
spe	601	595	1475.48	1266.66	1371.07
hgt	595	GCA.002454015.1.Bacteria.Proteobacteria	1266.66	0.0	633.33
los	595	GCA.002454015.1.Bacteria.Proteobacteria	1266.66	0.0	633.33
hgt	579	GCA.003137095.1.Bacteria.Proteobacteria	1079.9275	0.0	539.96375
hgt	612	GCF.003612015.1.Bacteria.Proteobacteria	1256.25	0.0	628.125
hgt	462	GCF.006980715.1.Bacteria.Proteobacteria	1117.2015	0.0	558.60075
spe	601	600	1475.48	1276.255	1375.8675
spe	600	598	1276.255	953.337	1114.796
hgt	598	GCA.002170535.1.Bacteria.Proteobacteria	953.337	0.0	476.6685
los	598	GCA.002170535.1.Bacteria.Proteobacteria	953.337	0.0	476.6685
hgt	796	GCA.002238415.1.Bacteria.Desulfobacterota.B	1652.795	0.0	826.3975
hgt	600	GCA.002007425.1.Bacteria.Proteobacteria	1276.255	0.0	638.1275
los	600	GCA.002007425.1.Bacteria.Proteobacteria	1276.255	0.0	638.1275
dup	697	GCA.003222815.1.Bacteria.Acidobacteriota	1624.47	0.0	812.235
hgt	579	GCA.003155415.1.Bacteria.Proteobacteria	1079.9275	0.0	539.96375
dup	697	GCA.003222815.1.Bacteria.Acidobacteriota	1624.47	0.0	812.235
hgt	None	dead	0.0	0.0	0.0
hgt	None	dead	0.0	0.0	0.0
los	None	dead	0.0	0.0	0.0
hgt	829	817	2001.85	1835.155	1918.5025
spe	513	512	1885.97	1775.885	1830.9275
spe	486	GCA.002721365.1.Bacteria.Proteobacteria	1397.735	0.0	698.8675
los	486	GCA.002721365.1.Bacteria.Proteobacteria	1397.735	0.0	698.8675
spe	511	489	1694.565	1316.195	1505.38
los	511	489	1694.565	1316.195	1505.38
spe	511	510	1694.565	1636.78	1665.6725
spe	510	509	1636.78	1544.73	1590.755
hgt	509	495	1544.73	1237.1635	1390.94675
los	509	495	1544.73	1237.1635	1390.94675
spe	509	508	1544.73	1436.825	1490.7775
spe	507	503	1269.025	1116.0495	1192.53725
los	507	503	1269.025	1116.0495	1192.53725
spe	506	GCA.001464215.1.Bacteria.Proteobacteria	1217.64	0.0	608.82
los	506	GCA.001464215.1.Bacteria.Proteobacteria	1217.64	0.0	608.82
hgt	None	dead	0.0	0.0	0.0
hgt	None	dead	0.0	0.0	0.0
los	None	dead	0.0	0.0	0.0
hgt	508	498	1436.825	1261.48	1349.1525
los	508	498	1436.825	1261.48	1349.1525
hgt	587	586	1495.94	1375.33	1435.635
spe	510	492	1636.78	1312.7	1474.74
hgt	579	GCA.003137095.1.Bacteria.Proteobacteria	1079.9275	0.0	539.96375
hgt	598	GCA.002292285.1.Bacteria.Proteobacteria	953.337	0.0	476.6685
hgt	468	GCF.900167455.1.Bacteria.Proteobacteria	1359.195	0.0	679.5975
spe	587	586	1495.94	1375.33	1435.635
spe	585	GCA.002338605.1.Bacteria.Proteobacteria	1166.9135	0.0	583.45675
los	585	GCA.002338605.1.Bacteria.Proteobacteria	1166.9135	0.0	583.45675
spe	829	817	2001.85	1835.155	1918.5025
spe	813	807	1676.35	1389.97	1533.16
los	813	807	1676.35	1389.97	1533.16
spe	812	GCA.002863065.1.Bacteria.Myxococcota	1516.905	0.0	758.4525
los	812	GCA.002863065.1.Bacteria.Myxococcota	1516.905	0.0	758.4525
spe	811	GCA.002726535.1.Bacteria.Myxococcota	1313.225	0.0	656.6125
los	811	GCA.002726535.1.Bacteria.Myxococcota	1313.225	0.0	656.6125
spe	817	816	1835.155	1328.145	1581.65
hgt	816	GCA.002707085.1.Bacteria.Myxococcota.A	1328.145	0.0	664.0725
los	816	GCA.002707085.1.Bacteria.Myxococcota.A	1328.145	0.0	664.0725
spe	743	742	2681.09	2393.59	2537.34
spe	741	GCA.001771285.1.Bacteria.Methylomirabilota	1693.345	0.0	846.6725
los	741	GCA.001771285.1.Bacteria.Methylomirabilota	1693.345	0.0	846.6725
hgt	None	dead	0.0	0.0	0.0
los	742	738	2393.59	2076.07	2234.83
hgt	None	dead	0.0	0.0	0.0
los	None	dead	0.0	0.0	0.0
dup	1165	1164	1370.47	1261.825	1316.1475
spe	1164	1160	1261.825	1110.64	1186.2325
los	1164	1160	1261.825	1110.64	1186.2325
spe	1163	GCA.001437855.1.Bacteria.Actinobacteriota	1087.464	0.0	543.732
los	1163	GCA.001437855.1.Bacteria.Actinobacteriota	1087.464	0.0	543.732
spe	1165	1164	1370.47	1261.825	1316.1475
spe	1163	GCA.001437855.1.Bacteria.Actinobacteriota	1087.464	0.0	543.732
los	1163	GCA.001437855.1.Bacteria.Actinobacteriota	1087.464	0.0	543.732
dup	1163	GCF.000384115.1.Bacteria.Actinobacteriota	1087.464	0.0	543.732
dup	1163	GCF.000384115.1.Bacteria.Actinobacteriota	1087.464	0.0	543.732
dup	1163	GCF.000384115.1.Bacteria.Actinobacteriota	1087.464	0.0	543.732
spe	1160	GCF.000015025.1.Bacteria.Actinobacteriota	1110.64	0.0	555.32
los	1160	GCF.000015025.1.Bacteria.Actinobacteriota	1110.64	0.0	555.32
spe	1158	GCF.900106035.1.Bacteria.Actinobacteriota	987.523	0.0	493.7615
los	1158	GCF.900106035.1.Bacteria.Actinobacteriota	987.523	0.0	493.7615
dup	1158	GCF.001942305.1.Bacteria.Actinobacteriota	987.523	0.0	493.7615
dup	1158	GCF.001942305.1.Bacteria.Actinobacteriota	987.523	0.0	493.7615
hgt	1154	GCF.003047285.1.Bacteria.Actinobacteriota	976.5785	0.0	488.28925
hgt	None	dead	0.0	0.0	0.0
los	None	dead	0.0	0.0	0.0
dup	514	513	1954.11	1885.97	1920.04
spe	514	513	1954.11	1885.97	1920.04
spe	512	511	1775.885	1694.565	1735.225
los	512	511	1775.885	1694.565	1735.225
spe	486	GCA.002721365.1.Bacteria.Proteobacteria	1397.735	0.0	698.8675
los	486	GCA.002721365.1.Bacteria.Proteobacteria	1397.735	0.0	698.8675
spe	513	483	1885.97	1836.685	1861.3275
spe	447	446	1643.315	1453.89	1548.6025
los	447	446	1643.315	1453.89	1548.6025
spe	439	GCF.001613805.1.Bacteria.Proteobacteria	1422.265	0.0	711.1325
los	439	GCF.001613805.1.Bacteria.Proteobacteria	1422.265	0.0	711.1325
spe	483	482	1836.685	1750.105	1793.395
hgt	None	dead	0.0	0.0	0.0
los	482	481	1750.105	1674.98	1712.5425
hgt	None	dead	0.0	0.0	0.0
los	None	dead	0.0	0.0	0.0
spe	458	GCA.002340345.1.Bacteria.Proteobacteria	1624.365	0.0	812.1825
los	458	GCA.002340345.1.Bacteria.Proteobacteria	1624.365	0.0	812.1825
spe	456	GCF.002148795.1.Bacteria.Proteobacteria	1476.57	0.0	738.285
los	456	GCF.002148795.1.Bacteria.Proteobacteria	1476.57	0.0	738.285
spe	455	454	1226.72	1094.241	1160.4805
los	455	454	1226.72	1094.241	1160.4805
spe	513	483	1885.97	1836.685	1861.3275
los	513	483	1885.97	1836.685	1861.3275
spe	513	512	1885.97	1775.885	1830.9275
spe	511	489	1694.565	1316.195	1505.38
los	511	489	1694.565	1316.195	1505.38
spe	510	509	1636.78	1544.73	1590.755
los	510	509	1636.78	1544.73	1590.755
spe	492	GCF.900172325.1.Bacteria.Proteobacteria	1312.7	0.0	656.35
los	492	GCF.900172325.1.Bacteria.Proteobacteria	1312.7	0.0	656.35
spe	512	486	1775.885	1397.735	1586.81
hgt	486	GCF.000264455.2.Bacteria.Proteobacteria	1397.735	0.0	698.8675
los	486	GCF.000264455.2.Bacteria.Proteobacteria	1397.735	0.0	698.8675
dup	486	GCA.002721365.1.Bacteria.Proteobacteria	1397.735	0.0	698.8675
hgt	517	GCA.002937675.1.Bacteria.Proteobacteria	2290.125	0.0	1145.0625
hgt	None	dead	0.0	0.0	0.0
hgt	None	dead	0.0	0.0	0.0
los	None	dead	0.0	0.0	0.0
hgt	None	dead	0.0	0.0	0.0
los	899	898	2936.525	2864.305	2900.415
hgt	None	dead	0.0	0.0	0.0
los	None	dead	0.0	0.0	0.0
