event	left_node	right_node	left_date	right_date	midpoint_date
spe	1047	1046	3589.185	3513.075	3551.13
spe	1045	1044	3138.485	2889.865	3014.175
los	1045	1044	3138.485	2889.865	3014.175
spe	921	905	2815.65	1765.605	2290.6275
los	921	905	2815.65	1765.605	2290.6275
spe	920	GCA.001774505.1.Bacteria.RBG.13.66.14	2705.935	0.0	1352.9675
los	920	GCA.001774505.1.Bacteria.RBG.13.66.14	2705.935	0.0	1352.9675
spe	919	911	2365.695	2194.89	2280.2925
los	919	911	2365.695	2194.89	2280.2925
spe	918	916	2149.595	1975.925	2062.76
los	918	916	2149.595	1975.925	2062.76
spe	1046	902	3513.075	3405.845	3459.46
spe	901	900	3300.53	3098.985	3199.7575
los	901	900	3300.53	3098.985	3199.7575
hgt	None	dead	0.0	0.0	0.0
hgt	1663	GCA.001464165.1.Bacteria.Cyanobacteria	1748.05	0.0	874.025
hgt	None	dead	0.0	0.0	0.0
los	None	dead	0.0	0.0	0.0
spe	663	397	3210.05	2713.19	2961.62
los	663	397	3210.05	2713.19	2961.62
spe	663	662	3210.05	3126.015	3168.0325
spe	400	GCA.002401295.1.Bacteria.SAR324	1933.765	0.0	966.8825
los	400	GCA.002401295.1.Bacteria.SAR324	1933.765	0.0	966.8825
hgt	None	dead	0.0	0.0	0.0
hgt	None	dead	0.0	0.0	0.0
los	None	dead	0.0	0.0	0.0
spe	661	660	3067.985	2386.55	2727.2675
los	661	660	3067.985	2386.55	2727.2675
spe	661	655	3067.985	2988.07	3028.0275
spe	655	403	2988.07	2061.575	2524.8225
hgt	None	dead	0.0	0.0	0.0
los	403	GCF.001907975.1.Bacteria.Proteobacteria	2061.575	0.0	1030.7875
hgt	None	dead	0.0	0.0	0.0
los	None	dead	0.0	0.0	0.0
hgt	None	dead	0.0	0.0	0.0
spe	654	520	2847.715	2756.655	2802.185
los	654	520	2847.715	2756.655	2802.185
hgt	None	dead	0.0	0.0	0.0
hgt	None	dead	0.0	0.0	0.0
los	None	dead	0.0	0.0	0.0
spe	984	983	2294.155	2135.355	2214.755
spe	967	GCF.000013045.1.Bacteria.Bacteroidota	1879.385	0.0	939.6925
los	967	GCF.000013045.1.Bacteria.Bacteroidota	1879.385	0.0	939.6925
spe	966	GCA.003167015.1.Bacteria.Bacteroidota	1606.29	0.0	803.145
los	966	GCA.003167015.1.Bacteria.Bacteroidota	1606.29	0.0	803.145
spe	965	964	1429.675	1306.425	1368.05
los	965	964	1429.675	1306.425	1368.05
spe	955	GCF.001280305.1.Bacteria.Bacteroidota	1277.41	0.0	638.705
los	955	GCF.001280305.1.Bacteria.Bacteroidota	1277.41	0.0	638.705
spe	982	GCF.001535965.1.Bacteria.Bacteroidota	1900.265	0.0	950.1325
los	982	GCF.001535965.1.Bacteria.Bacteroidota	1900.265	0.0	950.1325
spe	982	981	1900.265	1779.97	1840.1175
spe	980	979	1646.88	1531.79	1589.335
los	980	979	1646.88	1531.79	1589.335
spe	972	GCA.003158475.1.Bacteria.Bacteroidota	1266.481	0.0	633.2405
los	972	GCA.003158475.1.Bacteria.Bacteroidota	1266.481	0.0	633.2405
spe	653	GCF.001399755.1.Bacteria.Proteobacteria	2587.485	0.0	1293.7425
los	653	GCF.001399755.1.Bacteria.Proteobacteria	2587.485	0.0	1293.7425
hgt	None	dead	0.0	0.0	0.0
hgt	None	dead	0.0	0.0	0.0
spe	652	526	2416.38	1930.815	2173.5975
los	652	526	2416.38	1930.815	2173.5975
hgt	None	dead	0.0	0.0	0.0
hgt	None	dead	0.0	0.0	0.0
los	None	dead	0.0	0.0	0.0
spe	652	651	2416.38	2271.59	2343.985
hgt	None	dead	0.0	0.0	0.0
hgt	None	dead	0.0	0.0	0.0
spe	651	650	2271.59	2175.61	2223.6
spe	536	GCF.002940605.1.Bacteria.Proteobacteria	1675.53	0.0	837.765
los	536	GCF.002940605.1.Bacteria.Proteobacteria	1675.53	0.0	837.765
spe	650	649	2175.61	2098.745	2137.1775
spe	543	539	1839.06	1564.68	1701.87
los	543	539	1839.06	1564.68	1701.87
spe	542	GCA.002631715.1.Bacteria.Proteobacteria	1583.705	0.0	791.8525
los	542	GCA.002631715.1.Bacteria.Proteobacteria	1583.705	0.0	791.8525
spe	648	562	2020.585	1844.995	1932.79
los	648	562	2020.585	1844.995	1932.79
spe	648	647	2020.585	1948.805	1984.695
spe	571	565	1706.635	1414.39	1560.5125
los	571	565	1706.635	1414.39	1560.5125
spe	570	GCA.002255365.1.Bacteria.Proteobacteria	1535.435	0.0	767.7175
los	570	GCA.002255365.1.Bacteria.Proteobacteria	1535.435	0.0	767.7175
spe	568	GCF.001051235.1.Bacteria.Proteobacteria	1379.435	0.0	689.7175
los	568	GCF.001051235.1.Bacteria.Proteobacteria	1379.435	0.0	689.7175
spe	646	645	1902.685	1840.255	1871.47
los	646	645	1902.685	1840.255	1871.47
spe	588	576	1773.33	1581.265	1677.2975
los	588	576	1773.33	1581.265	1677.2975
spe	587	586	1495.94	1375.33	1435.635
los	587	586	1495.94	1375.33	1435.635
spe	581	GCA.002868855.1.Bacteria.Proteobacteria	1344.875	0.0	672.4375
los	581	GCA.002868855.1.Bacteria.Proteobacteria	1344.875	0.0	672.4375
spe	579	GCA.003155415.1.Bacteria.Proteobacteria	1079.9275	0.0	539.96375
los	579	GCA.003155415.1.Bacteria.Proteobacteria	1079.9275	0.0	539.96375
hgt	585	GCA.002338605.1.Bacteria.Proteobacteria	1166.9135	0.0	583.45675
hgt	None	dead	0.0	0.0	0.0
los	None	dead	0.0	0.0	0.0
hgt	804	GCA.003247575.1.Bacteria.Myxococcota.A	1824.305	0.0	912.1525
hgt	None	dead	0.0	0.0	0.0
los	None	dead	0.0	0.0	0.0
spe	514	513	1954.11	1885.97	1920.04
spe	513	483	1885.97	1836.685	1861.3275
spe	447	446	1643.315	1453.89	1548.6025
los	447	446	1643.315	1453.89	1548.6025
spe	439	GCA.002723345.1.Bacteria.Proteobacteria	1422.265	0.0	711.1325
los	439	GCA.002723345.1.Bacteria.Proteobacteria	1422.265	0.0	711.1325
spe	482	458	1750.105	1624.365	1687.235
los	482	458	1750.105	1624.365	1687.235
spe	481	480	1674.98	1549.46	1612.22
los	481	480	1674.98	1549.46	1612.22
spe	469	468	1543.27	1359.195	1451.2325
los	469	468	1543.27	1359.195	1451.2325
spe	463	462	1394.155	1117.2015	1255.67825
los	463	462	1394.155	1117.2015	1255.67825
spe	512	486	1775.885	1397.735	1586.81
los	512	486	1775.885	1397.735	1586.81
spe	511	489	1694.565	1316.195	1505.38
los	511	489	1694.565	1316.195	1505.38
spe	511	510	1694.565	1636.78	1665.6725
spe	509	508	1544.73	1436.825	1490.7775
los	509	508	1544.73	1436.825	1490.7775
spe	495	GCA.002796975.1.Bacteria.Proteobacteria	1237.1635	0.0	618.58175
los	495	GCA.002796975.1.Bacteria.Proteobacteria	1237.1635	0.0	618.58175
spe	510	492	1636.78	1312.7	1474.74
hgt	None	dead	0.0	0.0	0.0
los	492	GCF.002798435.1.Bacteria.Proteobacteria	1312.7	0.0	656.35
hgt	None	dead	0.0	0.0	0.0
los	None	dead	0.0	0.0	0.0
spe	651	533	2271.59	1932.55	2102.07
spe	529	GCA.002451085.1.Bacteria.Proteobacteria	1606.235	0.0	803.1175
los	529	GCA.002451085.1.Bacteria.Proteobacteria	1606.235	0.0	803.1175
spe	533	532	1932.55	1529.075	1730.8125
hgt	None	dead	0.0	0.0	0.0
los	532	GCA.002405475.1.Bacteria.Proteobacteria	1529.075	0.0	764.5375
hgt	None	dead	0.0	0.0	0.0
los	None	dead	0.0	0.0	0.0
hgt	None	dead	0.0	0.0	0.0
los	None	dead	0.0	0.0	0.0
spe	514	513	1954.11	1885.97	1920.04
spe	512	486	1775.885	1397.735	1586.81
los	512	486	1775.885	1397.735	1586.81
spe	511	489	1694.565	1316.195	1505.38
los	511	489	1694.565	1316.195	1505.38
spe	510	492	1636.78	1312.7	1474.74
los	510	492	1636.78	1312.7	1474.74
spe	509	508	1544.73	1436.825	1490.7775
los	509	508	1544.73	1436.825	1490.7775
spe	495	GCF.003173035.1.Bacteria.Proteobacteria	1237.1635	0.0	618.58175
los	495	GCF.003173035.1.Bacteria.Proteobacteria	1237.1635	0.0	618.58175
hgt	183	GCA.002402105.1.Bacteria.UBP17	2699.305	0.0	1349.6525
spe	513	483	1885.97	1836.685	1861.3275
spe	483	447	1836.685	1643.315	1740.0
spe	446	GCA.002717185.1.Bacteria.Proteobacteria	1453.89	0.0	726.945
los	446	GCA.002717185.1.Bacteria.Proteobacteria	1453.89	0.0	726.945
spe	445	GCA.002717225.1.Bacteria.Proteobacteria	1339.17	0.0	669.585
los	445	GCA.002717225.1.Bacteria.Proteobacteria	1339.17	0.0	669.585
spe	444	GCA.002686135.1.Bacteria.Proteobacteria	1137.223	0.0	568.6115
los	444	GCA.002686135.1.Bacteria.Proteobacteria	1137.223	0.0	568.6115
spe	439	GCF.001613805.1.Bacteria.Proteobacteria	1422.265	0.0	711.1325
los	439	GCF.001613805.1.Bacteria.Proteobacteria	1422.265	0.0	711.1325
spe	482	458	1750.105	1624.365	1687.235
los	482	458	1750.105	1624.365	1687.235
spe	481	480	1674.98	1549.46	1612.22
los	481	480	1674.98	1549.46	1612.22
spe	481	469	1674.98	1543.27	1609.125
spe	463	GCF.002251795.1.Bacteria.Proteobacteria	1394.155	0.0	697.0775
los	463	GCF.002251795.1.Bacteria.Proteobacteria	1394.155	0.0	697.0775
spe	463	462	1394.155	1117.2015	1255.67825
spe	469	468	1543.27	1359.195	1451.2325
spe	467	GCA.002291925.1.Bacteria.Proteobacteria	1181.4985	0.0	590.74925
los	467	GCA.002291925.1.Bacteria.Proteobacteria	1181.4985	0.0	590.74925
hgt	None	dead	0.0	0.0	0.0
los	None	dead	0.0	0.0	0.0
spe	840	839	2147.98	2054.51	2101.245
spe	838	837	1822.44	1472.175	1647.3075
los	838	837	1822.44	1472.175	1647.3075
spe	834	GCA.001798605.1.Bacteria.Myxococcota	1729.09	0.0	864.545
los	834	GCA.001798605.1.Bacteria.Myxococcota	1729.09	0.0	864.545
spe	832	GCA.002721815.1.Bacteria.Myxococcota	1444.88	0.0	722.44
los	832	GCA.002721815.1.Bacteria.Myxococcota	1444.88	0.0	722.44
spe	839	829	2054.51	2001.85	2028.18
hgt	None	dead	0.0	0.0	0.0
spe	829	828	2001.85	1750.53	1876.19
spe	827	826	1617.135	1444.855	1530.995
los	827	826	1617.135	1444.855	1530.995
spe	821	GCA.002841825.1.Bacteria.Myxococcota	1377.535	0.0	688.7675
los	821	GCA.002841825.1.Bacteria.Myxococcota	1377.535	0.0	688.7675
dup	None	dead	0.0	0.0	0.0
hgt	None	dead	0.0	0.0	0.0
los	None	dead	0.0	0.0	0.0
hgt	1700	1688	1825.65	1436.775	1631.2125
hgt	None	dead	0.0	0.0	0.0
los	None	dead	0.0	0.0	0.0
spe	1166	1165	1480.79	1370.47	1425.63
spe	1155	GCF.003443735.1.Bacteria.Actinobacteriota	1276.115	0.0	638.0575
los	1155	GCF.003443735.1.Bacteria.Actinobacteriota	1276.115	0.0	638.0575
spe	1154	GCF.001591405.1.Bacteria.Actinobacteria	976.5785	0.0	488.28925
los	1154	GCF.001591405.1.Bacteria.Actinobacteria	976.5785	0.0	488.28925
spe	1164	1163	1261.825	1087.464	1174.6445
los	1164	1163	1261.825	1087.464	1174.6445
spe	1160	GCF.000015025.1.Bacteria.Actinobacteriota	1110.64	0.0	555.32
los	1160	GCF.000015025.1.Bacteria.Actinobacteriota	1110.64	0.0	555.32
spe	1158	GCF.001942305.1.Bacteria.Actinobacteriota	987.523	0.0	493.7615
los	1158	GCF.001942305.1.Bacteria.Actinobacteriota	987.523	0.0	493.7615
hgt	1672	GCF.002251945.1.Bacteria.Cyanobacteria	1717.695	0.0	858.8475
spe	1700	1688	1825.65	1436.775	1631.2125
spe	829	817	2001.85	1835.155	1918.5025
spe	813	812	1676.35	1516.905	1596.6275
los	813	812	1676.35	1516.905	1596.6275
hgt	804	GCA.002731275.1.Bacteria.Myxococcota	1824.305	0.0	912.1525
spe	807	GCA.002841945.1.Bacteria.Myxococcota	1389.97	0.0	694.985
los	807	GCA.002841945.1.Bacteria.Myxococcota	1389.97	0.0	694.985
spe	817	816	1835.155	1328.145	1581.65
hgt	816	GCA.002707085.1.Bacteria.Myxococcota.A	1328.145	0.0	664.0725
los	816	GCA.002707085.1.Bacteria.Myxococcota.A	1328.145	0.0	664.0725
hgt	1041	GCA.002686955.1.Bacteria.Gemmatimonadota.A	2350.395	0.0	1175.1975
hgt	None	dead	0.0	0.0	0.0
los	None	dead	0.0	0.0	0.0
spe	174	173	2527.615	2445.14	2486.3775
hgt	1667	GCA.003503675.1.Bacteria.Cyanobacteria	2112.65	0.0	1056.325
hgt	None	dead	0.0	0.0	0.0
hgt	None	dead	0.0	0.0	0.0
los	None	dead	0.0	0.0	0.0
hgt	None	dead	0.0	0.0	0.0
hgt	None	dead	0.0	0.0	0.0
hgt	None	dead	0.0	0.0	0.0
los	None	dead	0.0	0.0	0.0
hgt	None	dead	0.0	0.0	0.0
hgt	None	dead	0.0	0.0	0.0
los	None	dead	0.0	0.0	0.0
spe	173	151	2445.14	2127.23	2286.185
spe	150	GCA.003144275.1.Archaea.Asgardarchaeota	1481.835	0.0	740.9175
los	150	GCA.003144275.1.Archaea.Asgardarchaeota	1481.835	0.0	740.9175
spe	147	GCA.001940755.1.Archaea.Asgardarchaeota	1579.1	0.0	789.55
los	147	GCA.001940755.1.Archaea.Asgardarchaeota	1579.1	0.0	789.55
hgt	669	GCA.002335385.1.Bacteria.Acidobacteriota	1665.14	0.0	832.57
hgt	1026	GCA.002084765.1.Bacteria.4572.55	1817.455	0.0	908.7275
hgt	None	dead	0.0	0.0	0.0
los	None	dead	0.0	0.0	0.0
hgt	359	GCF.000949635.1.Bacteria.Planctomycetota	1653.55	0.0	826.775
spe	172	GCA.000002435.2.Eukaryota.Fornicata	1813.355	0.0	906.6775
los	172	GCA.000002435.2.Eukaryota.Fornicata	1813.355	0.0	906.6775
spe	170	GCA.000189635.1.Eukaryota.Ciliophora	1645.265	0.0	822.6325
los	170	GCA.000189635.1.Eukaryota.Ciliophora	1645.265	0.0	822.6325
spe	169	155	1475.775	1215.125	1345.45
los	169	155	1475.775	1215.125	1345.45
spe	169	168	1475.775	1389.275	1432.525
spe	167	166	1219.565	946.8465	1083.20575
los	167	166	1219.565	946.8465	1083.20575
spe	160	GCA.015473125.1.Eukaryota.Viridiplantae	1269.475	0.0	634.7375
los	160	GCA.015473125.1.Eukaryota.Viridiplantae	1269.475	0.0	634.7375
spe	159	GCF.000091205.1.Eukaryota.Rhodophyta	1084.09	0.0	542.045
los	159	GCF.000091205.1.Eukaryota.Rhodophyta	1084.09	0.0	542.045
spe	390	GCA.002780065.1.Bacteria.UBA8481	3029.745	0.0	1514.8725
los	390	GCA.002780065.1.Bacteria.UBA8481	3029.745	0.0	1514.8725
spe	389	371	2648.15	2295.32	2471.735
los	389	371	2648.15	2295.32	2471.735
spe	389	388	2648.15	2422.78	2535.465
spe	387	386	2192.38	1753.72	1973.05
los	387	386	2192.38	1753.72	1973.05
spe	383	GCA.001829315.1.Bacteria.Spirochaetota	1799.86	0.0	899.93
los	383	GCA.001829315.1.Bacteria.Spirochaetota	1799.86	0.0	899.93
spe	381	GCF.001922545.1.Bacteria.Spirochaetota	1432.255	0.0	716.1275
los	381	GCF.001922545.1.Bacteria.Spirochaetota	1432.255	0.0	716.1275
spe	380	GCF.000758165.1.Bacteria.Spirochaetota	1262.3525	0.0	631.17625
los	380	GCF.000758165.1.Bacteria.Spirochaetota	1262.3525	0.0	631.17625
spe	376	GCA.002418835.1.Bacteria.Spirochaetota	1994.345	0.0	997.1725
los	376	GCA.002418835.1.Bacteria.Spirochaetota	1994.345	0.0	997.1725
spe	374	GCA.002730875.1.Bacteria.Spirochaetota	1504.65	0.0	752.325
los	374	GCA.002730875.1.Bacteria.Spirochaetota	1504.65	0.0	752.325
