event	left_node	right_node	left_date	right_date	midpoint_date
spe	1726	1725	3874.525	3797.605	3836.065
hgt	None	dead	0.0	0.0	0.0
hgt	None	dead	0.0	0.0	0.0
los	None	dead	0.0	0.0	0.0
spe	888	887	2336.71	2137.8	2237.255
spe	863	857	1855.945	1680.31	1768.1275
los	863	857	1855.945	1680.31	1768.1275
spe	862	GCA.002782605.1.Bacteria.Desulfobacterota	1513.555	0.0	756.7775
los	862	GCA.002782605.1.Bacteria.Desulfobacterota	1513.555	0.0	756.7775
spe	861	GCA.002327985.1.Bacteria.Desulfobacterota	1399.46	0.0	699.73
los	861	GCA.002327985.1.Bacteria.Desulfobacterota	1399.46	0.0	699.73
spe	886	874	1905.655	1792.455	1849.055
los	886	874	1905.655	1792.455	1849.055
spe	886	885	1905.655	1770.19	1837.9225
spe	884	880	1647.595	1365.41	1506.5025
los	884	880	1647.595	1365.41	1506.5025
spe	883	GCA.000961655.1.Bacteria.Desulfobacterota	1311.85	0.0	655.925
los	883	GCA.000961655.1.Bacteria.Desulfobacterota	1311.85	0.0	655.925
spe	877	GCA.001797675.1.Bacteria.Desulfobacterota	1616.13	0.0	808.065
los	877	GCA.001797675.1.Bacteria.Desulfobacterota	1616.13	0.0	808.065
spe	1393	1129	3319.26	2723.85	3021.555
los	1393	1129	3319.26	2723.85	3021.555
spe	1393	1392	3319.26	3133.075	3226.1675
spe	1188	GCA.002779205.1.Bacteria.Actinobacteriota	2752.47	0.0	1376.235
los	1188	GCA.002779205.1.Bacteria.Actinobacteriota	2752.47	0.0	1376.235
spe	1187	1186	2676.31	2550.565	2613.4375
los	1187	1186	2676.31	2550.565	2613.4375
spe	1133	GCA.001871795.1.Bacteria.Actinobacteriota	1803.285	0.0	901.6425
los	1133	GCA.001871795.1.Bacteria.Actinobacteriota	1803.285	0.0	901.6425
spe	1391	1211	2803.98	2064.13	2434.055
los	1391	1211	2803.98	2064.13	2434.055
spe	1390	1218	2692.555	2397.09	2544.8225
los	1390	1218	2692.555	2397.09	2544.8225
spe	1389	1237	2619.07	2011.28	2315.175
los	1389	1237	2619.07	2011.28	2315.175
spe	1388	1274	2495.045	2255.985	2375.515
los	1388	1274	2495.045	2255.985	2375.515
spe	1387	1386	2426.135	2312.805	2369.47
los	1387	1386	2426.135	2312.805	2369.47
spe	1387	1327	2426.135	2263.0	2344.5675
spe	1289	GCA.002345475.1.Bacteria.Firmicutes.H	1989.36	0.0	994.68
los	1289	GCA.002345475.1.Bacteria.Firmicutes.H	1989.36	0.0	994.68
spe	1288	GCA.002411145.1.Bacteria.Firmicutes.C	1620.075	0.0	810.0375
los	1288	GCA.002411145.1.Bacteria.Firmicutes.C	1620.075	0.0	810.0375
spe	1287	GCA.002329525.1.Bacteria.Firmicutes.C	1424.27	0.0	712.135
los	1287	GCA.002329525.1.Bacteria.Firmicutes.C	1424.27	0.0	712.135
spe	1285	1284	1338.6	1065.8455	1202.22275
los	1285	1284	1338.6	1065.8455	1202.22275
spe	1281	1280	1109.4215	950.2895	1029.8555
los	1281	1280	1109.4215	950.2895	1029.8555
dup	1281	GCF.002257705.1.Bacteria.Firmicutes.C	1109.4215	0.0	554.71075
spe	1327	1326	2263.0	2039.05	2151.025
spe	1325	1297	1862.485	1576.575	1719.53
los	1325	1297	1862.485	1576.575	1719.53
spe	1324	1308	1779.53	1606.55	1693.04
los	1324	1308	1779.53	1606.55	1693.04
spe	1323	1322	1708.06	1384.555	1546.3075
los	1323	1322	1708.06	1384.555	1546.3075
spe	1323	1319	1708.06	1607.725	1657.8925
spe	1318	1317	1519.645	1148.381	1334.013
los	1318	1317	1519.645	1148.381	1334.013
spe	1312	GCF.000019165.1.Bacteria.Firmicutes.B	1284.875	0.0	642.4375
los	1312	GCF.000019165.1.Bacteria.Firmicutes.B	1284.875	0.0	642.4375
spe	1326	1292	2039.05	1516.66	1777.855
hgt	1292	GCF.001950325.1.Bacteria.Firmicutes.B	1516.66	0.0	758.33
los	1292	GCF.001950325.1.Bacteria.Firmicutes.B	1516.66	0.0	758.33
hgt	216	GCA.001805575.1.Bacteria.Omnitrophota	1386.785	0.0	693.3925
dup	216	GCA.001805575.1.Bacteria.Omnitrophota	1386.785	0.0	693.3925
spe	1725	1724	3797.605	3674.455	3736.03
spe	1723	1722	3369.21	3050.45	3209.83
los	1723	1722	3369.21	3050.45	3209.83
spe	1723	1657	3369.21	3016.145	3192.6775
spe	1657	1656	3016.145	2708.915	2862.53
spe	1656	1652	2708.915	2212.19	2460.5525
hgt	1652	1648	2212.19	1648.345	1930.2675
los	1652	1648	2212.19	1648.345	1930.2675
spe	1651	GCA.001783275.1.Bacteria.Margulisbacteria	1776.02	0.0	888.01
los	1651	GCA.001783275.1.Bacteria.Margulisbacteria	1776.02	0.0	888.01
hgt	None	dead	0.0	0.0	0.0
los	1656	1655	2708.915	1788.135	2248.525
hgt	935	GCA.001789205.1.Bacteria.Fibrobacterota	1990.115	0.0	995.0575
hgt	None	dead	0.0	0.0	0.0
los	None	dead	0.0	0.0	0.0
hgt	None	dead	0.0	0.0	0.0
hgt	None	dead	0.0	0.0	0.0
hgt	None	dead	0.0	0.0	0.0
hgt	None	dead	0.0	0.0	0.0
los	None	dead	0.0	0.0	0.0
hgt	178	177	3153.655	2975.235	3064.445
spe	1645	GCA.002050035.1.Bacteria.4484.113	2606.885	0.0	1303.4425
los	1645	GCA.002050035.1.Bacteria.4484.113	2606.885	0.0	1303.4425
dup	178	177	3153.655	2975.235	3064.445
spe	178	177	3153.655	2975.235	3064.445
spe	177	95	2975.235	2751.94	2863.5875
spe	94	42	2705.465	2027.525	2366.495
los	94	42	2705.465	2027.525	2366.495
spe	93	GCF.000025525.1.Archaea.Methanobacteriota.A	2558.825	0.0	1279.4125
los	93	GCF.000025525.1.Archaea.Methanobacteriota.A	2558.825	0.0	1279.4125
spe	92	70	2447.115	2126.625	2286.87
los	92	70	2447.115	2126.625	2286.87
spe	91	GCA.003034855.1.Archaea.Halobacteriota	2166.265	0.0	1083.1325
los	91	GCA.003034855.1.Archaea.Halobacteriota	2166.265	0.0	1083.1325
spe	90	89	1969.495	1812.405	1890.95
los	90	89	1969.495	1812.405	1890.95
spe	74	GCF.000194625.1.Archaea.Halobacteriota	1616.7	0.0	808.35
los	74	GCF.000194625.1.Archaea.Halobacteriota	1616.7	0.0	808.35
spe	39	35	2176.73	1886.455	2031.5925
los	39	35	2176.73	1886.455	2031.5925
spe	38	GCA.001515205.2.Archaea.Hadarchaeota	1770.925	0.0	885.4625
los	38	GCA.001515205.2.Archaea.Hadarchaeota	1770.925	0.0	885.4625
spe	177	176	2975.235	2798.9	2887.0675
hgt	None	dead	0.0	0.0	0.0
los	176	175	2798.9	2653.515	2726.2075
hgt	None	dead	0.0	0.0	0.0
los	None	dead	0.0	0.0	0.0
spe	176	140	2798.9	2626.73	2712.815
spe	139	109	2517.75	2214.8	2366.275
los	139	109	2517.75	2214.8	2366.275
spe	138	124	2383.655	2123.145	2253.4
los	138	124	2383.655	2123.145	2253.4
spe	137	136	2168.41	2026.55	2097.48
los	137	136	2168.41	2026.55	2097.48
hgt	99	GCF.001481685.1.Archaea.Thermoproteota	1356.82	0.0	678.41
spe	178	177	3153.655	2975.235	3064.445
spe	176	175	2798.9	2653.515	2726.2075
los	176	175	2798.9	2653.515	2726.2075
spe	140	GCF.000019605.1.Archaea.Thermoproteota	2626.73	0.0	1313.365
los	140	GCF.000019605.1.Archaea.Thermoproteota	2626.73	0.0	1313.365
dup	140	139	2626.73	2517.75	2572.24
hgt	None	dead	0.0	0.0	0.0
hgt	1228	GCA.003023725.1.Bacteria.Firmicutes.E	1712.115	0.0	856.0575
hgt	1337	GCF.001399675.1.Bacteria.Firmicutes	1365.895	0.0	682.9475
hgt	692	GCA.003140235.1.Bacteria.Acidobacteriota	1113.508	0.0	556.754
hgt	None	dead	0.0	0.0	0.0
los	None	dead	0.0	0.0	0.0
hgt	1098	GCA.003167155.1.Bacteria.Eremiobacterota	1440.925	0.0	720.4625
hgt	600	GCA.002007425.1.Bacteria.Proteobacteria	1276.255	0.0	638.1275
hgt	1461	GCA.002413265.1.Bacteria.Chloroflexota	1519.02	0.0	759.51
spe	140	139	2626.73	2517.75	2572.24
spe	138	137	2383.655	2168.41	2276.0325
los	138	137	2383.655	2168.41	2276.0325
spe	124	123	2123.145	1998.805	2060.975
los	124	123	2123.145	1998.805	2060.975
spe	139	109	2517.75	2214.8	2366.275
spe	108	GCF.000148385.1.Archaea.Thermoproteota	1863.195	0.0	931.5975
los	108	GCF.000148385.1.Archaea.Thermoproteota	1863.195	0.0	931.5975
spe	107	GCA.001717025.1.Archaea.Thermoproteota	1515.18	0.0	757.59
los	107	GCA.001717025.1.Archaea.Thermoproteota	1515.18	0.0	757.59
spe	103	GCA.002254745.1.Archaea.Thermoproteota	1798.43	0.0	899.215
los	103	GCA.002254745.1.Archaea.Thermoproteota	1798.43	0.0	899.215
spe	101	99	1577.935	1356.82	1467.3775
los	101	99	1577.935	1356.82	1467.3775
spe	139	138	2517.75	2383.655	2450.7025
los	139	138	2517.75	2383.655	2450.7025
spe	109	103	2214.8	1798.43	2006.615
los	109	103	2214.8	1798.43	2006.615
hgt	None	dead	0.0	0.0	0.0
hgt	None	dead	0.0	0.0	0.0
los	None	dead	0.0	0.0	0.0
spe	108	107	1863.195	1515.18	1689.1875
los	108	107	1863.195	1515.18	1689.1875
dup	108	GCF.000148385.1.Archaea.Thermoproteota	1863.195	0.0	931.5975
hgt	68	GCA.002495185.1.Archaea.Thermoplasmatota	1695.025	0.0	847.5125
spe	177	95	2975.235	2751.94	2863.5875
spe	94	42	2705.465	2027.525	2366.495
los	94	42	2705.465	2027.525	2366.495
spe	94	93	2705.465	2558.825	2632.145
spe	92	70	2447.115	2126.625	2286.87
los	92	70	2447.115	2126.625	2286.87
spe	92	91	2447.115	2166.265	2306.69
spe	91	90	2166.265	1969.495	2067.88
spe	74	GCA.002011165.1.Archaea.Halobacteriota	1616.7	0.0	808.35
los	74	GCA.002011165.1.Archaea.Halobacteriota	1616.7	0.0	808.35
spe	89	88	1812.405	1663.625	1738.015
los	89	88	1812.405	1663.625	1738.015
hgt	32	26	2402.345	790.375	1596.36
spe	77	GCA.003194435.1.Archaea.Halobacteriota	1412.42	0.0	706.21
los	77	GCA.003194435.1.Archaea.Halobacteriota	1412.42	0.0	706.21
spe	32	26	2402.345	790.375	1596.36
spe	39	38	2176.73	1770.925	1973.8275
los	39	38	2176.73	1770.925	1973.8275
hgt	None	dead	0.0	0.0	0.0
spe	35	GCF.002201895.1.Archaea.Euryarchaeota	1886.455	0.0	943.2275
los	35	GCF.002201895.1.Archaea.Euryarchaeota	1886.455	0.0	943.2275
hgt	None	dead	0.0	0.0	0.0
los	None	dead	0.0	0.0	0.0
dup	86	GCA.001412335.1.Archaea.Halobacteriota	1366.345	0.0	683.1725
hgt	None	dead	0.0	0.0	0.0
hgt	1444	GCA.002366755.1.Bacteria.Chloroflexota	1386.06	0.0	693.03
hgt	None	dead	0.0	0.0	0.0
los	None	dead	0.0	0.0	0.0
hgt	905	GCA.001412425.1.Bacteria.Cloacimonadota	1765.605	0.0	882.8025
hgt	107	GCA.001717025.1.Archaea.Thermoproteota	1515.18	0.0	757.59
hgt	77	GCA.003194435.1.Archaea.Halobacteriota	1412.42	0.0	706.21
hgt	None	dead	0.0	0.0	0.0
los	None	dead	0.0	0.0	0.0
spe	1425	1424	1783.375	1648.125	1715.75
spe	1422	GCA.003484395.1.Bacteria.Chloroflexota	1519.76	0.0	759.88
los	1422	GCA.003484395.1.Bacteria.Chloroflexota	1519.76	0.0	759.88
spe	1421	GCA.002347295.1.Bacteria.Chloroflexota	1474.28	0.0	737.14
los	1421	GCA.002347295.1.Bacteria.Chloroflexota	1474.28	0.0	737.14
spe	1419	GCA.002352365.1.Bacteria.Chloroflexota	1336.415	0.0	668.2075
los	1419	GCA.002352365.1.Bacteria.Chloroflexota	1336.415	0.0	668.2075
hgt	113	GCA.002255025.1.Archaea.Thermoproteota	1643.05	0.0	821.525
hgt	390	GCA.002780065.1.Bacteria.UBA8481	3029.745	0.0	1514.8725
hgt	None	dead	0.0	0.0	0.0
los	None	dead	0.0	0.0	0.0
spe	1642	1641	3592.175	3376.77	3484.4725
los	1642	1641	3592.175	3376.77	3484.4725
spe	1478	1396	3018.815	1723.235	2371.025
los	1478	1396	3018.815	1723.235	2371.025
spe	1477	1431	2723.605	2420.455	2572.03
los	1477	1431	2723.605	2420.455	2572.03
spe	1476	1475	2416.915	2249.485	2333.2
los	1476	1475	2416.915	2249.485	2333.2
spe	1476	1454	2416.915	1996.555	2206.735
spe	1453	1452	1862.655	1430.125	1646.39
los	1453	1452	1862.655	1430.125	1646.39
spe	1449	GCA.002400365.1.Bacteria.Chloroflexota	1589.82	0.0	794.91
los	1449	GCA.002400365.1.Bacteria.Chloroflexota	1589.82	0.0	794.91
spe	1446	1440	1803.385	1679.715	1741.55
los	1446	1440	1803.385	1679.715	1741.55
spe	1445	GCA.003130875.1.Bacteria.Chloroflexota	1577.91	0.0	788.955
los	1445	GCA.003130875.1.Bacteria.Chloroflexota	1577.91	0.0	788.955
spe	1444	GCA.003451595.1.Bacteria.Chloroflexota	1386.06	0.0	693.03
los	1444	GCA.003451595.1.Bacteria.Chloroflexota	1386.06	0.0	693.03
