event	left_node	right_node	left_date	right_date	midpoint_date
hgt	None	dead	0.0	0.0	0.0
hgt	None	dead	0.0	0.0	0.0
los	None	dead	0.0	0.0	0.0
spe	829	817	1996.235	1842.425	1919.33
spe	816	GCA.002724675.1.Bacteria.Myxococcota.A	1315.445	0.0	657.7225
los	816	GCA.002724675.1.Bacteria.Myxococcota.A	1315.445	0.0	657.7225
hgt	1228	GCA.003023725.1.Bacteria.Firmicutes.E	2160.575	0.0	1080.2875
spe	817	813	1842.425	1701.895	1772.16
hgt	813	812	1701.895	1577.595	1639.745
los	813	812	1701.895	1577.595	1639.745
hgt	None	dead	0.0	0.0	0.0
spe	1038	1032	2092.525	1683.695	1888.11
hgt	345	GCA.002748355.1.Bacteria.Planctomycetota	1671.41	0.0	835.705
hgt	None	dead	0.0	0.0	0.0
los	None	dead	0.0	0.0	0.0
spe	813	807	1701.895	1480.85	1591.3725
hgt	807	GCA.002789955.1.Bacteria.Myxococcota	1480.85	0.0	740.425
los	807	GCA.002789955.1.Bacteria.Myxococcota	1480.85	0.0	740.425
spe	1048	1047	3522.85	3506.08	3514.465
spe	365	GCA.001730085.1.Bacteria.GCA.001730085	3237.46	0.0	1618.73
los	365	GCA.001730085.1.Bacteria.GCA.001730085	3237.46	0.0	1618.73
spe	365	364	3237.46	3137.4	3187.43
spe	316	315	2946.705	2800.015	2873.36
los	316	315	2946.705	2800.015	2873.36
spe	308	290	2475.615	2080.08	2277.8475
los	308	290	2475.615	2080.08	2277.8475
spe	307	306	2367.435	1826.22	2096.8275
los	307	306	2367.435	1826.22	2096.8275
spe	297	296	2095.445	1523.77	1809.6075
los	297	296	2095.445	1523.77	1809.6075
spe	293	GCA.002429065.1.Bacteria.Verrucomicrobiota	1814.28	0.0	907.14
los	293	GCA.002429065.1.Bacteria.Verrucomicrobiota	1814.28	0.0	907.14
spe	364	363	3137.4	2571.645	2854.5225
spe	362	361	2406.61	2290.69	2348.65
los	362	361	2406.61	2290.69	2348.65
spe	342	328	2209.56	1796.445	2003.0025
los	342	328	2209.56	1796.445	2003.0025
spe	341	GCA.003170085.1.Bacteria.Planctomycetota	1956.375	0.0	978.1875
los	341	GCA.003170085.1.Bacteria.Planctomycetota	1956.375	0.0	978.1875
spe	340	339	1604.15	1460.73	1532.44
los	340	339	1604.15	1460.73	1532.44
spe	334	GCA.002338715.1.Bacteria.Planctomycetota	1403.32	0.0	701.66
los	334	GCA.002338715.1.Bacteria.Planctomycetota	1403.32	0.0	701.66
spe	332	GCA.002364485.1.Bacteria.Planctomycetota	994.0835	0.0	497.04175
los	332	GCA.002364485.1.Bacteria.Planctomycetota	994.0835	0.0	497.04175
spe	363	321	2571.645	2405.83	2488.7375
spe	320	GCA.002746535.1.Bacteria.Planctomycetota	2201.875	0.0	1100.9375
los	320	GCA.002746535.1.Bacteria.Planctomycetota	2201.875	0.0	1100.9375
hgt	None	dead	0.0	0.0	0.0
hgt	None	dead	0.0	0.0	0.0
los	None	dead	0.0	0.0	0.0
spe	651	650	2202.31	2111.655	2156.9825
spe	649	543	2046.605	1880.315	1963.46
los	649	543	2046.605	1880.315	1963.46
dup	649	648	2046.605	1974.705	2010.655
hgt	None	dead	0.0	0.0	0.0
hgt	None	dead	0.0	0.0	0.0
los	None	dead	0.0	0.0	0.0
hgt	None	dead	0.0	0.0	0.0
hgt	None	dead	0.0	0.0	0.0
dup	649	648	2046.605	1974.705	2010.655
spe	649	648	2046.605	1974.705	2010.655
spe	562	546	1813.695	1450.69	1632.1925
los	562	546	1813.695	1450.69	1632.1925
spe	561	560	1737.62	1548.725	1643.1725
los	561	560	1737.62	1548.725	1643.1725
spe	553	GCF.001641825.1.Bacteria.Proteobacteria	1585.42	0.0	792.71
los	553	GCF.001641825.1.Bacteria.Proteobacteria	1585.42	0.0	792.71
spe	552	551	1355.9	1073.1825	1214.54125
los	552	551	1355.9	1073.1825	1214.54125
spe	648	647	1974.705	1898.035	1936.37
spe	646	645	1850.35	1783.08	1816.715
los	646	645	1850.35	1783.08	1816.715
spe	588	576	1741.465	1593.015	1667.24
los	588	576	1741.465	1593.015	1667.24
spe	587	586	1367.14	1254.4	1310.77
los	587	586	1367.14	1254.4	1310.77
spe	581	GCA.002868855.1.Bacteria.Proteobacteria	1215.78	0.0	607.89
los	581	GCA.002868855.1.Bacteria.Proteobacteria	1215.78	0.0	607.89
spe	579	GCA.003137095.1.Bacteria.Proteobacteria	935.164	0.0	467.582
los	579	GCA.003137095.1.Bacteria.Proteobacteria	935.164	0.0	467.582
spe	647	571	1898.035	1737.025	1817.53
hgt	571	565	1737.025	1459.56	1598.2925
los	571	565	1737.025	1459.56	1598.2925
spe	571	570	1737.025	1581.87	1659.4475
spe	568	GCF.001051235.1.Bacteria.Proteobacteria	1421.955	0.0	710.9775
los	568	GCF.001051235.1.Bacteria.Proteobacteria	1421.955	0.0	710.9775
hgt	570	GCA.002255365.1.Bacteria.Proteobacteria	1581.87	0.0	790.935
los	570	GCA.002255365.1.Bacteria.Proteobacteria	1581.87	0.0	790.935
hgt	None	dead	0.0	0.0	0.0
hgt	642	GCA.001447805.1.Bacteria.Proteobacteria	1315.1	0.0	657.55
hgt	None	dead	0.0	0.0	0.0
los	None	dead	0.0	0.0	0.0
spe	649	648	2046.605	1974.705	2010.655
spe	562	561	1813.695	1737.62	1775.6575
los	562	561	1813.695	1737.62	1775.6575
hgt	None	dead	0.0	0.0	0.0
spe	546	GCA.002747435.1.Bacteria.Proteobacteria	1450.69	0.0	725.345
los	546	GCA.002747435.1.Bacteria.Proteobacteria	1450.69	0.0	725.345
hgt	None	dead	0.0	0.0	0.0
los	None	dead	0.0	0.0	0.0
hgt	None	dead	0.0	0.0	0.0
spe	648	647	1974.705	1898.035	1936.37
spe	647	571	1898.035	1737.025	1817.53
spe	571	570	1737.025	1581.87	1659.4475
hgt	570	568	1581.87	1421.955	1501.9125
los	570	568	1581.87	1421.955	1501.9125
hgt	406	GCA.001872725.1.Bacteria.Proteobacteria	2518.42	0.0	1259.21
hgt	571	565	1737.025	1459.56	1598.2925
los	571	565	1737.025	1459.56	1598.2925
dup	647	646	1898.035	1850.35	1874.1925
spe	647	646	1898.035	1850.35	1874.1925
spe	588	576	1741.465	1593.015	1667.24
los	588	576	1741.465	1593.015	1667.24
spe	588	587	1741.465	1367.14	1554.3025
hgt	587	581	1367.14	1215.78	1291.46
los	587	581	1367.14	1215.78	1291.46
spe	586	GCA.003228965.1.Bacteria.Proteobacteria	1254.4	0.0	627.2
los	586	GCA.003228965.1.Bacteria.Proteobacteria	1254.4	0.0	627.2
spe	586	585	1254.4	1064.929	1159.6645
hgt	183	GCA.002402105.1.Bacteria.UBP17	2942.325	0.0	1471.1625
hgt	585	GCA.002338605.1.Bacteria.Proteobacteria	1064.929	0.0	532.4645
los	585	GCA.002338605.1.Bacteria.Proteobacteria	1064.929	0.0	532.4645
hgt	265	GCA.003501375.1.Bacteria.Sumerlaeota	1925.84	0.0	962.92
spe	646	645	1850.35	1783.08	1816.715
spe	644	643	1640.815	1460.61	1550.7125
los	644	643	1640.815	1460.61	1550.7125
hgt	None	dead	0.0	0.0	0.0
hgt	None	dead	0.0	0.0	0.0
los	None	dead	0.0	0.0	0.0
spe	644	636	1640.815	1563.065	1601.94
hgt	1015	GCA.002790835.1.Bacteria.Krumholzibacteriota	2028.76	0.0	1014.38
hgt	400	GCA.002401295.1.Bacteria.SAR324	2337.685	0.0	1168.8425
hgt	636	634	1563.065	1398.775	1480.92
los	636	634	1563.065	1398.775	1480.92
spe	631	603	1709.925	1631.14	1670.5325
los	631	603	1709.925	1631.14	1670.5325
spe	630	629	1575.32	1401.175	1488.2475
los	630	629	1575.32	1401.175	1488.2475
spe	614	606	1428.05	1255.84	1341.945
los	614	606	1428.05	1255.84	1341.945
spe	614	613	1428.05	1308.6	1368.325
spe	612	GCF.003612015.1.Bacteria.Proteobacteria	1154.76	0.0	577.38
los	612	GCF.003612015.1.Bacteria.Proteobacteria	1154.76	0.0	577.38
spe	612	611	1154.76	873.257	1014.0085
hgt	None	dead	0.0	0.0	0.0
hgt	868	GCA.002347095.1.Bacteria.Desulfobacterota	1695.53	0.0	847.765
hgt	None	dead	0.0	0.0	0.0
los	None	dead	0.0	0.0	0.0
spe	646	588	1850.35	1741.465	1795.9075
los	646	588	1850.35	1741.465	1795.9075
spe	646	645	1850.35	1783.08	1816.715
spe	644	643	1640.815	1460.61	1550.7125
los	644	643	1640.815	1460.61	1550.7125
spe	636	GCA.002840095.1.Bacteria.Proteobacteria	1563.065	0.0	781.5325
los	636	GCA.002840095.1.Bacteria.Proteobacteria	1563.065	0.0	781.5325
spe	634	GCF.001697225.1.Bacteria.Proteobacteria	1398.775	0.0	699.3875
los	634	GCF.001697225.1.Bacteria.Proteobacteria	1398.775	0.0	699.3875
spe	631	630	1709.925	1575.32	1642.6225
los	631	630	1709.925	1575.32	1642.6225
hgt	751	GCA.002500605.1.Bacteria.Nitrospinota	1894.43	0.0	947.215
spe	603	602	1631.14	1545.47	1588.305
los	603	602	1631.14	1545.47	1588.305
hgt	None	dead	0.0	0.0	0.0
los	None	dead	0.0	0.0	0.0
spe	483	482	1679.37	1587.505	1633.4375
spe	482	481	1587.505	1510.43	1548.9675
hgt	481	480	1510.43	1386.405	1448.4175
los	481	480	1510.43	1386.405	1448.4175
spe	481	469	1510.43	1404.34	1457.385
hgt	469	468	1404.34	1227.095	1315.7175
los	469	468	1404.34	1227.095	1315.7175
spe	469	463	1404.34	1268.17	1336.255
hgt	463	GCF.002251795.1.Bacteria.Proteobacteria	1268.17	0.0	634.085
los	463	GCF.002251795.1.Bacteria.Proteobacteria	1268.17	0.0	634.085
spe	462	GCF.000315795.1.Bacteria.Proteobacteria	1029.85	0.0	514.925
los	462	GCF.000315795.1.Bacteria.Proteobacteria	1029.85	0.0	514.925
spe	482	458	1587.505	1466.17	1526.8375
spe	458	456	1466.17	1288.015	1377.0925
hgt	456	GCF.002148795.1.Bacteria.Proteobacteria	1288.015	0.0	644.0075
los	456	GCF.002148795.1.Bacteria.Proteobacteria	1288.015	0.0	644.0075
hgt	489	GCA.002348365.1.Bacteria.Proteobacteria	1174.55	0.0	587.275
spe	456	455	1288.015	945.418	1116.7165
hgt	455	454	945.418	825.9765	885.69725
los	455	454	945.418	825.9765	885.69725
hgt	515	514	1939.7	1792.55	1866.125
hgt	None	dead	0.0	0.0	0.0
los	None	dead	0.0	0.0	0.0
dup	515	514	1939.7	1792.55	1866.125
spe	515	514	1939.7	1792.55	1866.125
spe	436	435	1682.45	1491.68	1587.065
los	436	435	1682.45	1491.68	1587.065
spe	514	513	1792.55	1728.66	1760.605
spe	483	482	1679.37	1587.505	1633.4375
los	483	482	1679.37	1587.505	1633.4375
spe	447	446	1537.685	1337.995	1437.84
los	447	446	1537.685	1337.995	1437.84
spe	439	GCF.001613805.1.Bacteria.Proteobacteria	1378.685	0.0	689.3425
los	439	GCF.001613805.1.Bacteria.Proteobacteria	1378.685	0.0	689.3425
spe	512	486	1614.755	1342.71	1478.7325
los	512	486	1614.755	1342.71	1478.7325
spe	511	489	1534.63	1174.55	1354.59
los	511	489	1534.63	1174.55	1354.59
spe	511	510	1534.63	1468.305	1501.4675
spe	509	495	1371.54	1115.4635	1243.50175
los	509	495	1371.54	1115.4635	1243.50175
spe	508	507	1248.66	1032.028	1140.344
los	508	507	1248.66	1032.028	1140.344
spe	498	GCF.000192575.1.Bacteria.Proteobacteria	1100.442	0.0	550.221
los	498	GCF.000192575.1.Bacteria.Proteobacteria	1100.442	0.0	550.221
spe	492	GCF.002798435.1.Bacteria.Proteobacteria	1215.16	0.0	607.58
los	492	GCF.002798435.1.Bacteria.Proteobacteria	1215.16	0.0	607.58
spe	515	514	1939.7	1792.55	1866.125
spe	436	GCA.002722885.1.Bacteria.Proteobacteria	1682.45	0.0	841.225
los	436	GCA.002722885.1.Bacteria.Proteobacteria	1682.45	0.0	841.225
spe	435	434	1491.68	1283.94	1387.81
los	435	434	1491.68	1283.94	1387.81
hgt	None	dead	0.0	0.0	0.0
hgt	None	dead	0.0	0.0	0.0
hgt	None	dead	0.0	0.0	0.0
los	None	dead	0.0	0.0	0.0
hgt	None	dead	0.0	0.0	0.0
hgt	None	dead	0.0	0.0	0.0
los	None	dead	0.0	0.0	0.0
spe	514	513	1792.55	1728.66	1760.605
spe	513	512	1728.66	1614.755	1671.7075
spe	486	GCF.000264455.2.Bacteria.Proteobacteria	1342.71	0.0	671.355
los	486	GCF.000264455.2.Bacteria.Proteobacteria	1342.71	0.0	671.355
spe	511	489	1534.63	1174.55	1354.59
los	511	489	1534.63	1174.55	1354.59
spe	511	510	1534.63	1468.305	1501.4675
spe	509	508	1371.54	1248.66	1310.1
los	509	508	1371.54	1248.66	1310.1
spe	495	GCA.002796975.1.Bacteria.Proteobacteria	1115.4635	0.0	557.73175
los	495	GCA.002796975.1.Bacteria.Proteobacteria	1115.4635	0.0	557.73175
spe	510	492	1468.305	1215.16	1341.7325
hgt	492	GCF.900172325.1.Bacteria.Proteobacteria	1215.16	0.0	607.58
los	492	GCF.900172325.1.Bacteria.Proteobacteria	1215.16	0.0	607.58
spe	513	483	1728.66	1679.37	1704.015
spe	482	458	1587.505	1466.17	1526.8375
los	482	458	1587.505	1466.17	1526.8375
spe	481	480	1510.43	1386.405	1448.4175
los	481	480	1510.43	1386.405	1448.4175
spe	469	463	1404.34	1268.17	1336.255
los	469	463	1404.34	1268.17	1336.255
spe	468	467	1227.095	1071.506	1149.3005
los	468	467	1227.095	1071.506	1149.3005
spe	447	446	1537.685	1337.995	1437.84
los	447	446	1537.685	1337.995	1437.84
hgt	536	GCF.900111015.1.Bacteria.Proteobacteria	1835.635	0.0	917.8175
spe	439	GCA.002723345.1.Bacteria.Proteobacteria	1378.685	0.0	689.3425
los	439	GCA.002723345.1.Bacteria.Proteobacteria	1378.685	0.0	689.3425
hgt	874	873	1902.135	1746.56	1824.3475
hgt	395	GCF.000487995.1.Bacteria.Deferribacterota	1495.105	0.0	747.5525
hgt	None	dead	0.0	0.0	0.0
los	None	dead	0.0	0.0	0.0
spe	874	873	1902.135	1746.56	1824.3475
spe	873	871	1746.56	1489.29	1617.925
hgt	871	GCA.002899795.1.Bacteria.Desulfobacterota	1489.29	0.0	744.645
los	871	GCA.002899795.1.Bacteria.Desulfobacterota	1489.29	0.0	744.645
hgt	462	GCF.000315795.1.Bacteria.Proteobacteria	1029.85	0.0	514.925
hgt	None	dead	0.0	0.0	0.0
los	None	dead	0.0	0.0	0.0
spe	509	508	1371.54	1248.66	1310.1
spe	508	507	1248.66	1032.028	1140.344
spe	506	GCA.001464215.1.Bacteria.Proteobacteria	986.4985	0.0	493.24925
los	506	GCA.001464215.1.Bacteria.Proteobacteria	986.4985	0.0	493.24925
spe	507	503	1032.028	904.119	968.0735
hgt	503	501	904.119	722.0125	813.06575
los	503	501	904.119	722.0125	813.06575
hgt	467	GCF.003258945.1.Bacteria.Proteobacteria	1071.506	0.0	535.753
spe	498	GCA.002731375.1.Bacteria.Proteobacteria	1100.442	0.0	550.221
los	498	GCA.002731375.1.Bacteria.Proteobacteria	1100.442	0.0	550.221
dup	498	GCF.000192575.1.Bacteria.Proteobacteria	1100.442	0.0	550.221
spe	648	562	1974.705	1813.695	1894.2
los	648	562	1974.705	1813.695	1894.2
spe	647	571	1898.035	1737.025	1817.53
los	647	571	1898.035	1737.025	1817.53
spe	646	645	1850.35	1783.08	1816.715
los	646	645	1850.35	1783.08	1816.715
spe	646	588	1850.35	1741.465	1795.9075
spe	576	GCA.002432655.1.Bacteria.Proteobacteria	1593.015	0.0	796.5075
los	576	GCA.002432655.1.Bacteria.Proteobacteria	1593.015	0.0	796.5075
spe	574	GCF.000374645.1.Bacteria.Proteobacteria	1337.465	0.0	668.7325
los	574	GCF.000374645.1.Bacteria.Proteobacteria	1337.465	0.0	668.7325
spe	587	586	1367.14	1254.4	1310.77
los	587	586	1367.14	1254.4	1310.77
spe	581	GCA.002868855.1.Bacteria.Proteobacteria	1215.78	0.0	607.89
los	581	GCA.002868855.1.Bacteria.Proteobacteria	1215.78	0.0	607.89
spe	579	GCA.003155415.1.Bacteria.Proteobacteria	935.164	0.0	467.582
los	579	GCA.003155415.1.Bacteria.Proteobacteria	935.164	0.0	467.582
spe	650	536	2111.655	1835.635	1973.645
hgt	None	dead	0.0	0.0	0.0
los	536	GCF.900111015.1.Bacteria.Proteobacteria	1835.635	0.0	917.8175
hgt	None	dead	0.0	0.0	0.0
los	None	dead	0.0	0.0	0.0
spe	1047	1046	3506.08	3444.34	3475.21
spe	1045	921	3221.015	3032.55	3126.7825
los	1045	921	3221.015	3032.55	3126.7825
spe	1044	1043	2991.325	2909.195	2950.26
los	1044	1043	2991.325	2909.195	2950.26
spe	936	935	2805.55	2051.05	2428.3
los	936	935	2805.55	2051.05	2428.3
spe	926	924	2323.795	1818.875	2071.335
los	926	924	2323.795	1818.875	2071.335
hgt	None	dead	0.0	0.0	0.0
spe	902	390	3336.1	3073.69	3204.895
los	902	390	3336.1	3073.69	3204.895
hgt	None	dead	0.0	0.0	0.0
spe	902	901	3336.1	3242.11	3289.105
spe	901	900	3242.11	3113.87	3177.99
spe	900	716	3113.87	2685.38	2899.625
spe	715	675	2518.685	2161.39	2340.0375
los	715	675	2518.685	2161.39	2340.0375
spe	714	GCA.002731215.1.Bacteria.Acidobacteriota	2396.315	0.0	1198.1575
los	714	GCA.002731215.1.Bacteria.Acidobacteriota	2396.315	0.0	1198.1575
spe	713	712	2232.07	2029.595	2130.8325
los	713	712	2232.07	2029.595	2130.8325
spe	699	681	2103.185	1875.565	1989.375
los	699	681	2103.185	1875.565	1989.375
spe	698	686	1863.875	1646.29	1755.0825
los	698	686	1863.875	1646.29	1755.0825
spe	698	697	1863.875	1602.385	1733.13
hgt	724	GCA.001914955.1.Bacteria.Nitrospirota	1584.32	0.0	792.16
spe	696	GCA.003224665.1.Bacteria.Acidobacteriota	1391.24	0.0	695.62
los	696	GCA.003224665.1.Bacteria.Acidobacteriota	1391.24	0.0	695.62
spe	695	GCA.003131705.1.Bacteria.Acidobacteriota	1284.94	0.0	642.47
los	695	GCA.003131705.1.Bacteria.Acidobacteriota	1284.94	0.0	642.47
spe	694	GCA.001767075.1.Bacteria.Acidobacteriota	1206.005	0.0	603.0025
los	694	GCA.001767075.1.Bacteria.Acidobacteriota	1206.005	0.0	603.0025
hgt	837	GCA.001768075.1.Bacteria.Myxococcota	1589.61	0.0	794.805
spe	692	GCA.003140235.1.Bacteria.Acidobacteriota	1105.2925	0.0	552.64625
los	692	GCA.003140235.1.Bacteria.Acidobacteriota	1105.2925	0.0	552.64625
spe	670	669	2337.75	1783.33	2060.54
los	670	669	2337.75	1783.33	2060.54
hgt	None	dead	0.0	0.0	0.0
hgt	None	dead	0.0	0.0	0.0
los	None	dead	0.0	0.0	0.0
hgt	None	dead	0.0	0.0	0.0
hgt	1391	1390	3155.64	3037.655	3096.6475
hgt	None	dead	0.0	0.0	0.0
hgt	839	829	2043.565	1996.235	2019.9
hgt	None	dead	0.0	0.0	0.0
los	None	dead	0.0	0.0	0.0
spe	839	829	2043.565	1996.235	2019.9
spe	828	GCA.002699025.1.Bacteria.Myxococcota	1753.18	0.0	876.59
los	828	GCA.002699025.1.Bacteria.Myxococcota	1753.18	0.0	876.59
hgt	None	dead	0.0	0.0	0.0
hgt	None	dead	0.0	0.0	0.0
los	None	dead	0.0	0.0	0.0
spe	827	821	1632.18	1447.61	1539.895
los	827	821	1632.18	1447.61	1539.895
hgt	None	dead	0.0	0.0	0.0
hgt	1440	GCF.001306175.1.Bacteria.Chloroflexota	1749.24	0.0	874.62
hgt	None	dead	0.0	0.0	0.0
los	None	dead	0.0	0.0	0.0
spe	826	GCA.002747355.1.Bacteria.Myxococcota	1472.31	0.0	736.155
los	826	GCA.002747355.1.Bacteria.Myxococcota	1472.31	0.0	736.155
spe	826	825	1472.31	1177.188	1324.749
spe	829	817	1996.235	1842.425	1919.33
hgt	817	813	1842.425	1701.895	1772.16
los	817	813	1842.425	1701.895	1772.16
spe	817	816	1842.425	1315.445	1578.935
hgt	None	dead	0.0	0.0	0.0
los	816	GCA.002707085.1.Bacteria.Myxococcota.A	1315.445	0.0	657.7225
hgt	None	dead	0.0	0.0	0.0
los	None	dead	0.0	0.0	0.0
hgt	797	GCA.002311335.1.Bacteria.Desulfobacterota.B	1864.035	0.0	932.0175
spe	900	899	3113.87	3007.825	3060.8475
hgt	None	dead	0.0	0.0	0.0
hgt	None	dead	0.0	0.0	0.0
los	None	dead	0.0	0.0	0.0
spe	899	898	3007.825	2936.14	2971.9825
spe	898	897	2936.14	2852.85	2894.495
spe	897	896	2852.85	2619.11	2735.98
spe	892	GCA.001873295.1.Bacteria.CG2.30.70.394	2105.205	0.0	1052.6025
los	892	GCA.001873295.1.Bacteria.CG2.30.70.394	2105.205	0.0	1052.6025
hgt	None	dead	0.0	0.0	0.0
los	896	895	2619.11	2183.84	2401.475
hgt	None	dead	0.0	0.0	0.0
los	None	dead	0.0	0.0	0.0
spe	897	889	2852.85	2620.3	2736.575
spe	888	854	2447.185	2279.15	2363.1675
los	888	854	2447.185	2279.15	2363.1675
spe	887	863	2263.805	2054.51	2159.1575
los	887	863	2263.805	2054.51	2159.1575
spe	886	874	1999.475	1902.135	1950.805
los	886	874	1999.475	1902.135	1950.805
spe	885	877	1880.5	1769.305	1824.9025
los	885	877	1880.5	1769.305	1824.9025
spe	884	883	1765.875	1384.92	1575.3975
los	884	883	1765.875	1384.92	1575.3975
spe	880	GCA.001577715.1.Bacteria.Desulfobacterota	1499.355	0.0	749.6775
los	880	GCA.001577715.1.Bacteria.Desulfobacterota	1499.355	0.0	749.6775
hgt	None	dead	0.0	0.0	0.0
los	889	843	2620.3	2513.665	2566.9825
hgt	None	dead	0.0	0.0	0.0
los	None	dead	0.0	0.0	0.0
spe	898	756	2936.14	2563.145	2749.6425
hgt	None	dead	0.0	0.0	0.0
hgt	853	GCA.001797415.1.Bacteria.Desulfobacterota	2005.945	0.0	1002.9725
hgt	None	dead	0.0	0.0	0.0
los	None	dead	0.0	0.0	0.0
hgt	1237	1221	2499.645	2008.115	2253.88
spe	1237	1221	2499.645	2008.115	2253.88
hgt	1240	GCA.002376045.1.Bacteria.Firmicutes.A	2176.58	0.0	1088.29
hgt	1305	GCF.002207765.1.Bacteria.Firmicutes.B	1479.61	0.0	739.805
hgt	None	dead	0.0	0.0	0.0
spe	754	753	2306.035	2050.24	2178.1375
los	754	753	2306.035	2050.24	2178.1375
hgt	None	dead	0.0	0.0	0.0
spe	754	746	2306.035	1971.165	2138.6
hgt	None	dead	0.0	0.0	0.0
los	746	GCA.002238965.1.Bacteria.UBA8248	1971.165	0.0	985.5825
hgt	None	dead	0.0	0.0	0.0
los	None	dead	0.0	0.0	0.0
hgt	None	dead	0.0	0.0	0.0
hgt	None	dead	0.0	0.0	0.0
los	None	dead	0.0	0.0	0.0
hgt	1325	1324	2206.925	2099.855	2153.39
hgt	None	dead	0.0	0.0	0.0
los	None	dead	0.0	0.0	0.0
hgt	None	dead	0.0	0.0	0.0
hgt	None	dead	0.0	0.0	0.0
los	None	dead	0.0	0.0	0.0
spe	695	694	1284.94	1206.005	1245.4725
spe	692	GCA.003140235.1.Bacteria.Acidobacteriota	1105.2925	0.0	552.64625
los	692	GCA.003140235.1.Bacteria.Acidobacteriota	1105.2925	0.0	552.64625
dup	1325	1324	2206.925	2099.855	2153.39
spe	1324	1323	2099.855	2012.64	2056.2475
los	1324	1323	2099.855	2012.64	2056.2475
spe	1308	1300	1873.47	1522.13	1697.8
los	1308	1300	1873.47	1522.13	1697.8
spe	1307	1305	1657.525	1479.61	1568.5675
los	1307	1305	1657.525	1479.61	1568.5675
hgt	None	dead	0.0	0.0	0.0
hgt	None	dead	0.0	0.0	0.0
los	None	dead	0.0	0.0	0.0
spe	1325	1324	2206.925	2099.855	2153.39
spe	1308	1307	1873.47	1657.525	1765.4975
los	1308	1307	1873.47	1657.525	1765.4975
spe	1300	GCA.002418765.1.Bacteria.Firmicutes.B	1522.13	0.0	761.065
los	1300	GCA.002418765.1.Bacteria.Firmicutes.B	1522.13	0.0	761.065
hgt	None	dead	0.0	0.0	0.0
hgt	1381	1351	1661.335	1566.59	1613.9625
hgt	383	GCA.001829315.1.Bacteria.Spirochaetota	1865.655	0.0	932.8275
hgt	None	dead	0.0	0.0	0.0
los	None	dead	0.0	0.0	0.0
spe	1381	1351	1661.335	1566.59	1613.9625
spe	1347	GCF.900099895.1.Bacteria.Firmicutes	1266.54	0.0	633.27
los	1347	GCF.900099895.1.Bacteria.Firmicutes	1266.54	0.0	633.27
spe	1350	GCF.000942395.1.Bacteria.Firmicutes	1380.55	0.0	690.275
los	1350	GCF.000942395.1.Bacteria.Firmicutes	1380.55	0.0	690.275
spe	1323	1322	2012.64	1664.355	1838.4975
los	1323	1322	2012.64	1664.355	1838.4975
hgt	None	dead	0.0	0.0	0.0
hgt	370	GCF.000092845.1.Bacteria.Spirochaetota	2080.07	0.0	1040.035
hgt	None	dead	0.0	0.0	0.0
los	None	dead	0.0	0.0	0.0
spe	1259	1253	1790.12	1647.265	1718.6925
spe	1252	GCF.900107485.1.Bacteria.Firmicutes.A	1454.05	0.0	727.025
los	1252	GCF.900107485.1.Bacteria.Firmicutes.A	1454.05	0.0	727.025
spe	1251	GCA.900066305.1.Bacteria.Firmicutes.A	1274.235	0.0	637.1175
los	1251	GCA.900066305.1.Bacteria.Firmicutes.A	1274.235	0.0	637.1175
hgt	None	dead	0.0	0.0	0.0
hgt	None	dead	0.0	0.0	0.0
los	None	dead	0.0	0.0	0.0
hgt	None	dead	0.0	0.0	0.0
hgt	None	dead	0.0	0.0	0.0
los	None	dead	0.0	0.0	0.0
spe	1323	1319	2012.64	1887.42	1950.03
spe	1318	1317	1776.335	1176.776	1476.5555
los	1318	1317	1776.335	1176.776	1476.5555
spe	1312	GCF.002607855.1.Bacteria.Firmicutes.B	1489.285	0.0	744.6425
los	1312	GCF.002607855.1.Bacteria.Firmicutes.B	1489.285	0.0	744.6425
hgt	1688	GCF.000353285.1.Bacteria.Cyanobacteria	1633.475	0.0	816.7375
hgt	1720	GCF.000484535.1.Bacteria.Cyanobacteria	2612.48	0.0	1306.24
hgt	None	dead	0.0	0.0	0.0
los	None	dead	0.0	0.0	0.0
hgt	1699	GCF.000317045.1.Bacteria.Cyanobacteria	1903.47	0.0	951.735
hgt	None	dead	0.0	0.0	0.0
spe	743	742	2880.765	2637.165	2758.965
los	743	742	2880.765	2637.165	2758.965
hgt	None	dead	0.0	0.0	0.0
hgt	None	dead	0.0	0.0	0.0
los	None	dead	0.0	0.0	0.0
spe	721	GCA.003230535.1.Bacteria.SZUA.182	2605.855	0.0	1302.9275
los	721	GCA.003230535.1.Bacteria.SZUA.182	2605.855	0.0	1302.9275
hgt	None	dead	0.0	0.0	0.0
hgt	None	dead	0.0	0.0	0.0
los	None	dead	0.0	0.0	0.0
spe	389	388	2696.585	2486.95	2591.7675
spe	376	374	2123.16	1638.665	1880.9125
los	376	374	2123.16	1638.665	1880.9125
spe	388	387	2486.95	2281.005	2383.9775
spe	387	386	2281.005	1962.46	2121.7325
hgt	None	dead	0.0	0.0	0.0
los	386	GCA.002450905.1.Bacteria.Spirochaetota	1962.46	0.0	981.23
hgt	None	dead	0.0	0.0	0.0
los	None	dead	0.0	0.0	0.0
spe	387	383	2281.005	1865.655	2073.33
hgt	383	381	1865.655	1481.85	1673.7525
los	383	381	1865.655	1481.85	1673.7525
spe	660	659	2520.845	1438.4	1979.6225
hgt	None	dead	0.0	0.0	0.0
hgt	941	GCA.003477045.1.Bacteria.Delongbacteria	2279.38	0.0	1139.69
hgt	932	GCA.002414805.1.Bacteria.Fibrobacterota	1648.045	0.0	824.0225
hgt	None	dead	0.0	0.0	0.0
los	None	dead	0.0	0.0	0.0
hgt	396	GCF.000177635.2.Bacteria.Chrysiogenota	2591.83	0.0	1295.915
spe	721	720	2605.855	2294.32	2450.0875
hgt	None	dead	0.0	0.0	0.0
los	720	GCA.001775255.1.Bacteria.Desulfobacterota.D	2294.32	0.0	1147.16
hgt	None	dead	0.0	0.0	0.0
los	None	dead	0.0	0.0	0.0
spe	1078	1076	1937.95	1416.635	1677.2925
hgt	None	dead	0.0	0.0	0.0
los	None	dead	0.0	0.0	0.0
spe	647	646	1898.035	1850.35	1874.1925
spe	588	587	1741.465	1367.14	1554.3025
los	588	587	1741.465	1367.14	1554.3025
hgt	1667	GCA.002783405.1.Bacteria.Cyanobacteria	2867.145	0.0	1433.5725
spe	576	574	1593.015	1337.465	1465.24
los	576	574	1593.015	1337.465	1465.24
spe	645	644	1783.08	1640.815	1711.9475
los	645	644	1783.08	1640.815	1711.9475
spe	631	630	1709.925	1575.32	1642.6225
los	631	630	1709.925	1575.32	1642.6225
spe	603	GCA.002085445.1.Bacteria.Proteobacteria	1631.14	0.0	815.57
los	603	GCA.002085445.1.Bacteria.Proteobacteria	1631.14	0.0	815.57
spe	603	602	1631.14	1545.47	1588.305
spe	602	592	1545.47	1238.975	1392.2225
hgt	None	dead	0.0	0.0	0.0
los	592	GCF.000024725.1.Bacteria.Proteobacteria	1238.975	0.0	619.4875
hgt	None	dead	0.0	0.0	0.0
los	None	dead	0.0	0.0	0.0
spe	602	601	1545.47	1388.16	1466.815
spe	601	595	1388.16	1179.98	1284.07
hgt	595	GCA.002454015.1.Bacteria.Proteobacteria	1179.98	0.0	589.99
los	595	GCA.002454015.1.Bacteria.Proteobacteria	1179.98	0.0	589.99
hgt	None	dead	0.0	0.0	0.0
hgt	None	dead	0.0	0.0	0.0
los	None	dead	0.0	0.0	0.0
hgt	None	dead	0.0	0.0	0.0
los	601	600	1388.16	1178.33	1283.245
hgt	529	GCA.002420425.1.Bacteria.Proteobacteria	1776.585	0.0	888.2925
hgt	None	dead	0.0	0.0	0.0
los	None	dead	0.0	0.0	0.0
spe	1391	1390	3155.64	3037.655	3096.6475
hgt	None	dead	0.0	0.0	0.0
hgt	None	dead	0.0	0.0	0.0
los	None	dead	0.0	0.0	0.0
spe	1389	1237	2954.69	2499.645	2727.1675
los	1389	1237	2954.69	2499.645	2727.1675
spe	1389	1388	2954.69	2796.04	2875.365
spe	1388	1387	2796.04	2728.885	2762.4625
spe	1387	1327	2728.885	2593.555	2661.22
spe	1326	1292	2394.985	1918.11	2156.5475
los	1326	1292	2394.985	1918.11	2156.5475
spe	1325	1297	2206.925	1941.385	2074.155
los	1325	1297	2206.925	1941.385	2074.155
spe	1324	1308	2099.855	1873.47	1986.6625
los	1324	1308	2099.855	1873.47	1986.6625
spe	1323	1322	2012.64	1664.355	1838.4975
los	1323	1322	2012.64	1664.355	1838.4975
spe	1319	1318	1887.42	1776.335	1831.8775
los	1319	1318	1887.42	1776.335	1831.8775
spe	1289	GCA.002345475.1.Bacteria.Firmicutes.H	2267.365	0.0	1133.6825
los	1289	GCA.002345475.1.Bacteria.Firmicutes.H	2267.365	0.0	1133.6825
hgt	1645	GCF.000212395.1.Bacteria.Thermodesulfobiota	3083.735	0.0	1541.8675
spe	1288	GCA.002411145.1.Bacteria.Firmicutes.C	1693.72	0.0	846.86
los	1288	GCA.002411145.1.Bacteria.Firmicutes.C	1693.72	0.0	846.86
spe	1288	1287	1693.72	1417.98	1555.85
spe	1285	1284	1310.93	1020.5295	1165.72975
los	1285	1284	1310.93	1020.5295	1165.72975
spe	1285	1281	1310.93	1090.0515	1200.49075
spe	1281	1280	1090.0515	922.663	1006.35725
spe	1386	1330	2546.81	1974.4	2260.605
los	1386	1330	2546.81	1974.4	2260.605
spe	1385	1333	2448.17	2067.36	2257.765
los	1385	1333	2448.17	2067.36	2257.765
spe	1384	1338	2016.48	1582.81	1799.645
los	1384	1338	2016.48	1582.81	1799.645
spe	1384	1383	2016.48	1891.44	1953.96
spe	1341	GCF.001311905.1.Bacteria.Firmicutes	1532.885	0.0	766.4425
los	1341	GCF.001311905.1.Bacteria.Firmicutes	1532.885	0.0	766.4425
spe	1382	1344	1778.165	1496.385	1637.275
los	1382	1344	1778.165	1496.385	1637.275
spe	1381	1351	1661.335	1566.59	1613.9625
los	1381	1351	1661.335	1566.59	1613.9625
dup	1381	1380	1661.335	1558.37	1609.8525
spe	1380	GCF.001049895.1.Bacteria.Firmicutes	1558.37	0.0	779.185
los	1380	GCF.001049895.1.Bacteria.Firmicutes	1558.37	0.0	779.185
spe	1379	1378	1484.04	1182.795	1333.4175
los	1379	1378	1484.04	1182.795	1333.4175
spe	1355	GCF.000503775.1.Bacteria.Firmicutes	1246.46	0.0	623.23
los	1355	GCF.000503775.1.Bacteria.Firmicutes	1246.46	0.0	623.23
spe	1381	1380	1661.335	1558.37	1609.8525
spe	1379	1378	1484.04	1182.795	1333.4175
los	1379	1378	1484.04	1182.795	1333.4175
spe	1355	GCF.004522215.1.Bacteria.Firmicutes	1246.46	0.0	623.23
los	1355	GCF.004522215.1.Bacteria.Firmicutes	1246.46	0.0	623.23
spe	1274	1240	2556.69	2176.58	2366.635
los	1274	1240	2556.69	2176.58	2366.635
hgt	None	dead	0.0	0.0	0.0
hgt	None	dead	0.0	0.0	0.0
los	None	dead	0.0	0.0	0.0
spe	1273	GCF.000166335.1.Bacteria.Firmicutes.A	2327.63	0.0	1163.815
los	1273	GCF.000166335.1.Bacteria.Firmicutes.A	2327.63	0.0	1163.815
spe	1273	1272	2327.63	2162.05	2244.84
spe	1246	GCF.000213255.1.Bacteria.Firmicutes.A	1810.695	0.0	905.3475
los	1246	GCF.000213255.1.Bacteria.Firmicutes.A	1810.695	0.0	905.3475
spe	1245	GCF.900129115.1.Bacteria.Firmicutes.A	1582.345	0.0	791.1725
los	1245	GCF.900129115.1.Bacteria.Firmicutes.A	1582.345	0.0	791.1725
spe	1271	1270	1864.085	1672.825	1768.455
los	1271	1270	1864.085	1672.825	1768.455
spe	1271	1259	1864.085	1790.12	1827.1025
spe	1253	GCF.900142265.1.Bacteria.Firmicutes.A	1647.265	0.0	823.6325
los	1253	GCF.900142265.1.Bacteria.Firmicutes.A	1647.265	0.0	823.6325
spe	1252	GCF.900107485.1.Bacteria.Firmicutes.A	1454.05	0.0	727.025
los	1252	GCF.900107485.1.Bacteria.Firmicutes.A	1454.05	0.0	727.025
spe	1251	GCA.002478485.1.Bacteria.Firmicutes.A	1274.235	0.0	637.1175
los	1251	GCA.002478485.1.Bacteria.Firmicutes.A	1274.235	0.0	637.1175
spe	1259	1258	1790.12	1529.515	1659.8175
hgt	None	dead	0.0	0.0	0.0
los	1258	1257	1529.515	1329.735	1429.625
hgt	None	dead	0.0	0.0	0.0
los	None	dead	0.0	0.0	0.0
hgt	1297	GCA.002329495.1.Bacteria.Firmicutes.B	1941.385	0.0	970.6925
spe	1218	GCA.001513125.1.Bacteria.DTU030	2844.535	0.0	1422.2675
los	1218	GCA.001513125.1.Bacteria.DTU030	2844.535	0.0	1422.2675
spe	1218	1216	2844.535	2236.855	2540.695
hgt	849	GCA.001896555.1.Bacteria.Desulfobacterota	1883.095	0.0	941.5475
hgt	1216	1215	2236.855	1553.665	1895.26
los	1216	1215	2236.855	1553.665	1895.26
hgt	1169	1168	2330.49	2240.195	2285.3425
hgt	None	dead	0.0	0.0	0.0
los	None	dead	0.0	0.0	0.0
spe	1308	1300	1873.47	1522.13	1697.8
hgt	None	dead	0.0	0.0	0.0
hgt	1235	GCA.002376005.1.Bacteria.Firmicutes.E	2052.91	0.0	1026.455
hgt	741	GCA.003220615.1.Bacteria.Methylomirabilota	2052.975	0.0	1026.4875
hgt	1462	GCA.002436065.1.Bacteria.Chloroflexota	2240.595	0.0	1120.2975
hgt	1203	GCA.002399265.1.Bacteria.Firmicutes.G	1910.415	0.0	955.2075
hgt	674	GCA.002298155.1.Bacteria.Acidobacteriota	1880.64	0.0	940.32
hgt	706	GCA.002327305.1.Bacteria.Acidobacteriota	1754.72	0.0	877.36
hgt	801	GCA.002328485.1.Bacteria.Desulfobacterota.G	2014.795	0.0	1007.3975
hgt	595	GCA.002454015.1.Bacteria.Proteobacteria	1179.98	0.0	589.99
hgt	807	GCA.002841945.1.Bacteria.Myxococcota	1480.85	0.0	740.425
hgt	778	GCA.002321895.1.Bacteria.Bdellovibrionota	1573.38	0.0	786.69
hgt	None	dead	0.0	0.0	0.0
los	None	dead	0.0	0.0	0.0
hgt	825	GCA.002344285.1.Bacteria.Myxococcota	1177.188	0.0	588.594
spe	1169	1168	2330.49	2240.195	2285.3425
spe	1168	1148	2240.195	1798.435	2019.315
hgt	1148	GCA.003021615.1.Bacteria.Actinobacteriota	1798.435	0.0	899.2175
los	1148	GCA.003021615.1.Bacteria.Actinobacteriota	1798.435	0.0	899.2175
hgt	1098	GCA.003244105.1.Bacteria.Eremiobacterota	1685.385	0.0	842.6925
hgt	935	GCA.001789205.1.Bacteria.Fibrobacterota	2051.05	0.0	1025.525
spe	1168	1167	2240.195	2045.68	2142.9375
hgt	None	dead	0.0	0.0	0.0
hgt	None	dead	0.0	0.0	0.0
dup	None	dead	0.0	0.0	0.0
hgt	None	dead	0.0	0.0	0.0
los	None	dead	0.0	0.0	0.0
dup	1355	GCF.004522215.1.Bacteria.Firmicutes	1246.46	0.0	623.23
hgt	817	813	1842.425	1701.895	1772.16
hgt	None	dead	0.0	0.0	0.0
los	None	dead	0.0	0.0	0.0
spe	1178	1177	1623.895	1403.585	1513.74
hgt	None	dead	0.0	0.0	0.0
hgt	None	dead	0.0	0.0	0.0
los	None	dead	0.0	0.0	0.0
spe	817	813	1842.425	1701.895	1772.16
spe	807	GCA.002841945.1.Bacteria.Myxococcota	1480.85	0.0	740.425
los	807	GCA.002841945.1.Bacteria.Myxococcota	1480.85	0.0	740.425
spe	813	812	1701.895	1577.595	1639.745
dup	812	811	1577.595	1395.975	1486.785
spe	812	811	1577.595	1395.975	1486.785
hgt	811	GCA.002728755.1.Bacteria.Myxococcota	1395.975	0.0	697.9875
los	811	GCA.002728755.1.Bacteria.Myxococcota	1395.975	0.0	697.9875
hgt	352	GCA.002167285.1.Bacteria.Planctomycetota	1718.42	0.0	859.21
hgt	834	832	1804.155	1570.54	1687.3475
spe	811	GCA.002726535.1.Bacteria.Myxococcota	1395.975	0.0	697.9875
los	811	GCA.002726535.1.Bacteria.Myxococcota	1395.975	0.0	697.9875
spe	834	832	1804.155	1570.54	1687.3475
hgt	804	GCA.002731275.1.Bacteria.Myxococcota	1962.63	0.0	981.315
hgt	773	GCA.002342225.1.Bacteria.Bdellovibrionota	1687.08	0.0	843.54
hgt	1119	GCA.002779825.1.Bacteria.Armatimonadota	1968.115	0.0	984.0575
hgt	None	dead	0.0	0.0	0.0
los	None	dead	0.0	0.0	0.0
hgt	1020	GCA.001780165.1.Bacteria.Eisenbacteria	1596.025	0.0	798.0125
hgt	239	GCA.003158755.1.Bacteria.Elusimicrobiota	1416.94	0.0	708.47
dup	1167	1166	2045.68	1407.48	1726.58
dup	1167	1166	2045.68	1407.48	1726.58
hgt	None	dead	0.0	0.0	0.0
spe	1167	1166	2045.68	1407.48	1726.58
spe	1166	1165	1407.48	1265.28	1336.38
spe	1164	1160	1123.5635	971.4955	1047.5295
los	1164	1160	1123.5635	971.4955	1047.5295
spe	1163	GCA.001437855.1.Bacteria.Actinobacteriota	951.694	0.0	475.847
los	1163	GCA.001437855.1.Bacteria.Actinobacteriota	951.694	0.0	475.847
spe	1155	1154	1138.4215	863.8915	1001.1565
los	1155	1154	1138.4215	863.8915	1001.1565
hgt	1169	1145	2330.49	1977.205	2153.8475
hgt	1396	GCA.003151665.1.Bacteria.Dormibacterota	2023.82	0.0	1011.91
hgt	791	GCA.002050235.1.Bacteria.Desulfobacterota.B	1279.55	0.0	639.775
hgt	None	dead	0.0	0.0	0.0
los	None	dead	0.0	0.0	0.0
spe	1169	1145	2330.49	1977.205	2153.8475
spe	1143	GCA.002352645.1.Bacteria.Actinobacteriota	1774.67	0.0	887.335
los	1143	GCA.002352645.1.Bacteria.Actinobacteriota	1774.67	0.0	887.335
spe	1143	1141	1774.67	1400.775	1587.7225
spe	1140	GCA.003162395.1.Bacteria.Actinobacteriota	1175.5635	0.0	587.78175
los	1140	GCA.003162395.1.Bacteria.Actinobacteriota	1175.5635	0.0	587.78175
spe	1166	GCF.004348535.1.Bacteria.Actinobacteriota	1407.48	0.0	703.74
los	1166	GCF.004348535.1.Bacteria.Actinobacteriota	1407.48	0.0	703.74
spe	1165	1155	1265.28	1138.4215	1201.85075
los	1165	1155	1265.28	1138.4215	1201.85075
spe	1164	1163	1123.5635	951.694	1037.62875
los	1164	1163	1123.5635	951.694	1037.62875
spe	1164	1160	1123.5635	971.4955	1047.5295
spe	1158	GCF.001942305.1.Bacteria.Actinobacteriota	864.931	0.0	432.4655
los	1158	GCF.001942305.1.Bacteria.Actinobacteriota	864.931	0.0	432.4655
hgt	None	dead	0.0	0.0	0.0
hgt	821	GCF.000737335.2.Bacteria.Proteobacteria	1447.61	0.0	723.805
hgt	None	dead	0.0	0.0	0.0
los	None	dead	0.0	0.0	0.0
spe	1166	GCF.004348535.1.Bacteria.Actinobacteriota	1407.48	0.0	703.74
los	1166	GCF.004348535.1.Bacteria.Actinobacteriota	1407.48	0.0	703.74
spe	1166	1165	1407.48	1265.28	1336.38
spe	1155	GCF.003443735.1.Bacteria.Actinobacteriota	1138.4215	0.0	569.21075
los	1155	GCF.003443735.1.Bacteria.Actinobacteriota	1138.4215	0.0	569.21075
spe	1154	GCF.003047285.1.Bacteria.Actinobacteriota	863.8915	0.0	431.94575
los	1154	GCF.003047285.1.Bacteria.Actinobacteriota	863.8915	0.0	431.94575
spe	1164	1163	1123.5635	951.694	1037.62875
los	1164	1163	1123.5635	951.694	1037.62875
spe	1160	GCF.000015025.1.Bacteria.Actinobacteriota	971.4955	0.0	485.74775
los	1160	GCF.000015025.1.Bacteria.Actinobacteriota	971.4955	0.0	485.74775
spe	1158	GCF.900106035.1.Bacteria.Actinobacteriota	864.931	0.0	432.4655
los	1158	GCF.900106035.1.Bacteria.Actinobacteriota	864.931	0.0	432.4655
spe	663	662	3154.255	3076.16	3115.2075
los	663	662	3154.255	3076.16	3115.2075
hgt	None	dead	0.0	0.0	0.0
spe	397	396	2952.9	2591.83	2772.365
los	397	396	2952.9	2591.83	2772.365
hgt	None	dead	0.0	0.0	0.0
los	None	dead	0.0	0.0	0.0
spe	1427	1413	2362.135	2076.485	2219.31
spe	1399	GCA.002708145.1.Bacteria.Chloroflexota	1765.22	0.0	882.61
los	1399	GCA.002708145.1.Bacteria.Chloroflexota	1765.22	0.0	882.61
spe	1412	1411	1844.64	1573.655	1709.1475
los	1412	1411	1844.64	1573.655	1709.1475
spe	1412	1408	1844.64	1782.47	1813.555
spe	1407	GCA.002717565.1.Bacteria.Chloroflexota	1694.435	0.0	847.2175
los	1407	GCA.002717565.1.Bacteria.Chloroflexota	1694.435	0.0	847.2175
spe	1406	GCA.002717925.1.Bacteria.Chloroflexota	1589.865	0.0	794.9325
los	1406	GCA.002717925.1.Bacteria.Chloroflexota	1589.865	0.0	794.9325
spe	1402	GCA.002721445.1.Bacteria.Chloroflexota	1674.055	0.0	837.0275
los	1402	GCA.002721445.1.Bacteria.Chloroflexota	1674.055	0.0	837.0275
hgt	709	GCA.003223995.1.Bacteria.Acidobacteriota	1543.01	0.0	771.505
hgt	686	GCA.002451015.1.Bacteria.Acidobacteriota	1646.29	0.0	823.145
hgt	794	GCA.003161515.1.Bacteria.Desulfobacterota.B	1417.505	0.0	708.7525
hgt	None	dead	0.0	0.0	0.0
los	None	dead	0.0	0.0	0.0
hgt	714	713	2396.315	2232.07	2314.1925
hgt	1412	1408	1844.64	1782.47	1813.555
hgt	846	GCF.001611275.1.Bacteria.Desulfobacterota	1968.67	0.0	984.335
hgt	None	dead	0.0	0.0	0.0
los	None	dead	0.0	0.0	0.0
hgt	274	GCA.000406005.1.Bacteria.Poribacteria	2054.16	0.0	1027.08
spe	1412	1408	1844.64	1782.47	1813.555
spe	1407	1406	1694.435	1589.865	1642.15
los	1407	1406	1694.435	1589.865	1642.15
spe	1402	GCA.003228115.1.Bacteria.Chloroflexota	1674.055	0.0	837.0275
los	1402	GCA.003228115.1.Bacteria.Chloroflexota	1674.055	0.0	837.0275
spe	714	713	2396.315	2232.07	2314.1925
spe	699	698	2103.185	1863.875	1983.53
los	699	698	2103.185	1863.875	1983.53
spe	681	680	1875.565	1688.545	1782.055
los	681	680	1875.565	1688.545	1782.055
spe	713	712	2232.07	2029.595	2130.8325
spe	711	GCA.001664505.1.Bacteria.Acidobacteriota	1840.1	0.0	920.05
los	711	GCA.001664505.1.Bacteria.Acidobacteriota	1840.1	0.0	920.05
spe	709	GCA.003223995.1.Bacteria.Acidobacteriota	1543.01	0.0	771.505
los	709	GCA.003223995.1.Bacteria.Acidobacteriota	1543.01	0.0	771.505
spe	706	GCA.002327305.1.Bacteria.Acidobacteriota	1754.72	0.0	877.36
los	706	GCA.002327305.1.Bacteria.Acidobacteriota	1754.72	0.0	877.36
spe	706	704	1754.72	1564.51	1659.615
spe	704	702	1564.51	1307.095	1435.8025
hgt	832	GCA.002721815.1.Bacteria.Myxococcota	1570.54	0.0	785.27
hgt	796	GCA.002238415.1.Bacteria.Desulfobacterota.B	1703.52	0.0	851.76
hgt	704	GCA.003133645.1.Bacteria.Acidobacteriota	1564.51	0.0	782.255
los	704	GCA.003133645.1.Bacteria.Acidobacteriota	1564.51	0.0	782.255
