event	left_node	right_node	left_date	right_date	midpoint_date
hgt	None	dead	0.0	0.0	0.0
dup	None	dead	0.0	0.0	0.0
hgt	None	dead	0.0	0.0	0.0
los	None	dead	0.0	0.0	0.0
hgt	None	dead	0.0	0.0	0.0
los	None	dead	0.0	0.0	0.0
spe	1652	1651	2447.44	2128.215	2287.8275
hgt	239	GCA.003158755.1.Bacteria.Elusimicrobiota	1416.94	0.0	708.47
spe	1094	1048	3702.045	3522.85	3612.4475
spe	278	262	3383.28	3129.85	3256.565
los	278	262	3383.28	3129.85	3256.565
spe	277	276	3121.045	3066.185	3093.615
los	277	276	3121.045	3066.185	3093.615
spe	267	GCA.002428325.1.Bacteria.UBP4	2714.255	0.0	1357.1275
los	267	GCA.002428325.1.Bacteria.UBP4	2714.255	0.0	1357.1275
spe	265	GCA.003290465.1.Bacteria.Sumerlaeota	1925.84	0.0	962.92
los	265	GCA.003290465.1.Bacteria.Sumerlaeota	1925.84	0.0	962.92
spe	1048	1047	3522.85	3506.08	3514.465
spe	1047	1046	3506.08	3444.34	3475.21
spe	1045	921	3221.015	3032.55	3126.7825
los	1045	921	3221.015	3032.55	3126.7825
spe	1044	1043	2991.325	2909.195	2950.26
los	1044	1043	2991.325	2909.195	2950.26
spe	936	926	2805.55	2323.795	2564.6725
los	936	926	2805.55	2323.795	2564.6725
spe	935	GCA.001789205.1.Bacteria.Fibrobacterota	2051.05	0.0	1025.525
los	935	GCA.001789205.1.Bacteria.Fibrobacterota	2051.05	0.0	1025.525
spe	934	GCA.001045525.1.Bacteria.Fibrobacterota	1939.26	0.0	969.63
los	934	GCA.001045525.1.Bacteria.Fibrobacterota	1939.26	0.0	969.63
spe	932	930	1648.045	1384.095	1516.07
los	932	930	1648.045	1384.095	1516.07
dup	1046	902	3444.34	3336.1	3390.22
spe	1046	902	3444.34	3336.1	3390.22
spe	901	900	3242.11	3113.87	3177.99
los	901	900	3242.11	3113.87	3177.99
spe	663	662	3154.255	3076.16	3115.2075
los	663	662	3154.255	3076.16	3115.2075
spe	397	396	2952.9	2591.83	2772.365
los	397	396	2952.9	2591.83	2772.365
spe	902	390	3336.1	3073.69	3204.895
spe	390	389	3073.69	2696.585	2885.1375
spe	388	387	2486.95	2281.005	2383.9775
los	388	387	2486.95	2281.005	2383.9775
spe	376	374	2123.16	1638.665	1880.9125
los	376	374	2123.16	1638.665	1880.9125
spe	389	371	2696.585	2464.19	2580.3875
hgt	371	GCF.900112165.1.Bacteria.Spirochaetota	2464.19	0.0	1232.095
los	371	GCF.900112165.1.Bacteria.Spirochaetota	2464.19	0.0	1232.095
spe	370	GCF.000092845.1.Bacteria.Spirochaetota	2080.07	0.0	1040.035
los	370	GCF.000092845.1.Bacteria.Spirochaetota	2080.07	0.0	1040.035
hgt	390	GCA.002780065.1.Bacteria.UBA8481	3073.69	0.0	1536.845
los	390	GCA.002780065.1.Bacteria.UBA8481	3073.69	0.0	1536.845
spe	887	886	2263.805	1999.475	2131.64
spe	874	873	1902.135	1746.56	1824.3475
los	874	873	1902.135	1746.56	1824.3475
spe	868	866	1695.53	1370.345	1532.9375
los	868	866	1695.53	1370.345	1532.9375
spe	886	885	1999.475	1880.5	1939.9875
hgt	885	877	1880.5	1769.305	1824.9025
los	885	877	1880.5	1769.305	1824.9025
spe	885	884	1880.5	1765.875	1823.1875
spe	883	GCA.001751085.1.Bacteria.Desulfobacterota	1384.92	0.0	692.46
los	883	GCA.001751085.1.Bacteria.Desulfobacterota	1384.92	0.0	692.46
spe	884	880	1765.875	1499.355	1632.615
hgt	880	GCA.001577715.1.Bacteria.Desulfobacterota	1499.355	0.0	749.6775
los	880	GCA.001577715.1.Bacteria.Desulfobacterota	1499.355	0.0	749.6775
spe	1046	902	3444.34	3336.1	3390.22
spe	390	GCA.002780065.1.Bacteria.UBA8481	3073.69	0.0	1536.845
los	390	GCA.002780065.1.Bacteria.UBA8481	3073.69	0.0	1536.845
spe	389	371	2696.585	2464.19	2580.3875
los	389	371	2696.585	2464.19	2580.3875
spe	388	376	2486.95	2123.16	2305.055
los	388	376	2486.95	2123.16	2305.055
spe	387	383	2281.005	1865.655	2073.33
los	387	383	2281.005	1865.655	2073.33
spe	386	GCA.002450905.1.Bacteria.Spirochaetota	1962.46	0.0	981.23
los	386	GCA.002450905.1.Bacteria.Spirochaetota	1962.46	0.0	981.23
hgt	None	dead	0.0	0.0	0.0
hgt	None	dead	0.0	0.0	0.0
los	None	dead	0.0	0.0	0.0
hgt	None	dead	0.0	0.0	0.0
spe	902	901	3336.1	3242.11	3289.105
spe	900	716	3113.87	2685.38	2899.625
los	900	716	3113.87	2685.38	2899.625
spe	900	899	3113.87	3007.825	3060.8475
spe	899	898	3007.825	2936.14	2971.9825
spe	756	GCA.001790645.1.Bacteria.Schekmanbacteria	2563.145	0.0	1281.5725
los	756	GCA.001790645.1.Bacteria.Schekmanbacteria	2563.145	0.0	1281.5725
spe	754	746	2306.035	1971.165	2138.6
los	754	746	2306.035	1971.165	2138.6
spe	753	751	2050.24	1894.43	1972.335
los	753	751	2050.24	1894.43	1972.335
hgt	None	dead	0.0	0.0	0.0
los	898	897	2936.14	2852.85	2894.495
hgt	None	dead	0.0	0.0	0.0
los	None	dead	0.0	0.0	0.0
dup	1289	1288	2267.365	1693.72	1980.5425
spe	1288	GCA.002411145.1.Bacteria.Firmicutes.C	1693.72	0.0	846.86
los	1288	GCA.002411145.1.Bacteria.Firmicutes.C	1693.72	0.0	846.86
spe	1287	1285	1417.98	1310.93	1364.455
los	1287	1285	1417.98	1310.93	1364.455
hgt	817	813	1842.425	1701.895	1772.16
dup	1289	1288	2267.365	1693.72	1980.5425
spe	1289	1288	2267.365	1693.72	1980.5425
spe	1287	GCA.002329525.1.Bacteria.Firmicutes.C	1417.98	0.0	708.99
los	1287	GCA.002329525.1.Bacteria.Firmicutes.C	1417.98	0.0	708.99
spe	1285	1284	1310.93	1020.5295	1165.72975
los	1285	1284	1310.93	1020.5295	1165.72975
dup	1285	1281	1310.93	1090.0515	1200.49075
spe	1285	1281	1310.93	1090.0515	1200.49075
hgt	1288	GCA.002411145.1.Bacteria.Firmicutes.C	1693.72	0.0	846.86
spe	1281	1280	1090.0515	922.663	1006.35725
spe	1285	1281	1310.93	1090.0515	1200.49075
spe	1280	GCF.000430605.1.Bacteria.Firmicutes.C	922.663	0.0	461.3315
los	1280	GCF.000430605.1.Bacteria.Firmicutes.C	922.663	0.0	461.3315
hgt	1288	GCA.002411145.1.Bacteria.Firmicutes.C	1693.72	0.0	846.86
spe	1289	1288	2267.365	1693.72	1980.5425
spe	1287	GCA.002329525.1.Bacteria.Firmicutes.C	1417.98	0.0	708.99
los	1287	GCA.002329525.1.Bacteria.Firmicutes.C	1417.98	0.0	708.99
spe	1285	1284	1310.93	1020.5295	1165.72975
los	1285	1284	1310.93	1020.5295	1165.72975
dup	1285	1281	1310.93	1090.0515	1200.49075
spe	1285	1281	1310.93	1090.0515	1200.49075
spe	1280	GCF.000430605.1.Bacteria.Firmicutes.C	922.663	0.0	461.3315
los	1280	GCF.000430605.1.Bacteria.Firmicutes.C	922.663	0.0	461.3315
dup	1285	1281	1310.93	1090.0515	1200.49075
dup	1285	1281	1310.93	1090.0515	1200.49075
hgt	239	GCF.001027545.1.Bacteria.Elusimicrobiota	1416.94	0.0	708.47
spe	1285	1281	1310.93	1090.0515	1200.49075
spe	1281	1280	1090.0515	922.663	1006.35725
spe	1285	1281	1310.93	1090.0515	1200.49075
spe	1280	GCF.000430605.1.Bacteria.Firmicutes.C	922.663	0.0	461.3315
los	1280	GCF.000430605.1.Bacteria.Firmicutes.C	922.663	0.0	461.3315
dup	1285	1281	1310.93	1090.0515	1200.49075
spe	1281	1280	1090.0515	922.663	1006.35725
los	1281	1280	1090.0515	922.663	1006.35725
dup	1285	1281	1310.93	1090.0515	1200.49075
spe	1285	1281	1310.93	1090.0515	1200.49075
spe	1281	1280	1090.0515	922.663	1006.35725
hgt	1280	GCF.000430605.1.Bacteria.Firmicutes.C	922.663	0.0	461.3315
los	1280	GCF.000430605.1.Bacteria.Firmicutes.C	922.663	0.0	461.3315
hgt	1264	GCA.900317035.1.Bacteria.Firmicutes.A	1373.43	0.0	686.715
spe	1285	1281	1310.93	1090.0515	1200.49075
spe	1280	GCF.000430605.1.Bacteria.Firmicutes.C	922.663	0.0	461.3315
los	1280	GCF.000430605.1.Bacteria.Firmicutes.C	922.663	0.0	461.3315
hgt	1264	GCA.900317035.1.Bacteria.Firmicutes.A	1373.43	0.0	686.715
hgt	None	dead	0.0	0.0	0.0
hgt	None	dead	0.0	0.0	0.0
los	None	dead	0.0	0.0	0.0
spe	817	813	1842.425	1701.895	1772.16
spe	807	GCA.002789955.1.Bacteria.Myxococcota	1480.85	0.0	740.425
los	807	GCA.002789955.1.Bacteria.Myxococcota	1480.85	0.0	740.425
spe	812	GCA.002863065.1.Bacteria.Myxococcota	1577.595	0.0	788.7975
los	812	GCA.002863065.1.Bacteria.Myxococcota	1577.595	0.0	788.7975
spe	812	811	1577.595	1395.975	1486.785
hgt	248	GCA.001799695.1.Bacteria.Elusimicrobiota	1175.891	0.0	587.9455
spe	899	743	3007.825	2880.765	2944.295
spe	743	721	2880.765	2605.855	2743.31
hgt	None	dead	0.0	0.0	0.0
los	721	720	2605.855	2294.32	2450.0875
hgt	None	dead	0.0	0.0	0.0
los	None	dead	0.0	0.0	0.0
hgt	None	dead	0.0	0.0	0.0
los	743	742	2880.765	2637.165	2758.965
hgt	None	dead	0.0	0.0	0.0
los	None	dead	0.0	0.0	0.0
dup	1421	1419	1634.78	1500.065	1567.4225
hgt	93	GCF.000025525.1.Archaea.Methanobacteriota.A	2518.68	0.0	1259.34
hgt	None	dead	0.0	0.0	0.0
hgt	None	dead	0.0	0.0	0.0
los	None	dead	0.0	0.0	0.0
hgt	1292	GCF.001950325.1.Bacteria.Firmicutes.B	1918.11	0.0	959.055
spe	1421	1419	1634.78	1500.065	1567.4225
hgt	93	GCF.000025525.1.Archaea.Methanobacteriota.A	2518.68	0.0	1259.34
spe	1421	1419	1634.78	1500.065	1567.4225
hgt	None	dead	0.0	0.0	0.0
hgt	None	dead	0.0	0.0	0.0
los	None	dead	0.0	0.0	0.0
hgt	None	dead	0.0	0.0	0.0
hgt	None	dead	0.0	0.0	0.0
hgt	None	dead	0.0	0.0	0.0
los	None	dead	0.0	0.0	0.0
hgt	None	dead	0.0	0.0	0.0
hgt	None	dead	0.0	0.0	0.0
los	None	dead	0.0	0.0	0.0
hgt	None	dead	0.0	0.0	0.0
hgt	None	dead	0.0	0.0	0.0
los	None	dead	0.0	0.0	0.0
spe	901	663	3242.11	3154.255	3198.1825
spe	397	GCF.000526155.1.Bacteria.Desulfobacterota	2952.9	0.0	1476.45
los	397	GCF.000526155.1.Bacteria.Desulfobacterota	2952.9	0.0	1476.45
spe	397	396	2952.9	2591.83	2772.365
spe	395	GCF.000487995.1.Bacteria.Deferribacterota	1495.105	0.0	747.5525
los	395	GCF.000487995.1.Bacteria.Deferribacterota	1495.105	0.0	747.5525
spe	662	400	3076.16	2337.685	2706.9225
los	662	400	3076.16	2337.685	2706.9225
spe	662	661	3076.16	3025.1	3050.63
spe	660	GCA.002395105.1.Bacteria.Proteobacteria	2520.845	0.0	1260.4225
los	660	GCA.002395105.1.Bacteria.Proteobacteria	2520.845	0.0	1260.4225
spe	659	GCF.000021725.1.Bacteria.Campylobacterota	1438.4	0.0	719.2
los	659	GCF.000021725.1.Bacteria.Campylobacterota	1438.4	0.0	719.2
spe	655	403	2961.955	2470.89	2716.4225
los	655	403	2961.955	2470.89	2716.4225
spe	655	654	2961.955	2819.98	2890.9675
spe	654	520	2819.98	2728.775	2774.3775
spe	519	518	2563.7	2336.69	2450.195
los	519	518	2563.7	2336.69	2450.195
spe	520	406	2728.775	2518.42	2623.5975
hgt	406	GCF.002795805.1.Bacteria.Proteobacteria	2518.42	0.0	1259.21
los	406	GCF.002795805.1.Bacteria.Proteobacteria	2518.42	0.0	1259.21
hgt	650	649	2111.655	2046.605	2079.13
spe	650	649	2111.655	2046.605	2079.13
spe	543	539	1880.315	1679.045	1779.68
los	543	539	1880.315	1679.045	1779.68
spe	542	GCA.002631715.1.Bacteria.Proteobacteria	1703.185	0.0	851.5925
los	542	GCA.002631715.1.Bacteria.Proteobacteria	1703.185	0.0	851.5925
spe	649	648	2046.605	1974.705	2010.655
spe	647	646	1898.035	1850.35	1874.1925
los	647	646	1898.035	1850.35	1874.1925
spe	571	570	1737.025	1581.87	1659.4475
los	571	570	1737.025	1581.87	1659.4475
spe	565	GCF.000239355.1.Bacteria.Proteobacteria	1459.56	0.0	729.78
los	565	GCF.000239355.1.Bacteria.Proteobacteria	1459.56	0.0	729.78
spe	562	546	1813.695	1450.69	1632.1925
los	562	546	1813.695	1450.69	1632.1925
spe	561	560	1737.62	1548.725	1643.1725
los	561	560	1737.62	1548.725	1643.1725
spe	553	GCF.001641825.1.Bacteria.Proteobacteria	1585.42	0.0	792.71
los	553	GCF.001641825.1.Bacteria.Proteobacteria	1585.42	0.0	792.71
spe	552	GCF.001614315.2.Bacteria.Proteobacteria	1355.9	0.0	677.95
los	552	GCF.001614315.2.Bacteria.Proteobacteria	1355.9	0.0	677.95
spe	551	GCA.002746645.1.Bacteria.Proteobacteria	1073.1825	0.0	536.59125
los	551	GCA.002746645.1.Bacteria.Proteobacteria	1073.1825	0.0	536.59125
spe	654	653	2819.98	2511.255	2665.6175
spe	653	652	2511.255	2343.17	2427.2125
spe	652	651	2343.17	2202.31	2272.74
hgt	None	dead	0.0	0.0	0.0
hgt	None	dead	0.0	0.0	0.0
los	None	dead	0.0	0.0	0.0
hgt	None	dead	0.0	0.0	0.0
los	651	533	2202.31	1994.64	2098.475
hgt	None	dead	0.0	0.0	0.0
los	None	dead	0.0	0.0	0.0
spe	651	650	2202.31	2111.655	2156.9825
spe	536	GCF.002940605.1.Bacteria.Proteobacteria	1835.635	0.0	917.8175
los	536	GCF.002940605.1.Bacteria.Proteobacteria	1835.635	0.0	917.8175
spe	649	543	2046.605	1880.315	1963.46
los	649	543	2046.605	1880.315	1963.46
spe	648	562	1974.705	1813.695	1894.2
los	648	562	1974.705	1813.695	1894.2
spe	648	647	1974.705	1898.035	1936.37
spe	571	565	1737.025	1459.56	1598.2925
los	571	565	1737.025	1459.56	1598.2925
spe	570	GCA.002255365.1.Bacteria.Proteobacteria	1581.87	0.0	790.935
los	570	GCA.002255365.1.Bacteria.Proteobacteria	1581.87	0.0	790.935
spe	568	GCF.001051235.1.Bacteria.Proteobacteria	1421.955	0.0	710.9775
los	568	GCF.001051235.1.Bacteria.Proteobacteria	1421.955	0.0	710.9775
spe	646	588	1850.35	1741.465	1795.9075
los	646	588	1850.35	1741.465	1795.9075
spe	645	631	1783.08	1709.925	1746.5025
los	645	631	1783.08	1709.925	1746.5025
spe	644	643	1640.815	1460.61	1550.7125
los	644	643	1640.815	1460.61	1550.7125
spe	636	GCA.002840095.1.Bacteria.Proteobacteria	1563.065	0.0	781.5325
los	636	GCA.002840095.1.Bacteria.Proteobacteria	1563.065	0.0	781.5325
spe	634	GCF.002020875.1.Bacteria.Proteobacteria	1398.775	0.0	699.3875
los	634	GCF.002020875.1.Bacteria.Proteobacteria	1398.775	0.0	699.3875
hgt	None	dead	0.0	0.0	0.0
los	652	526	2343.17	2011.455	2177.3125
hgt	None	dead	0.0	0.0	0.0
los	None	dead	0.0	0.0	0.0
spe	483	482	1679.37	1587.505	1633.4375
spe	458	456	1466.17	1288.015	1377.0925
los	458	456	1466.17	1288.015	1377.0925
spe	481	480	1510.43	1386.405	1448.4175
los	481	480	1510.43	1386.405	1448.4175
spe	469	468	1404.34	1227.095	1315.7175
los	469	468	1404.34	1227.095	1315.7175
spe	463	GCF.002251795.1.Bacteria.Proteobacteria	1268.17	0.0	634.085
los	463	GCF.002251795.1.Bacteria.Proteobacteria	1268.17	0.0	634.085
spe	463	462	1268.17	1029.85	1149.01
hgt	495	GCF.003173035.1.Bacteria.Proteobacteria	1115.4635	0.0	557.73175
hgt	None	dead	0.0	0.0	0.0
hgt	None	dead	0.0	0.0	0.0
los	None	dead	0.0	0.0	0.0
hgt	None	dead	0.0	0.0	0.0
hgt	None	dead	0.0	0.0	0.0
los	None	dead	0.0	0.0	0.0
spe	1701	1700	2039.37	1958.955	1999.1625
hgt	1672	GCF.002251945.1.Bacteria.Cyanobacteria	1997.32	0.0	998.66
spe	1700	1688	1958.955	1633.475	1796.215
spe	1699	GCF.000317045.1.Bacteria.Cyanobacteria	1903.47	0.0	951.735
los	1699	GCF.000317045.1.Bacteria.Cyanobacteria	1903.47	0.0	951.735
dup	1699	1698	1903.47	1614.69	1759.08
spe	1698	1692	1614.69	177.05465	895.87233
los	1698	1692	1614.69	177.05465	895.87233
spe	1697	Fischerella.muscicola.CCMEE5323	1292.96	0.0	646.48
los	1697	Fischerella.muscicola.CCMEE5323	1292.96	0.0	646.48
spe	1695	Nostoc.sp.PCC7120	877.811	0.0	438.9055
los	1695	Nostoc.sp.PCC7120	877.811	0.0	438.9055
spe	1699	1698	1903.47	1614.69	1759.08
spe	1692	Richelia.intracellularis.HM01	177.05465	0.0	88.52733
los	1692	Richelia.intracellularis.HM01	177.05465	0.0	88.52733
spe	1698	1697	1614.69	1292.96	1453.825
spe	1695	GCF.000020025.1.Bacteria.Cyanobacteria	877.811	0.0	438.9055
los	1695	GCF.000020025.1.Bacteria.Cyanobacteria	877.811	0.0	438.9055
hgt	653	GCF.001399755.1.Bacteria.Proteobacteria	2511.255	0.0	1255.6275
los	653	GCF.001399755.1.Bacteria.Proteobacteria	2511.255	0.0	1255.6275
spe	1720	1719	2612.48	2501.03	2556.755
spe	1718	1717	2361.38	2144.885	2253.1325
los	1718	1717	2361.38	2144.885	2253.1325
spe	1704	1672	2246.435	1997.32	2121.8775
los	1704	1672	2246.435	1997.32	2121.8775
spe	1704	1703	2246.435	2154.635	2200.535
spe	1703	1702	2154.635	2080.605	2117.62
spe	1701	1700	2039.37	1958.955	1999.1625
los	1701	1700	2039.37	1958.955	1999.1625
spe	1685	GCF.000018105.1.Bacteria.Cyanobacteria	1871.67	0.0	935.835
los	1685	GCF.000018105.1.Bacteria.Cyanobacteria	1871.67	0.0	935.835
spe	1684	GCA.001698445.1.Bacteria.Cyanobacteria	1655.535	0.0	827.7675
los	1684	GCA.001698445.1.Bacteria.Cyanobacteria	1655.535	0.0	827.7675
spe	1679	GCF.000473895.1.Bacteria.Cyanobacteria	1817.625	0.0	908.8125
los	1679	GCF.000473895.1.Bacteria.Cyanobacteria	1817.625	0.0	908.8125
spe	1679	1678	1817.625	881.825	1349.725
spe	1678	1676	881.825	239.787	560.806
dup	None	dead	0.0	0.0	0.0
hgt	None	dead	0.0	0.0	0.0
los	None	dead	0.0	0.0	0.0
spe	1323	1319	2012.64	1887.42	1950.03
spe	1319	1318	1887.42	1776.335	1831.8775
hgt	1318	1317	1776.335	1176.776	1476.5555
los	1318	1317	1776.335	1176.776	1476.5555
spe	1312	GCF.002607855.1.Bacteria.Firmicutes.B	1489.285	0.0	744.6425
los	1312	GCF.002607855.1.Bacteria.Firmicutes.B	1489.285	0.0	744.6425
dup	None	dead	0.0	0.0	0.0
hgt	None	dead	0.0	0.0	0.0
los	None	dead	0.0	0.0	0.0
hgt	None	dead	0.0	0.0	0.0
los	None	dead	0.0	0.0	0.0
dup	None	dead	0.0	0.0	0.0
hgt	None	dead	0.0	0.0	0.0
los	None	dead	0.0	0.0	0.0
dup	None	dead	0.0	0.0	0.0
dup	None	dead	0.0	0.0	0.0
hgt	None	dead	0.0	0.0	0.0
los	None	dead	0.0	0.0	0.0
spe	1271	1270	1864.085	1672.825	1768.455
spe	1264	GCA.900317035.1.Bacteria.Firmicutes.A	1373.43	0.0	686.715
los	1264	GCA.900317035.1.Bacteria.Firmicutes.A	1373.43	0.0	686.715
spe	1263	GCA.002308775.1.Bacteria.Firmicutes.A	1119.073	0.0	559.5365
los	1263	GCA.002308775.1.Bacteria.Firmicutes.A	1119.073	0.0	559.5365
spe	1269	1268	1505.09	1268.035	1386.5625
los	1269	1268	1505.09	1268.035	1386.5625
dup	None	dead	0.0	0.0	0.0
hgt	None	dead	0.0	0.0	0.0
los	None	dead	0.0	0.0	0.0
hgt	None	dead	0.0	0.0	0.0
los	None	dead	0.0	0.0	0.0
spe	1285	1281	1310.93	1090.0515	1200.49075
hgt	1312	GCF.002607855.1.Bacteria.Firmicutes.B	1489.285	0.0	744.6425
spe	1281	1280	1090.0515	922.663	1006.35725
dup	None	dead	0.0	0.0	0.0
hgt	None	dead	0.0	0.0	0.0
los	None	dead	0.0	0.0	0.0
hgt	None	dead	0.0	0.0	0.0
los	None	dead	0.0	0.0	0.0
spe	365	GCA.001730085.1.Bacteria.GCA.001730085	3237.46	0.0	1618.73
los	365	GCA.001730085.1.Bacteria.GCA.001730085	3237.46	0.0	1618.73
spe	365	364	3237.46	3137.4	3187.43
spe	316	315	2946.705	2800.015	2873.36
los	316	315	2946.705	2800.015	2873.36
spe	308	290	2475.615	2080.08	2277.8475
los	308	290	2475.615	2080.08	2277.8475
spe	307	306	2367.435	1826.22	2096.8275
los	307	306	2367.435	1826.22	2096.8275
spe	297	296	2095.445	1523.77	1809.6075
los	297	296	2095.445	1523.77	1809.6075
spe	293	GCA.003246265.1.Bacteria.Verrucomicrobiota	1814.28	0.0	907.14
los	293	GCA.003246265.1.Bacteria.Verrucomicrobiota	1814.28	0.0	907.14
spe	363	362	2571.645	2406.61	2489.1275
los	363	362	2571.645	2406.61	2489.1275
spe	321	GCA.003136555.1.Bacteria.Planctomycetota	2405.83	0.0	1202.915
los	321	GCA.003136555.1.Bacteria.Planctomycetota	2405.83	0.0	1202.915
spe	320	GCA.002746535.1.Bacteria.Planctomycetota	2201.875	0.0	1100.9375
los	320	GCA.002746535.1.Bacteria.Planctomycetota	2201.875	0.0	1100.9375
