event	left_node	right_node	left_date	right_date	midpoint_date
spe	902	901	3336.1	3242.11	3289.105
spe	901	663	3242.11	3154.255	3198.1825
spe	663	662	3154.255	3076.16	3115.2075
hgt	662	400	3076.16	2337.685	2706.9225
los	662	400	3076.16	2337.685	2706.9225
spe	1720	1719	2612.48	2501.03	2556.755
spe	1719	1718	2501.03	2361.38	2431.205
hgt	None	dead	0.0	0.0	0.0
los	1718	1717	2361.38	2144.885	2253.1325
hgt	None	dead	0.0	0.0	0.0
los	None	dead	0.0	0.0	0.0
spe	1699	1698	1903.47	1614.69	1759.08
spe	1692	Richelia.intracellularis.HM01	177.05465	0.0	88.52733
los	1692	Richelia.intracellularis.HM01	177.05465	0.0	88.52733
dup	1698	1697	1614.69	1292.96	1453.825
spe	1697	1695	1292.96	877.811	1085.3855
los	1697	1695	1292.96	877.811	1085.3855
spe	1698	1697	1614.69	1292.96	1453.825
dup	1697	1695	1292.96	877.811	1085.3855
spe	1695	Nostoc.sp.PCC7120	877.811	0.0	438.9055
los	1695	Nostoc.sp.PCC7120	877.811	0.0	438.9055
spe	1697	1695	1292.96	877.811	1085.3855
spe	1704	1672	2246.435	1997.32	2121.8775
los	1704	1672	2246.435	1997.32	2121.8775
spe	1704	1703	2246.435	2154.635	2200.535
spe	1679	GCF.000473895.1.Bacteria.Cyanobacteria	1817.625	0.0	908.8125
los	1679	GCF.000473895.1.Bacteria.Cyanobacteria	1817.625	0.0	908.8125
spe	1679	1678	1817.625	881.825	1349.725
spe	1678	1676	881.825	239.787	560.806
spe	1703	1702	2154.635	2080.605	2117.62
spe	1702	1701	2080.605	2039.37	2059.9875
spe	1700	1699	1958.955	1903.47	1931.2125
los	1700	1699	1958.955	1903.47	1931.2125
spe	1700	1688	1958.955	1633.475	1796.215
spe	1701	1685	2039.37	1871.67	1955.52
spe	1684	GCA.001698445.1.Bacteria.Cyanobacteria	1655.535	0.0	827.7675
los	1684	GCA.001698445.1.Bacteria.Cyanobacteria	1655.535	0.0	827.7675
hgt	1685	GCF.000018105.1.Bacteria.Cyanobacteria	1871.67	0.0	935.835
los	1685	GCF.000018105.1.Bacteria.Cyanobacteria	1871.67	0.0	935.835
spe	662	661	3076.16	3025.1	3050.63
spe	661	655	3025.1	2961.955	2993.5275
hgt	None	dead	0.0	0.0	0.0
hgt	None	dead	0.0	0.0	0.0
los	None	dead	0.0	0.0	0.0
hgt	None	dead	0.0	0.0	0.0
hgt	None	dead	0.0	0.0	0.0
los	None	dead	0.0	0.0	0.0
hgt	None	dead	0.0	0.0	0.0
los	655	403	2961.955	2470.89	2716.4225
hgt	None	dead	0.0	0.0	0.0
los	None	dead	0.0	0.0	0.0
spe	514	513	1792.55	1728.66	1760.605
spe	483	447	1679.37	1537.685	1608.5275
los	483	447	1679.37	1537.685	1608.5275
spe	483	482	1679.37	1587.505	1633.4375
spe	458	456	1466.17	1288.015	1377.0925
los	458	456	1466.17	1288.015	1377.0925
spe	481	480	1510.43	1386.405	1448.4175
los	481	480	1510.43	1386.405	1448.4175
spe	469	468	1404.34	1227.095	1315.7175
los	469	468	1404.34	1227.095	1315.7175
spe	463	GCF.002251795.1.Bacteria.Proteobacteria	1268.17	0.0	634.085
los	463	GCF.002251795.1.Bacteria.Proteobacteria	1268.17	0.0	634.085
spe	463	462	1268.17	1029.85	1149.01
spe	512	486	1614.755	1342.71	1478.7325
los	512	486	1614.755	1342.71	1478.7325
spe	511	489	1534.63	1174.55	1354.59
los	511	489	1534.63	1174.55	1354.59
spe	510	492	1468.305	1215.16	1341.7325
los	510	492	1468.305	1215.16	1341.7325
spe	510	509	1468.305	1371.54	1419.9225
spe	495	GCA.002796975.1.Bacteria.Proteobacteria	1115.4635	0.0	557.73175
los	495	GCA.002796975.1.Bacteria.Proteobacteria	1115.4635	0.0	557.73175
spe	509	508	1371.54	1248.66	1310.1
hgt	508	507	1248.66	1032.028	1140.344
los	508	507	1248.66	1032.028	1140.344
spe	508	498	1248.66	1100.442	1174.551
hgt	498	GCA.002731375.1.Bacteria.Proteobacteria	1100.442	0.0	550.221
los	498	GCA.002731375.1.Bacteria.Proteobacteria	1100.442	0.0	550.221
hgt	634	GCF.001697225.1.Bacteria.Proteobacteria	1398.775	0.0	699.3875
spe	654	653	2819.98	2511.255	2665.6175
los	654	653	2819.98	2511.255	2665.6175
spe	654	520	2819.98	2728.775	2774.3775
spe	406	GCF.002795805.1.Bacteria.Proteobacteria	2518.42	0.0	1259.21
los	406	GCF.002795805.1.Bacteria.Proteobacteria	2518.42	0.0	1259.21
spe	520	519	2728.775	2563.7	2646.2375
hgt	None	dead	0.0	0.0	0.0
los	519	518	2563.7	2336.69	2450.195
hgt	None	dead	0.0	0.0	0.0
los	None	dead	0.0	0.0	0.0
spe	650	649	2111.655	2046.605	2079.13
spe	543	539	1880.315	1679.045	1779.68
los	543	539	1880.315	1679.045	1779.68
spe	542	GCA.002631715.1.Bacteria.Proteobacteria	1703.185	0.0	851.5925
los	542	GCA.002631715.1.Bacteria.Proteobacteria	1703.185	0.0	851.5925
spe	648	562	1974.705	1813.695	1894.2
los	648	562	1974.705	1813.695	1894.2
spe	648	647	1974.705	1898.035	1936.37
spe	646	588	1850.35	1741.465	1795.9075
los	646	588	1850.35	1741.465	1795.9075
spe	645	631	1783.08	1709.925	1746.5025
los	645	631	1783.08	1709.925	1746.5025
spe	644	643	1640.815	1460.61	1550.7125
los	644	643	1640.815	1460.61	1550.7125
spe	636	634	1563.065	1398.775	1480.92
los	636	634	1563.065	1398.775	1480.92
spe	571	570	1737.025	1581.87	1659.4475
los	571	570	1737.025	1581.87	1659.4475
spe	565	GCF.000239355.1.Bacteria.Proteobacteria	1459.56	0.0	729.78
los	565	GCF.000239355.1.Bacteria.Proteobacteria	1459.56	0.0	729.78
spe	661	660	3025.1	2520.845	2772.9725
hgt	660	GCA.002395105.1.Bacteria.Proteobacteria	2520.845	0.0	1260.4225
los	660	GCA.002395105.1.Bacteria.Proteobacteria	2520.845	0.0	1260.4225
spe	660	659	2520.845	1438.4	1979.6225
hgt	659	GCF.000021725.1.Bacteria.Campylobacterota	1438.4	0.0	719.2
los	659	GCF.000021725.1.Bacteria.Campylobacterota	1438.4	0.0	719.2
spe	397	GCF.000526155.1.Bacteria.Desulfobacterota	2952.9	0.0	1476.45
los	397	GCF.000526155.1.Bacteria.Desulfobacterota	2952.9	0.0	1476.45
spe	397	396	2952.9	2591.83	2772.365
spe	396	395	2591.83	1495.105	2043.4675
hgt	395	GCF.000487995.1.Bacteria.Deferribacterota	1495.105	0.0	747.5525
los	395	GCF.000487995.1.Bacteria.Deferribacterota	1495.105	0.0	747.5525
spe	900	716	3113.87	2685.38	2899.625
los	900	716	3113.87	2685.38	2899.625
spe	900	899	3113.87	3007.825	3060.8475
spe	899	898	3007.825	2936.14	2971.9825
spe	756	GCA.001790645.1.Bacteria.Schekmanbacteria	2563.145	0.0	1281.5725
los	756	GCA.001790645.1.Bacteria.Schekmanbacteria	2563.145	0.0	1281.5725
spe	754	746	2306.035	1971.165	2138.6
los	754	746	2306.035	1971.165	2138.6
spe	753	GCA.001803565.1.Bacteria.Nitrospinota.B	2050.24	0.0	1025.12
los	753	GCA.001803565.1.Bacteria.Nitrospinota.B	2050.24	0.0	1025.12
spe	751	GCA.002500605.1.Bacteria.Nitrospinota	1894.43	0.0	947.215
los	751	GCA.002500605.1.Bacteria.Nitrospinota	1894.43	0.0	947.215
spe	749	GCA.002705185.1.Bacteria.Nitrospinota	1737.095	0.0	868.5475
los	749	GCA.002705185.1.Bacteria.Nitrospinota	1737.095	0.0	868.5475
hgt	None	dead	0.0	0.0	0.0
hgt	None	dead	0.0	0.0	0.0
dup	None	dead	0.0	0.0	0.0
hgt	None	dead	0.0	0.0	0.0
los	None	dead	0.0	0.0	0.0
spe	1271	1270	1864.085	1672.825	1768.455
spe	1264	GCA.900317035.1.Bacteria.Firmicutes.A	1373.43	0.0	686.715
los	1264	GCA.900317035.1.Bacteria.Firmicutes.A	1373.43	0.0	686.715
spe	1263	GCA.002308775.1.Bacteria.Firmicutes.A	1119.073	0.0	559.5365
los	1263	GCA.002308775.1.Bacteria.Firmicutes.A	1119.073	0.0	559.5365
spe	1269	1268	1505.09	1268.035	1386.5625
los	1269	1268	1505.09	1268.035	1386.5625
hgt	None	dead	0.0	0.0	0.0
los	None	dead	0.0	0.0	0.0
spe	1285	1281	1310.93	1090.0515	1200.49075
spe	1281	1280	1090.0515	922.663	1006.35725
hgt	1288	GCA.002411145.1.Bacteria.Firmicutes.C	1693.72	0.0	846.86
hgt	1312	GCF.002607855.1.Bacteria.Firmicutes.B	1489.285	0.0	744.6425
hgt	1350	GCF.001742305.1.Bacteria.Firmicutes	1380.55	0.0	690.275
hgt	None	dead	0.0	0.0	0.0
spe	898	897	2936.14	2852.85	2894.495
spe	897	896	2852.85	2619.11	2735.98
hgt	None	dead	0.0	0.0	0.0
hgt	None	dead	0.0	0.0	0.0
los	None	dead	0.0	0.0	0.0
hgt	896	892	2619.11	2105.205	2362.1575
los	896	892	2619.11	2105.205	2362.1575
spe	389	388	2696.585	2486.95	2591.7675
spe	376	374	2123.16	1638.665	1880.9125
los	376	374	2123.16	1638.665	1880.9125
hgt	None	dead	0.0	0.0	0.0
hgt	None	dead	0.0	0.0	0.0
los	None	dead	0.0	0.0	0.0
spe	388	387	2486.95	2281.005	2383.9775
spe	386	GCA.002450905.1.Bacteria.Spirochaetota	1962.46	0.0	981.23
los	386	GCA.002450905.1.Bacteria.Spirochaetota	1962.46	0.0	981.23
spe	383	381	1865.655	1481.85	1673.7525
los	383	381	1865.655	1481.85	1673.7525
spe	896	895	2619.11	2183.84	2401.475
hgt	883	GCA.000961655.1.Bacteria.Desulfobacterota	1384.92	0.0	692.46
hgt	None	dead	0.0	0.0	0.0
hgt	None	dead	0.0	0.0	0.0
los	None	dead	0.0	0.0	0.0
hgt	895	GCA.002897695.1.Bacteria.BMS3Abin14	2183.84	0.0	1091.92
los	895	GCA.002897695.1.Bacteria.BMS3Abin14	2183.84	0.0	1091.92
spe	297	293	2095.445	1814.28	1954.8625
spe	897	889	2852.85	2620.3	2736.575
hgt	889	843	2620.3	2513.665	2566.9825
los	889	843	2620.3	2513.665	2566.9825
hgt	None	dead	0.0	0.0	0.0
hgt	None	dead	0.0	0.0	0.0
los	None	dead	0.0	0.0	0.0
hgt	None	dead	0.0	0.0	0.0
hgt	None	dead	0.0	0.0	0.0
los	None	dead	0.0	0.0	0.0
spe	889	888	2620.3	2447.185	2533.7425
spe	854	853	2279.15	2005.945	2142.5475
los	854	853	2279.15	2005.945	2142.5475
spe	850	846	2241.395	1968.67	2105.0325
los	850	846	2241.395	1968.67	2105.0325
spe	849	GCA.001896555.1.Bacteria.Desulfobacterota	1883.095	0.0	941.5475
los	849	GCA.001896555.1.Bacteria.Desulfobacterota	1883.095	0.0	941.5475
spe	887	863	2263.805	2054.51	2159.1575
los	887	863	2263.805	2054.51	2159.1575
spe	886	885	1999.475	1880.5	1939.9875
los	886	885	1999.475	1880.5	1939.9875
spe	886	874	1999.475	1902.135	1950.805
spe	868	866	1695.53	1370.345	1532.9375
los	868	866	1695.53	1370.345	1532.9375
spe	874	873	1902.135	1746.56	1824.3475
spe	871	GCA.002899795.1.Bacteria.Desulfobacterota	1489.29	0.0	744.645
los	871	GCA.002899795.1.Bacteria.Desulfobacterota	1489.29	0.0	744.645
hgt	873	GCA.002011835.1.Bacteria.Desulfobacterota	1746.56	0.0	873.28
los	873	GCA.002011835.1.Bacteria.Desulfobacterota	1746.56	0.0	873.28
dup	None	dead	0.0	0.0	0.0
hgt	None	dead	0.0	0.0	0.0
los	None	dead	0.0	0.0	0.0
hgt	None	dead	0.0	0.0	0.0
los	None	dead	0.0	0.0	0.0
dup	1387	1327	2728.885	2593.555	2661.22
spe	1387	1327	2728.885	2593.555	2661.22
spe	1327	1326	2593.555	2394.985	2494.27
hgt	None	dead	0.0	0.0	0.0
los	1326	1292	2394.985	1918.11	2156.5475
hgt	None	dead	0.0	0.0	0.0
los	None	dead	0.0	0.0	0.0
spe	89	88	1761.97	1623.18	1692.575
spe	87	GCA.002256595.1.Archaea.Halobacteriota	1522.785	0.0	761.3925
los	87	GCA.002256595.1.Archaea.Halobacteriota	1522.785	0.0	761.3925
spe	86	84	1362.965	1194.24	1278.6025
los	86	84	1362.965	1194.24	1278.6025
spe	80	GCF.002114285.1.Archaea.Halobacteriota	1389.95	0.0	694.975
los	80	GCF.002114285.1.Archaea.Halobacteriota	1389.95	0.0	694.975
spe	1325	1297	2206.925	1941.385	2074.155
los	1325	1297	2206.925	1941.385	2074.155
dup	1325	1324	2206.925	2099.855	2153.39
hgt	None	dead	0.0	0.0	0.0
hgt	1645	GCF.000212395.1.Bacteria.Thermodesulfobiota	3083.735	0.0	1541.8675
hgt	None	dead	0.0	0.0	0.0
hgt	None	dead	0.0	0.0	0.0
los	None	dead	0.0	0.0	0.0
dup	1365	GCF.000702165.1.Bacteria.Firmicutes	451.8795	0.0	225.93975
hgt	1462	GCA.002436065.1.Bacteria.Chloroflexota	2240.595	0.0	1120.2975
spe	1325	1324	2206.925	2099.855	2153.39
spe	1308	1307	1873.47	1657.525	1765.4975
los	1308	1307	1873.47	1657.525	1765.4975
spe	1300	GCA.002418765.1.Bacteria.Firmicutes.B	1522.13	0.0	761.065
los	1300	GCA.002418765.1.Bacteria.Firmicutes.B	1522.13	0.0	761.065
spe	1323	1322	2012.64	1664.355	1838.4975
los	1323	1322	2012.64	1664.355	1838.4975
spe	1319	1318	1887.42	1776.335	1831.8775
los	1319	1318	1887.42	1776.335	1831.8775
dup	None	dead	0.0	0.0	0.0
hgt	None	dead	0.0	0.0	0.0
los	None	dead	0.0	0.0	0.0
hgt	None	dead	0.0	0.0	0.0
los	None	dead	0.0	0.0	0.0
dup	1280	GCF.900104455.1.Bacteria.Firmicutes.C	922.663	0.0	461.3315
hgt	None	dead	0.0	0.0	0.0
hgt	None	dead	0.0	0.0	0.0
los	None	dead	0.0	0.0	0.0
dup	1280	GCF.900104455.1.Bacteria.Firmicutes.C	922.663	0.0	461.3315
hgt	None	dead	0.0	0.0	0.0
hgt	None	dead	0.0	0.0	0.0
los	None	dead	0.0	0.0	0.0
hgt	1645	GCF.000212395.1.Bacteria.Thermodesulfobiota	3083.735	0.0	1541.8675
hgt	1462	GCA.002436065.1.Bacteria.Chloroflexota	2240.595	0.0	1120.2975
spe	1325	1324	2206.925	2099.855	2153.39
spe	1308	1307	1873.47	1657.525	1765.4975
los	1308	1307	1873.47	1657.525	1765.4975
spe	1300	GCA.002418765.1.Bacteria.Firmicutes.B	1522.13	0.0	761.065
los	1300	GCA.002418765.1.Bacteria.Firmicutes.B	1522.13	0.0	761.065
spe	1323	1322	2012.64	1664.355	1838.4975
los	1323	1322	2012.64	1664.355	1838.4975
spe	1323	1319	2012.64	1887.42	1950.03
spe	1318	1312	1776.335	1489.285	1632.81
los	1318	1312	1776.335	1489.285	1632.81
spe	1317	GCA.002398485.1.Bacteria.Firmicutes.B	1176.776	0.0	588.388
los	1317	GCA.002398485.1.Bacteria.Firmicutes.B	1176.776	0.0	588.388
spe	1315	GCA.002482535.1.Bacteria.Firmicutes.B	994.8405	0.0	497.42025
los	1315	GCA.002482535.1.Bacteria.Firmicutes.B	994.8405	0.0	497.42025
hgt	1365	GCF.000702165.1.Bacteria.Firmicutes	451.8795	0.0	225.93975
dup	1365	GCF.000702165.1.Bacteria.Firmicutes	451.8795	0.0	225.93975
spe	1327	1289	2593.555	2267.365	2430.46
spe	1288	GCA.002411145.1.Bacteria.Firmicutes.C	1693.72	0.0	846.86
los	1288	GCA.002411145.1.Bacteria.Firmicutes.C	1693.72	0.0	846.86
spe	1287	1285	1417.98	1310.93	1364.455
los	1287	1285	1417.98	1310.93	1364.455
hgt	None	dead	0.0	0.0	0.0
hgt	None	dead	0.0	0.0	0.0
los	None	dead	0.0	0.0	0.0
hgt	None	dead	0.0	0.0	0.0
hgt	None	dead	0.0	0.0	0.0
los	None	dead	0.0	0.0	0.0
dup	248	GCA.001799695.1.Bacteria.Elusimicrobiota	1175.891	0.0	587.9455
hgt	1289	GCA.002345475.1.Bacteria.Firmicutes.H	2267.365	0.0	1133.6825
los	1289	GCA.002345475.1.Bacteria.Firmicutes.H	2267.365	0.0	1133.6825
spe	817	813	1842.425	1701.895	1772.16
spe	812	GCA.002863065.1.Bacteria.Myxococcota	1577.595	0.0	788.7975
los	812	GCA.002863065.1.Bacteria.Myxococcota	1577.595	0.0	788.7975
spe	811	GCA.002728755.1.Bacteria.Myxococcota	1395.975	0.0	697.9875
los	811	GCA.002728755.1.Bacteria.Myxococcota	1395.975	0.0	697.9875
spe	807	GCA.002789955.1.Bacteria.Myxococcota	1480.85	0.0	740.425
los	807	GCA.002789955.1.Bacteria.Myxococcota	1480.85	0.0	740.425
dup	807	GCA.002841945.1.Bacteria.Myxococcota	1480.85	0.0	740.425
spe	1327	1289	2593.555	2267.365	2430.46
los	1327	1289	2593.555	2267.365	2430.46
spe	1327	1326	2593.555	2394.985	2494.27
spe	1292	GCF.000024605.1.Bacteria.Firmicutes.B	1918.11	0.0	959.055
los	1292	GCF.000024605.1.Bacteria.Firmicutes.B	1918.11	0.0	959.055
spe	1325	1297	2206.925	1941.385	2074.155
los	1325	1297	2206.925	1941.385	2074.155
spe	1324	1323	2099.855	2012.64	2056.2475
los	1324	1323	2099.855	2012.64	2056.2475
spe	1308	1300	1873.47	1522.13	1697.8
los	1308	1300	1873.47	1522.13	1697.8
spe	1307	GCA.000987045.1.Bacteria.Firmicutes.B	1657.525	0.0	828.7625
los	1307	GCA.000987045.1.Bacteria.Firmicutes.B	1657.525	0.0	828.7625
spe	1305	1304	1479.61	1181.512	1330.561
los	1305	1304	1479.61	1181.512	1330.561
hgt	None	dead	0.0	0.0	0.0
los	None	dead	0.0	0.0	0.0
spe	1323	1319	2012.64	1887.42	1950.03
spe	1318	1317	1776.335	1176.776	1476.5555
los	1318	1317	1776.335	1176.776	1476.5555
spe	1312	GCF.002607855.1.Bacteria.Firmicutes.B	1489.285	0.0	744.6425
los	1312	GCF.002607855.1.Bacteria.Firmicutes.B	1489.285	0.0	744.6425
spe	743	721	2880.765	2605.855	2743.31
los	743	721	2880.765	2605.855	2743.31
spe	742	741	2637.165	2052.975	2345.07
los	742	741	2637.165	2052.975	2345.07
spe	738	728	2317.13	1980.89	2149.01
los	738	728	2317.13	1980.89	2149.01
spe	737	736	2105.695	1826.19	1965.9425
los	737	736	2105.695	1826.19	1965.9425
spe	737	733	2105.695	1608.54	1857.1175
spe	732	GCA.002011735.1.Bacteria.Nitrospirota	1363.035	0.0	681.5175
los	732	GCA.002011735.1.Bacteria.Nitrospirota	1363.035	0.0	681.5175
