event	left_node	right_node	left_date	right_date	midpoint_date
spe	1727	1726	3794.005	3776.22	3785.1125
spe	1726	1725	3776.22	3726.035	3751.1275
spe	1393	1129	3573.7	3300.21	3436.955
los	1393	1129	3573.7	3300.21	3436.955
spe	1392	1188	3456.59	3093.335	3274.9625
los	1392	1188	3456.59	3093.335	3274.9625
spe	1391	1211	3155.64	2902.885	3029.2625
los	1391	1211	3155.64	2902.885	3029.2625
spe	1391	1390	3155.64	3037.655	3096.6475
spe	1389	1237	2954.69	2499.645	2727.1675
los	1389	1237	2954.69	2499.645	2727.1675
spe	1388	1274	2796.04	2556.69	2676.365
los	1388	1274	2796.04	2556.69	2676.365
dup	1388	1387	2796.04	2728.885	2762.4625
spe	1387	1386	2728.885	2546.81	2637.8475
los	1387	1386	2728.885	2546.81	2637.8475
spe	1327	1289	2593.555	2267.365	2430.46
los	1327	1289	2593.555	2267.365	2430.46
spe	1326	1292	2394.985	1918.11	2156.5475
los	1326	1292	2394.985	1918.11	2156.5475
spe	1326	1325	2394.985	2206.925	2300.955
spe	1297	GCA.002329495.1.Bacteria.Firmicutes.B	1941.385	0.0	970.6925
los	1297	GCA.002329495.1.Bacteria.Firmicutes.B	1941.385	0.0	970.6925
spe	1296	GCA.001513545.1.Bacteria.Firmicutes.B	1757.76	0.0	878.88
los	1296	GCA.001513545.1.Bacteria.Firmicutes.B	1757.76	0.0	878.88
spe	1325	1324	2206.925	2099.855	2153.39
spe	1324	1308	2099.855	1873.47	1986.6625
spe	1307	1305	1657.525	1479.61	1568.5675
los	1307	1305	1657.525	1479.61	1568.5675
spe	1300	GCA.002418765.1.Bacteria.Firmicutes.B	1522.13	0.0	761.065
los	1300	GCA.002418765.1.Bacteria.Firmicutes.B	1522.13	0.0	761.065
spe	1323	1322	2012.64	1664.355	1838.4975
los	1323	1322	2012.64	1664.355	1838.4975
spe	1319	GCF.900100785.1.Bacteria.Firmicutes.B	1887.42	0.0	943.71
los	1319	GCF.900100785.1.Bacteria.Firmicutes.B	1887.42	0.0	943.71
spe	1318	1317	1776.335	1176.776	1476.5555
los	1318	1317	1776.335	1176.776	1476.5555
spe	1318	1312	1776.335	1489.285	1632.81
hgt	1292	GCF.000024605.1.Bacteria.Firmicutes.B	1918.11	0.0	959.055
spe	1388	1387	2796.04	2728.885	2762.4625
spe	1387	1386	2728.885	2546.81	2637.8475
spe	1330	GCA.002385745.1.Bacteria.Firmicutes.D	1974.4	0.0	987.2
los	1330	GCA.002385745.1.Bacteria.Firmicutes.D	1974.4	0.0	987.2
hgt	None	dead	0.0	0.0	0.0
los	1386	1385	2546.81	2448.17	2497.49
hgt	None	dead	0.0	0.0	0.0
los	None	dead	0.0	0.0	0.0
spe	1387	1327	2728.885	2593.555	2661.22
spe	1289	GCA.002345475.1.Bacteria.Firmicutes.H	2267.365	0.0	1133.6825
los	1289	GCA.002345475.1.Bacteria.Firmicutes.H	2267.365	0.0	1133.6825
spe	1288	GCA.002411145.1.Bacteria.Firmicutes.C	1693.72	0.0	846.86
los	1288	GCA.002411145.1.Bacteria.Firmicutes.C	1693.72	0.0	846.86
spe	1288	1287	1693.72	1417.98	1555.85
spe	1285	1284	1310.93	1020.5295	1165.72975
los	1285	1284	1310.93	1020.5295	1165.72975
spe	1281	1280	1090.0515	922.663	1006.35725
los	1281	1280	1090.0515	922.663	1006.35725
spe	1326	1292	2394.985	1918.11	2156.5475
los	1326	1292	2394.985	1918.11	2156.5475
spe	1326	1325	2394.985	2206.925	2300.955
spe	1325	1297	2206.925	1941.385	2074.155
spe	1296	GCF.900176005.1.Bacteria.Firmicutes.B	1757.76	0.0	878.88
los	1296	GCF.900176005.1.Bacteria.Firmicutes.B	1757.76	0.0	878.88
hgt	1297	GCA.002329495.1.Bacteria.Firmicutes.B	1941.385	0.0	970.6925
los	1297	GCA.002329495.1.Bacteria.Firmicutes.B	1941.385	0.0	970.6925
spe	1324	1308	2099.855	1873.47	1986.6625
los	1324	1308	2099.855	1873.47	1986.6625
spe	1323	1322	2012.64	1664.355	1838.4975
los	1323	1322	2012.64	1664.355	1838.4975
spe	1319	1318	1887.42	1776.335	1831.8775
los	1319	1318	1887.42	1776.335	1831.8775
dup	1319	GCF.900100785.1.Bacteria.Firmicutes.B	1887.42	0.0	943.71
spe	1390	1218	3037.655	2844.535	2941.095
spe	1216	1215	2236.855	1553.665	1895.26
los	1216	1215	2236.855	1553.665	1895.26
hgt	1297	GCA.002329495.1.Bacteria.Firmicutes.B	1941.385	0.0	970.6925
hgt	1333	GCF.900111575.1.Bacteria.Firmicutes.D	2067.36	0.0	1033.68
spe	1724	1723	3611.965	3457.54	3534.7525
los	1724	1723	3611.965	3457.54	3534.7525
spe	1642	1641	3511.74	3146.265	3329.0025
los	1642	1641	3511.74	3146.265	3329.0025
spe	1478	1396	3209.465	2023.82	2616.6425
los	1478	1396	3209.465	2023.82	2616.6425
spe	1478	1477	3209.465	2951.08	3080.2725
spe	1476	1475	2705.185	2571.35	2638.2675
los	1476	1475	2705.185	2571.35	2638.2675
dup	1476	1454	2705.185	2138.89	2422.0375
spe	1454	1446	2138.89	1892.56	2015.725
los	1454	1446	2138.89	1892.56	2015.725
spe	1453	1449	2041.27	1825.905	1933.5875
los	1453	1449	2041.27	1825.905	1933.5875
spe	1453	1452	2041.27	1560.03	1800.65
hgt	1444	GCA.002366755.1.Bacteria.Chloroflexota	1493.995	0.0	746.9975
spe	1476	1454	2705.185	2138.89	2422.0375
spe	1453	1452	2041.27	1560.03	1800.65
los	1453	1452	2041.27	1560.03	1800.65
spe	1449	GCA.002366595.1.Bacteria.Chloroflexota	1825.905	0.0	912.9525
los	1449	GCA.002366595.1.Bacteria.Chloroflexota	1825.905	0.0	912.9525
spe	1454	1446	2138.89	1892.56	2015.725
hgt	None	dead	0.0	0.0	0.0
los	1446	1440	1892.56	1749.24	1820.9
hgt	None	dead	0.0	0.0	0.0
los	None	dead	0.0	0.0	0.0
spe	1445	1444	1683.66	1493.995	1588.8275
los	1445	1444	1683.66	1493.995	1588.8275
spe	1431	1430	2599.01	2141.86	2370.435
los	1431	1430	2599.01	2141.86	2370.435
spe	1427	1413	2362.135	2076.485	2219.31
los	1427	1413	2362.135	2076.485	2219.31
spe	1427	1426	2362.135	2179.07	2270.6025
hgt	686	GCA.002451015.1.Bacteria.Acidobacteriota	1646.29	0.0	823.145
dup	686	GCA.002451015.1.Bacteria.Acidobacteriota	1646.29	0.0	823.145
hgt	1462	GCA.002436065.1.Bacteria.Chloroflexota	2240.595	0.0	1120.2975
hgt	1234	1233	1778.17	1459.0	1618.585
hgt	862	GCA.002782605.1.Bacteria.Desulfobacterota	1719.125	0.0	859.5625
hgt	1300	GCF.000620305.1.Bacteria.Firmicutes.B	1522.13	0.0	761.065
spe	1234	1233	1778.17	1459.0	1618.585
hgt	883	GCA.001751085.1.Bacteria.Desulfobacterota	1384.92	0.0	692.46
dup	1462	GCA.002436065.1.Bacteria.Chloroflexota	2240.595	0.0	1120.2975
hgt	866	GCA.003194485.1.Bacteria.Desulfobacterota	1370.345	0.0	685.1725
hgt	780	GCA.001769805.1.Bacteria.Bdellovibrionota	1753.025	0.0	876.5125
hgt	801	GCA.001797815.1.Bacteria.RBG.13.61.14	2014.795	0.0	1007.3975
hgt	1449	GCA.002366595.1.Bacteria.Chloroflexota	1825.905	0.0	912.9525
spe	1425	GCA.003229915.1.Bacteria.Chloroflexota	1957.375	0.0	978.6875
los	1425	GCA.003229915.1.Bacteria.Chloroflexota	1957.375	0.0	978.6875
dup	1425	1424	1957.375	1821.17	1889.2725
spe	1425	1424	1957.375	1821.17	1889.2725
hgt	873	871	1746.56	1489.29	1617.925
hgt	1296	GCA.001513545.1.Bacteria.Firmicutes.B	1757.76	0.0	878.88
hgt	861	GCA.002327985.1.Bacteria.Desulfobacterota	1594.73	0.0	797.365
hgt	862	GCA.002782605.1.Bacteria.Desulfobacterota	1719.125	0.0	859.5625
spe	873	871	1746.56	1489.29	1617.925
dup	871	GCA.007244385.1.Bacteria.Desulfobacterota	1489.29	0.0	744.645
spe	1424	1422	1821.17	1675.19	1748.18
spe	1421	GCA.002347295.1.Bacteria.Chloroflexota	1634.78	0.0	817.39
los	1421	GCA.002347295.1.Bacteria.Chloroflexota	1634.78	0.0	817.39
spe	1419	GCA.002367275.1.Bacteria.Chloroflexota	1500.065	0.0	750.0325
los	1419	GCA.002367275.1.Bacteria.Chloroflexota	1500.065	0.0	750.0325
spe	1424	GCA.002011475.1.Bacteria.Chloroflexota	1821.17	0.0	910.585
los	1424	GCA.002011475.1.Bacteria.Chloroflexota	1821.17	0.0	910.585
spe	1422	GCA.003484395.1.Bacteria.Chloroflexota	1675.19	0.0	837.595
los	1422	GCA.003484395.1.Bacteria.Chloroflexota	1675.19	0.0	837.595
spe	1421	GCA.002347295.1.Bacteria.Chloroflexota	1634.78	0.0	817.39
los	1421	GCA.002347295.1.Bacteria.Chloroflexota	1634.78	0.0	817.39
dup	1421	1419	1634.78	1500.065	1567.4225
spe	1421	1419	1634.78	1500.065	1567.4225
hgt	87	GCA.002256595.1.Archaea.Halobacteriota	1522.785	0.0	761.3925
spe	1421	1419	1634.78	1500.065	1567.4225
dup	1419	GCA.002352365.1.Bacteria.Chloroflexota	1500.065	0.0	750.0325
dup	87	GCA.002256595.1.Archaea.Halobacteriota	1522.785	0.0	761.3925
spe	1726	1094	3776.22	3702.045	3739.1325
spe	1094	1093	3702.045	3523.93	3612.9875
hgt	None	dead	0.0	0.0	0.0
los	1093	1055	3523.93	3144.785	3334.3575
hgt	None	dead	0.0	0.0	0.0
los	None	dead	0.0	0.0	0.0
spe	1093	1092	3523.93	3347.57	3435.75
hgt	None	dead	0.0	0.0	0.0
los	1092	1058	3347.57	2584.325	2965.9475
hgt	None	dead	0.0	0.0	0.0
los	None	dead	0.0	0.0	0.0
spe	1092	1091	3347.57	3217.11	3282.34
hgt	None	dead	0.0	0.0	0.0
los	1091	1090	3217.11	2898.955	3058.0325
hgt	None	dead	0.0	0.0	0.0
los	None	dead	0.0	0.0	0.0
spe	1091	1083	3217.11	3012.98	3115.045
spe	1071	1070	2762.345	2441.355	2601.85
los	1071	1070	2762.345	2441.355	2601.85
spe	1063	1061	1761.17	1425.15	1593.16
los	1063	1061	1761.17	1425.15	1593.16
spe	1083	1082	3012.98	2820.665	2916.8225
hgt	None	dead	0.0	0.0	0.0
los	1082	1080	2820.665	2542.65	2681.6575
hgt	None	dead	0.0	0.0	0.0
los	None	dead	0.0	0.0	0.0
spe	1048	278	3522.85	3383.28	3453.065
los	1048	278	3522.85	3383.28	3453.065
spe	1047	365	3506.08	3237.46	3371.77
los	1047	365	3506.08	3237.46	3371.77
spe	1046	1045	3444.34	3221.015	3332.6775
los	1046	1045	3444.34	3221.015	3332.6775
spe	902	390	3336.1	3073.69	3204.895
los	902	390	3336.1	3073.69	3204.895
spe	902	901	3336.1	3242.11	3289.105
spe	901	663	3242.11	3154.255	3198.1825
hgt	663	662	3154.255	3076.16	3115.2075
los	663	662	3154.255	3076.16	3115.2075
spe	1188	1187	3093.335	3023.46	3058.3975
spe	1133	GCA.001871795.1.Bacteria.Actinobacteriota	2425.095	0.0	1212.5475
los	1133	GCA.001871795.1.Bacteria.Actinobacteriota	2425.095	0.0	1212.5475
spe	1186	1185	2887.55	2722.52	2805.035
los	1186	1185	2887.55	2722.52	2805.035
spe	1186	1136	2887.55	2343.38	2615.465
spe	663	397	3154.255	2952.9	3053.5775
spe	397	396	2952.9	2591.83	2772.365
hgt	396	GCF.000177635.2.Bacteria.Chrysiogenota	2591.83	0.0	1295.915
los	396	GCF.000177635.2.Bacteria.Chrysiogenota	2591.83	0.0	1295.915
spe	395	GCA.002402635.1.Bacteria.Deferribacterota	1495.105	0.0	747.5525
los	395	GCA.002402635.1.Bacteria.Deferribacterota	1495.105	0.0	747.5525
hgt	397	GCF.000526155.1.Bacteria.Desulfobacterota	2952.9	0.0	1476.45
los	397	GCF.000526155.1.Bacteria.Desulfobacterota	2952.9	0.0	1476.45
spe	733	732	1608.54	1363.035	1485.7875
hgt	736	GCA.003454665.1.Bacteria.Nitrospirota	1826.19	0.0	913.095
hgt	None	dead	0.0	0.0	0.0
hgt	None	dead	0.0	0.0	0.0
los	None	dead	0.0	0.0	0.0
dup	901	900	3242.11	3113.87	3177.99
spe	900	716	3113.87	2685.38	2899.625
los	900	716	3113.87	2685.38	2899.625
dup	900	899	3113.87	3007.825	3060.8475
hgt	None	dead	0.0	0.0	0.0
hgt	None	dead	0.0	0.0	0.0
los	None	dead	0.0	0.0	0.0
dup	900	899	3113.87	3007.825	3060.8475
hgt	None	dead	0.0	0.0	0.0
spe	900	899	3113.87	3007.825	3060.8475
spe	899	743	3007.825	2880.765	2944.295
hgt	None	dead	0.0	0.0	0.0
hgt	None	dead	0.0	0.0	0.0
los	None	dead	0.0	0.0	0.0
hgt	None	dead	0.0	0.0	0.0
hgt	None	dead	0.0	0.0	0.0
los	None	dead	0.0	0.0	0.0
hgt	1477	1476	2951.08	2705.185	2828.1325
hgt	None	dead	0.0	0.0	0.0
hgt	None	dead	0.0	0.0	0.0
los	None	dead	0.0	0.0	0.0
hgt	267	GCA.002428325.1.Bacteria.UBP4	2714.255	0.0	1357.1275
hgt	None	dead	0.0	0.0	0.0
los	743	721	2880.765	2605.855	2743.31
hgt	None	dead	0.0	0.0	0.0
los	None	dead	0.0	0.0	0.0
spe	697	696	1602.385	1391.24	1496.8125
spe	696	695	1391.24	1284.94	1338.09
spe	694	GCA.001767075.1.Bacteria.Acidobacteriota	1206.005	0.0	603.0025
los	694	GCA.001767075.1.Bacteria.Acidobacteriota	1206.005	0.0	603.0025
spe	692	GCA.003152325.1.Bacteria.Acidobacteriota	1105.2925	0.0	552.64625
los	692	GCA.003152325.1.Bacteria.Acidobacteriota	1105.2925	0.0	552.64625
spe	1477	1476	2951.08	2705.185	2828.1325
spe	1454	1446	2138.89	1892.56	2015.725
los	1454	1446	2138.89	1892.56	2015.725
spe	1453	1452	2041.27	1560.03	1800.65
los	1453	1452	2041.27	1560.03	1800.65
spe	1449	GCA.002366595.1.Bacteria.Chloroflexota	1825.905	0.0	912.9525
los	1449	GCA.002366595.1.Bacteria.Chloroflexota	1825.905	0.0	912.9525
spe	1476	1475	2705.185	2571.35	2638.2675
hgt	None	dead	0.0	0.0	0.0
los	1475	1474	2571.35	2422.145	2496.7475
hgt	None	dead	0.0	0.0	0.0
los	None	dead	0.0	0.0	0.0
spe	1475	1463	2571.35	2342.68	2457.015
spe	1457	GCF.003967555.1.Bacteria.Chloroflexota	1912.015	0.0	956.0075
los	1457	GCF.003967555.1.Bacteria.Chloroflexota	1912.015	0.0	956.0075
spe	1462	1461	2240.595	1858.39	2049.4925
los	1462	1461	2240.595	1858.39	2049.4925
spe	742	741	2637.165	2052.975	2345.07
los	742	741	2637.165	2052.975	2345.07
spe	742	738	2637.165	2317.13	2477.1475
spe	738	737	2317.13	2105.695	2211.4125
hgt	877	GCA.001797675.1.Bacteria.Desulfobacterota	1769.305	0.0	884.6525
spe	737	733	2105.695	1608.54	1857.1175
dup	733	GCA.003235715.1.Bacteria.Nitrospirota	1608.54	0.0	804.27
dup	733	732	1608.54	1363.035	1485.7875
spe	732	GCA.002011735.1.Bacteria.Nitrospirota	1363.035	0.0	681.5175
los	732	GCA.002011735.1.Bacteria.Nitrospirota	1363.035	0.0	681.5175
spe	733	732	1608.54	1363.035	1485.7875
hgt	892	GCA.001873285.1.Bacteria.CG2.30.53.67	2105.205	0.0	1052.6025
spe	737	736	2105.695	1826.19	1965.9425
hgt	736	GCA.001803795.1.Bacteria.Nitrospirota	1826.19	0.0	913.095
los	736	GCA.001803795.1.Bacteria.Nitrospirota	1826.19	0.0	913.095
dup	738	728	2317.13	1980.89	2149.01
spe	728	724	1980.89	1584.32	1782.605
los	728	724	1980.89	1584.32	1782.605
spe	727	GCA.001803815.1.Bacteria.Nitrospirota	1736.985	0.0	868.4925
los	727	GCA.001803815.1.Bacteria.Nitrospirota	1736.985	0.0	868.4925
dup	727	GCA.001805205.1.Bacteria.Nitrospirota	1736.985	0.0	868.4925
hgt	444	GCA.002686135.1.Bacteria.Proteobacteria	1051.014	0.0	525.507
hgt	853	GCA.001797415.1.Bacteria.Desulfobacterota	2005.945	0.0	1002.9725
dup	444	GCA.002686135.1.Bacteria.Proteobacteria	1051.014	0.0	525.507
spe	738	728	2317.13	1980.89	2149.01
spe	727	GCA.001805205.1.Bacteria.Nitrospirota	1736.985	0.0	868.4925
los	727	GCA.001805205.1.Bacteria.Nitrospirota	1736.985	0.0	868.4925
dup	728	724	1980.89	1584.32	1782.605
spe	728	724	1980.89	1584.32	1782.605
spe	728	724	1980.89	1584.32	1782.605
spe	898	756	2936.14	2563.145	2749.6425
los	898	756	2936.14	2563.145	2749.6425
spe	898	897	2936.14	2852.85	2894.495
spe	897	896	2852.85	2619.11	2735.98
spe	895	GCA.000739515.1.Bacteria.Moduliflexota	2183.84	0.0	1091.92
los	895	GCA.000739515.1.Bacteria.Moduliflexota	2183.84	0.0	1091.92
hgt	None	dead	0.0	0.0	0.0
los	896	892	2619.11	2105.205	2362.1575
hgt	None	dead	0.0	0.0	0.0
los	None	dead	0.0	0.0	0.0
spe	737	733	2105.695	1608.54	1857.1175
spe	732	GCA.002011735.1.Bacteria.Nitrospirota	1363.035	0.0	681.5175
los	732	GCA.002011735.1.Bacteria.Nitrospirota	1363.035	0.0	681.5175
dup	897	889	2852.85	2620.3	2736.575
hgt	None	dead	0.0	0.0	0.0
hgt	None	dead	0.0	0.0	0.0
los	None	dead	0.0	0.0	0.0
spe	897	889	2852.85	2620.3	2736.575
spe	889	888	2620.3	2447.185	2533.7425
spe	854	853	2279.15	2005.945	2142.5475
los	854	853	2279.15	2005.945	2142.5475
spe	850	849	2241.395	1883.095	2062.245
los	850	849	2241.395	1883.095	2062.245
spe	846	GCA.002327765.1.Bacteria.Desulfobacterota.E	1968.67	0.0	984.335
los	846	GCA.002327765.1.Bacteria.Desulfobacterota.E	1968.67	0.0	984.335
spe	887	886	2263.805	1999.475	2131.64
los	887	886	2263.805	1999.475	2131.64
spe	887	863	2263.805	2054.51	2159.1575
spe	863	857	2054.51	1926.135	1990.3225
hgt	857	GCA.001830835.1.Bacteria.Desulfobacterota	1926.135	0.0	963.0675
los	857	GCA.001830835.1.Bacteria.Desulfobacterota	1926.135	0.0	963.0675
spe	862	GCA.002782605.1.Bacteria.Desulfobacterota	1719.125	0.0	859.5625
los	862	GCA.002782605.1.Bacteria.Desulfobacterota	1719.125	0.0	859.5625
spe	862	861	1719.125	1594.73	1656.9275
hgt	193	GCA.001873945.1.Bacteria.UBA9089	2357.525	0.0	1178.7625
hgt	194	GCA.003498085.1.Bacteria.UBA9089	2640.625	0.0	1320.3125
spe	889	843	2620.3	2513.665	2566.9825
spe	843	783	2513.665	2400.415	2457.04
spe	759	GCA.001799195.1.Bacteria.Bdellovibrionota	2012.25	0.0	1006.125
los	759	GCA.001799195.1.Bacteria.Bdellovibrionota	2012.25	0.0	1006.125
hgt	783	782	2400.415	2215.715	2308.065
los	783	782	2400.415	2215.715	2308.065
dup	406	GCA.001872725.1.Bacteria.Proteobacteria	2518.42	0.0	1259.21
hgt	None	dead	0.0	0.0	0.0
hgt	None	dead	0.0	0.0	0.0
los	None	dead	0.0	0.0	0.0
hgt	None	dead	0.0	0.0	0.0
los	843	842	2513.665	2402.255	2457.96
hgt	None	dead	0.0	0.0	0.0
los	None	dead	0.0	0.0	0.0
spe	897	889	2852.85	2620.3	2736.575
spe	843	842	2513.665	2402.255	2457.96
los	843	842	2513.665	2402.255	2457.96
spe	783	782	2400.415	2215.715	2308.065
los	783	782	2400.415	2215.715	2308.065
spe	759	GCA.001799195.1.Bacteria.Bdellovibrionota	2012.25	0.0	1006.125
los	759	GCA.001799195.1.Bacteria.Bdellovibrionota	2012.25	0.0	1006.125
hgt	None	dead	0.0	0.0	0.0
hgt	None	dead	0.0	0.0	0.0
los	None	dead	0.0	0.0	0.0
spe	889	888	2620.3	2447.185	2533.7425
spe	887	863	2263.805	2054.51	2159.1575
los	887	863	2263.805	2054.51	2159.1575
spe	886	874	1999.475	1902.135	1950.805
los	886	874	1999.475	1902.135	1950.805
spe	885	877	1880.5	1769.305	1824.9025
los	885	877	1880.5	1769.305	1824.9025
spe	884	883	1765.875	1384.92	1575.3975
los	884	883	1765.875	1384.92	1575.3975
spe	880	GCA.001577715.1.Bacteria.Desulfobacterota	1499.355	0.0	749.6775
los	880	GCA.001577715.1.Bacteria.Desulfobacterota	1499.355	0.0	749.6775
spe	854	853	2279.15	2005.945	2142.5475
los	854	853	2279.15	2005.945	2142.5475
spe	854	850	2279.15	2241.395	2260.2725
spe	849	GCA.001896555.1.Bacteria.Desulfobacterota	1883.095	0.0	941.5475
los	849	GCA.001896555.1.Bacteria.Desulfobacterota	1883.095	0.0	941.5475
spe	846	GCA.002327765.1.Bacteria.Desulfobacterota.E	1968.67	0.0	984.335
los	846	GCA.002327765.1.Bacteria.Desulfobacterota.E	1968.67	0.0	984.335
hgt	None	dead	0.0	0.0	0.0
los	None	dead	0.0	0.0	0.0
spe	1474	1470	2422.145	2082.735	2252.44
spe	1470	1469	2082.735	1899.175	1990.955
spe	1467	GCA.002292925.1.Bacteria.Chloroflexota	1752.37	0.0	876.185
los	1467	GCA.002292925.1.Bacteria.Chloroflexota	1752.37	0.0	876.185
spe	900	899	3113.87	3007.825	3060.8475
hgt	1478	1477	3209.465	2951.08	3080.2725
spe	899	743	3007.825	2880.765	2944.295
spe	743	742	2880.765	2637.165	2758.965
hgt	None	dead	0.0	0.0	0.0
los	742	741	2637.165	2052.975	2345.07
hgt	None	dead	0.0	0.0	0.0
los	None	dead	0.0	0.0	0.0
spe	738	728	2317.13	1980.89	2149.01
los	738	728	2317.13	1980.89	2149.01
spe	738	737	2317.13	2105.695	2211.4125
spe	736	GCA.001803795.1.Bacteria.Nitrospirota	1826.19	0.0	913.095
los	736	GCA.001803795.1.Bacteria.Nitrospirota	1826.19	0.0	913.095
spe	737	733	2105.695	1608.54	1857.1175
spe	733	732	1608.54	1363.035	1485.7875
hgt	None	dead	0.0	0.0	0.0
hgt	None	dead	0.0	0.0	0.0
los	None	dead	0.0	0.0	0.0
hgt	None	dead	0.0	0.0	0.0
los	743	721	2880.765	2605.855	2743.31
hgt	None	dead	0.0	0.0	0.0
los	None	dead	0.0	0.0	0.0
spe	1478	1477	3209.465	2951.08	3080.2725
spe	1477	1431	2951.08	2599.01	2775.045
hgt	176	175	2700.395	2596.565	2648.48
spe	1427	1426	2362.135	2179.07	2270.6025
los	1427	1426	2362.135	2179.07	2270.6025
spe	1427	1413	2362.135	2076.485	2219.31
spe	1399	GCA.002708145.1.Bacteria.Chloroflexota	1765.22	0.0	882.61
los	1399	GCA.002708145.1.Bacteria.Chloroflexota	1765.22	0.0	882.61
dup	1413	1412	2076.485	1844.64	1960.5625
spe	1413	1412	2076.485	1844.64	1960.5625
spe	1412	1408	1844.64	1782.47	1813.555
spe	1407	GCA.002717565.1.Bacteria.Chloroflexota	1694.435	0.0	847.2175
los	1407	GCA.002717565.1.Bacteria.Chloroflexota	1694.435	0.0	847.2175
spe	1406	GCA.002710215.1.Bacteria.Chloroflexota	1589.865	0.0	794.9325
los	1406	GCA.002710215.1.Bacteria.Chloroflexota	1589.865	0.0	794.9325
spe	1402	GCA.002721445.1.Bacteria.Chloroflexota	1674.055	0.0	837.0275
los	1402	GCA.002721445.1.Bacteria.Chloroflexota	1674.055	0.0	837.0275
spe	1412	1411	1844.64	1573.655	1709.1475
hgt	1402	GCA.002721445.1.Bacteria.Chloroflexota	1674.055	0.0	837.0275
spe	1412	1411	1844.64	1573.655	1709.1475
los	1412	1411	1844.64	1573.655	1709.1475
spe	1408	1402	1782.47	1674.055	1728.2625
los	1408	1402	1782.47	1674.055	1728.2625
spe	1408	1407	1782.47	1694.435	1738.4525
spe	1406	GCA.002717925.1.Bacteria.Chloroflexota	1589.865	0.0	794.9325
los	1406	GCA.002717925.1.Bacteria.Chloroflexota	1589.865	0.0	794.9325
hgt	1399	GCA.002708145.1.Bacteria.Chloroflexota	1765.22	0.0	882.61
hgt	None	dead	0.0	0.0	0.0
hgt	None	dead	0.0	0.0	0.0
los	None	dead	0.0	0.0	0.0
hgt	None	dead	0.0	0.0	0.0
hgt	None	dead	0.0	0.0	0.0
los	None	dead	0.0	0.0	0.0
hgt	None	dead	0.0	0.0	0.0
hgt	None	dead	0.0	0.0	0.0
los	None	dead	0.0	0.0	0.0
spe	669	668	1783.33	1532.235	1657.7825
hgt	None	dead	0.0	0.0	0.0
spe	176	175	2700.395	2596.565	2648.48
spe	143	GCA.001940655.1.Archaea.Asgardarchaeota	2114.17	0.0	1057.085
los	143	GCA.001940655.1.Archaea.Asgardarchaeota	2114.17	0.0	1057.085
spe	175	174	2596.565	2507.51	2552.0375
hgt	174	GCA.001940665.1.Archaea.Asgardarchaeota	2507.51	0.0	1253.755
los	174	GCA.001940665.1.Archaea.Asgardarchaeota	2507.51	0.0	1253.755
spe	173	172	2412.845	1503.255	1958.05
los	173	172	2412.845	1503.255	1958.05
spe	151	147	2246.95	1821.225	2034.0875
los	151	147	2246.95	1821.225	2034.0875
spe	150	GCA.001940645.1.Archaea.Asgardarchaeota	1673.05	0.0	836.525
los	150	GCA.001940645.1.Archaea.Asgardarchaeota	1673.05	0.0	836.525
dup	None	dead	0.0	0.0	0.0
hgt	None	dead	0.0	0.0	0.0
los	None	dead	0.0	0.0	0.0
dup	None	dead	0.0	0.0	0.0
hgt	None	dead	0.0	0.0	0.0
los	None	dead	0.0	0.0	0.0
dup	None	dead	0.0	0.0	0.0
hgt	None	dead	0.0	0.0	0.0
los	None	dead	0.0	0.0	0.0
hgt	None	dead	0.0	0.0	0.0
los	None	dead	0.0	0.0	0.0
hgt	None	dead	0.0	0.0	0.0
hgt	None	dead	0.0	0.0	0.0
los	None	dead	0.0	0.0	0.0
spe	1431	1430	2599.01	2141.86	2370.435
spe	1477	1476	2951.08	2705.185	2828.1325
hgt	267	GCA.002428325.1.Bacteria.UBP4	2714.255	0.0	1357.1275
hgt	None	dead	0.0	0.0	0.0
los	1476	1475	2705.185	2571.35	2638.2675
hgt	None	dead	0.0	0.0	0.0
los	None	dead	0.0	0.0	0.0
hgt	None	dead	0.0	0.0	0.0
hgt	None	dead	0.0	0.0	0.0
los	None	dead	0.0	0.0	0.0
hgt	1092	1058	3347.57	2584.325	2965.9475
spe	1476	1454	2705.185	2138.89	2422.0375
spe	1446	1440	1892.56	1749.24	1820.9
los	1446	1440	1892.56	1749.24	1820.9
spe	1445	1444	1683.66	1493.995	1588.8275
los	1445	1444	1683.66	1493.995	1588.8275
spe	1454	1453	2138.89	2041.27	2090.08
spe	1452	GCA.002348045.1.Bacteria.Chloroflexota	1560.03	0.0	780.015
los	1452	GCA.002348045.1.Bacteria.Chloroflexota	1560.03	0.0	780.015
hgt	1058	GCF.000233775.1.Bacteria.Synergistota	2584.325	0.0	1292.1625
hgt	None	dead	0.0	0.0	0.0
hgt	None	dead	0.0	0.0	0.0
los	None	dead	0.0	0.0	0.0
hgt	1453	1449	2041.27	1825.905	1933.5875
los	1453	1449	2041.27	1825.905	1933.5875
hgt	None	dead	0.0	0.0	0.0
hgt	None	dead	0.0	0.0	0.0
los	None	dead	0.0	0.0	0.0
spe	1092	1058	3347.57	2584.325	2965.9475
spe	899	898	3007.825	2936.14	2971.9825
spe	898	756	2936.14	2563.145	2749.6425
spe	754	746	2306.035	1971.165	2138.6
los	754	746	2306.035	1971.165	2138.6
spe	753	GCA.001803565.1.Bacteria.Nitrospinota.B	2050.24	0.0	1025.12
los	753	GCA.001803565.1.Bacteria.Nitrospinota.B	2050.24	0.0	1025.12
spe	751	749	1894.43	1737.095	1815.7625
los	751	749	1894.43	1737.095	1815.7625
hgt	756	GCA.001790645.1.Bacteria.Schekmanbacteria	2563.145	0.0	1281.5725
los	756	GCA.001790645.1.Bacteria.Schekmanbacteria	2563.145	0.0	1281.5725
spe	898	897	2936.14	2852.85	2894.495
hgt	None	dead	0.0	0.0	0.0
los	897	896	2852.85	2619.11	2735.98
hgt	None	dead	0.0	0.0	0.0
los	None	dead	0.0	0.0	0.0
hgt	None	dead	0.0	0.0	0.0
spe	897	889	2852.85	2620.3	2736.575
spe	889	888	2620.3	2447.185	2533.7425
hgt	None	dead	0.0	0.0	0.0
los	888	887	2447.185	2263.805	2355.495
hgt	None	dead	0.0	0.0	0.0
los	None	dead	0.0	0.0	0.0
spe	888	854	2447.185	2279.15	2363.1675
spe	850	849	2241.395	1883.095	2062.245
los	850	849	2241.395	1883.095	2062.245
spe	846	GCF.001611275.1.Bacteria.Desulfobacterota	1968.67	0.0	984.335
los	846	GCF.001611275.1.Bacteria.Desulfobacterota	1968.67	0.0	984.335
hgt	854	853	2279.15	2005.945	2142.5475
los	854	853	2279.15	2005.945	2142.5475
spe	843	783	2513.665	2400.415	2457.04
los	843	783	2513.665	2400.415	2457.04
spe	842	798	2402.255	2140.29	2271.2725
los	842	798	2402.255	2140.29	2271.2725
spe	841	840	2321.855	2131.765	2226.81
los	841	840	2321.855	2131.765	2226.81
spe	841	801	2321.855	2014.795	2168.325
hgt	1009	GCA.003105265.1.Bacteria.Zixibacteria	2111.905	0.0	1055.9525
hgt	918	GCA.001412365.1.Bacteria.WOR.3	2474.42	0.0	1237.21
hgt	669	GCA.002335385.1.Bacteria.Acidobacteriota	1783.33	0.0	891.665
hgt	551	GCA.002699105.1.Bacteria.Bacteroidota	1073.1825	0.0	536.59125
dup	801	GCA.002328485.1.Bacteria.Desulfobacterota.G	2014.795	0.0	1007.3975
dup	None	dead	0.0	0.0	0.0
hgt	None	dead	0.0	0.0	0.0
los	None	dead	0.0	0.0	0.0
dup	None	dead	0.0	0.0	0.0
hgt	None	dead	0.0	0.0	0.0
los	None	dead	0.0	0.0	0.0
dup	None	dead	0.0	0.0	0.0
hgt	None	dead	0.0	0.0	0.0
los	None	dead	0.0	0.0	0.0
hgt	None	dead	0.0	0.0	0.0
los	None	dead	0.0	0.0	0.0
hgt	None	dead	0.0	0.0	0.0
hgt	None	dead	0.0	0.0	0.0
los	None	dead	0.0	0.0	0.0
spe	900	899	3113.87	3007.825	3060.8475
spe	898	756	2936.14	2563.145	2749.6425
los	898	756	2936.14	2563.145	2749.6425
spe	897	896	2852.85	2619.11	2735.98
los	897	896	2852.85	2619.11	2735.98
spe	889	843	2620.3	2513.665	2566.9825
los	889	843	2620.3	2513.665	2566.9825
spe	888	854	2447.185	2279.15	2363.1675
los	888	854	2447.185	2279.15	2363.1675
dup	888	887	2447.185	2263.805	2355.495
spe	888	887	2447.185	2263.805	2355.495
spe	887	863	2263.805	2054.51	2159.1575
spe	857	GCA.002010915.1.Bacteria.Desulfobacterota	1926.135	0.0	963.0675
los	857	GCA.002010915.1.Bacteria.Desulfobacterota	1926.135	0.0	963.0675
hgt	863	862	2054.51	1719.125	1886.8175
los	863	862	2054.51	1719.125	1886.8175
hgt	None	dead	0.0	0.0	0.0
hgt	None	dead	0.0	0.0	0.0
los	None	dead	0.0	0.0	0.0
spe	887	886	2263.805	1999.475	2131.64
spe	885	884	1880.5	1765.875	1823.1875
los	885	884	1880.5	1765.875	1823.1875
spe	877	GCA.001797675.1.Bacteria.Desulfobacterota	1769.305	0.0	884.6525
los	877	GCA.001797675.1.Bacteria.Desulfobacterota	1769.305	0.0	884.6525
spe	874	868	1902.135	1695.53	1798.8325
los	874	868	1902.135	1695.53	1798.8325
spe	873	GCA.002011835.1.Bacteria.Desulfobacterota	1746.56	0.0	873.28
los	873	GCA.002011835.1.Bacteria.Desulfobacterota	1746.56	0.0	873.28
spe	871	GCA.002899795.1.Bacteria.Desulfobacterota	1489.29	0.0	744.645
los	871	GCA.002899795.1.Bacteria.Desulfobacterota	1489.29	0.0	744.645
dup	871	GCA.007244385.1.Bacteria.Desulfobacterota	1489.29	0.0	744.645
spe	888	887	2447.185	2263.805	2355.495
spe	886	885	1999.475	1880.5	1939.9875
los	886	885	1999.475	1880.5	1939.9875
spe	874	868	1902.135	1695.53	1798.8325
los	874	868	1902.135	1695.53	1798.8325
spe	873	GCA.002011835.1.Bacteria.Desulfobacterota	1746.56	0.0	873.28
los	873	GCA.002011835.1.Bacteria.Desulfobacterota	1746.56	0.0	873.28
spe	871	GCA.007244385.1.Bacteria.Desulfobacterota	1489.29	0.0	744.645
los	871	GCA.007244385.1.Bacteria.Desulfobacterota	1489.29	0.0	744.645
hgt	194	GCA.003498085.1.Bacteria.UBA9089	2640.625	0.0	1320.3125
hgt	1136	GCA.001768645.1.Bacteria.Actinobacteriota	2343.38	0.0	1171.69
hgt	1426	1425	2179.07	1957.375	2068.2225
spe	887	863	2263.805	2054.51	2159.1575
spe	857	GCA.001830835.1.Bacteria.Desulfobacterota	1926.135	0.0	963.0675
los	857	GCA.001830835.1.Bacteria.Desulfobacterota	1926.135	0.0	963.0675
spe	863	862	2054.51	1719.125	1886.8175
spe	861	GCA.002327985.1.Bacteria.Desulfobacterota	1594.73	0.0	797.365
los	861	GCA.002327985.1.Bacteria.Desulfobacterota	1594.73	0.0	797.365
hgt	877	GCA.001797675.1.Bacteria.Desulfobacterota	1769.305	0.0	884.6525
spe	1426	1425	2179.07	1957.375	2068.2225
spe	1424	1422	1821.17	1675.19	1748.18
los	1424	1422	1821.17	1675.19	1748.18
hgt	1421	1419	1634.78	1500.065	1567.4225
spe	1421	1419	1634.78	1500.065	1567.4225
spe	743	742	2880.765	2637.165	2758.965
los	743	742	2880.765	2637.165	2758.965
spe	721	720	2605.855	2294.32	2450.0875
los	721	720	2605.855	2294.32	2450.0875
dup	721	GCA.003230535.1.Bacteria.SZUA.182	2605.855	0.0	1302.9275
dup	721	GCA.003230535.1.Bacteria.SZUA.182	2605.855	0.0	1302.9275
spe	901	900	3242.11	3113.87	3177.99
spe	900	899	3113.87	3007.825	3060.8475
spe	743	721	2880.765	2605.855	2743.31
los	743	721	2880.765	2605.855	2743.31
spe	742	738	2637.165	2317.13	2477.1475
los	742	738	2637.165	2317.13	2477.1475
spe	741	GCA.003220615.1.Bacteria.Methylomirabilota	2052.975	0.0	1026.4875
los	741	GCA.003220615.1.Bacteria.Methylomirabilota	2052.975	0.0	1026.4875
spe	899	898	3007.825	2936.14	2971.9825
spe	898	897	2936.14	2852.85	2894.495
spe	897	889	2852.85	2620.3	2736.575
spe	889	843	2620.3	2513.665	2566.9825
spe	842	798	2402.255	2140.29	2271.2725
los	842	798	2402.255	2140.29	2271.2725
spe	841	840	2321.855	2131.765	2226.81
los	841	840	2321.855	2131.765	2226.81
spe	801	GCA.001797815.1.Bacteria.RBG.13.61.14	2014.795	0.0	1007.3975
los	801	GCA.001797815.1.Bacteria.RBG.13.61.14	2014.795	0.0	1007.3975
hgt	None	dead	0.0	0.0	0.0
hgt	None	dead	0.0	0.0	0.0
los	None	dead	0.0	0.0	0.0
hgt	None	dead	0.0	0.0	0.0
los	843	783	2513.665	2400.415	2457.04
hgt	None	dead	0.0	0.0	0.0
los	None	dead	0.0	0.0	0.0
spe	889	888	2620.3	2447.185	2533.7425
spe	888	854	2447.185	2279.15	2363.1675
spe	850	846	2241.395	1968.67	2105.0325
los	850	846	2241.395	1968.67	2105.0325
spe	849	GCF.000266945.1.Bacteria.Desulfobacterota	1883.095	0.0	941.5475
los	849	GCF.000266945.1.Bacteria.Desulfobacterota	1883.095	0.0	941.5475
hgt	854	853	2279.15	2005.945	2142.5475
los	854	853	2279.15	2005.945	2142.5475
dup	188	GCA.001787855.1.Bacteria.Riflebacteria	3243.665	0.0	1621.8325
hgt	941	GCA.003477045.1.Bacteria.Delongbacteria	2279.38	0.0	1139.69
hgt	905	GCA.001412425.1.Bacteria.Cloacimonadota	1976.35	0.0	988.175
hgt	935	GCA.001789205.1.Bacteria.Fibrobacterota	2051.05	0.0	1025.525
hgt	376	GCA.002418835.1.Bacteria.Spirochaetota	2123.16	0.0	1061.58
spe	888	887	2447.185	2263.805	2355.495
spe	886	874	1999.475	1902.135	1950.805
los	886	874	1999.475	1902.135	1950.805
spe	885	877	1880.5	1769.305	1824.9025
los	885	877	1880.5	1769.305	1824.9025
spe	885	884	1880.5	1765.875	1823.1875
spe	884	883	1765.875	1384.92	1575.3975
hgt	883	GCA.001751085.1.Bacteria.Desulfobacterota	1384.92	0.0	692.46
los	883	GCA.001751085.1.Bacteria.Desulfobacterota	1384.92	0.0	692.46
hgt	849	GCA.001896555.1.Bacteria.Desulfobacterota	1883.095	0.0	941.5475
dup	883	GCA.000961655.1.Bacteria.Desulfobacterota	1384.92	0.0	692.46
hgt	935	GCA.001789205.1.Bacteria.Fibrobacterota	2051.05	0.0	1025.525
spe	880	GCA.001577715.1.Bacteria.Desulfobacterota	1499.355	0.0	749.6775
los	880	GCA.001577715.1.Bacteria.Desulfobacterota	1499.355	0.0	749.6775
dup	880	GCF.000195295.1.Bacteria.Desulfobacterota	1499.355	0.0	749.6775
spe	863	862	2054.51	1719.125	1886.8175
los	863	862	2054.51	1719.125	1886.8175
spe	863	857	2054.51	1926.135	1990.3225
hgt	849	GCA.001896555.1.Bacteria.Desulfobacterota	1883.095	0.0	941.5475
hgt	733	GCA.003235715.1.Bacteria.Nitrospirota	1608.54	0.0	804.27
hgt	None	dead	0.0	0.0	0.0
hgt	None	dead	0.0	0.0	0.0
los	None	dead	0.0	0.0	0.0
hgt	None	dead	0.0	0.0	0.0
hgt	None	dead	0.0	0.0	0.0
los	None	dead	0.0	0.0	0.0
hgt	None	dead	0.0	0.0	0.0
hgt	None	dead	0.0	0.0	0.0
los	None	dead	0.0	0.0	0.0
hgt	None	dead	0.0	0.0	0.0
los	897	896	2852.85	2619.11	2735.98
hgt	None	dead	0.0	0.0	0.0
los	None	dead	0.0	0.0	0.0
hgt	None	dead	0.0	0.0	0.0
los	898	756	2936.14	2563.145	2749.6425
hgt	None	dead	0.0	0.0	0.0
los	None	dead	0.0	0.0	0.0
spe	362	361	2406.61	2290.69	2348.65
spe	361	353	2290.69	2130.965	2210.8275
spe	353	347	2130.965	1965.575	2048.27
spe	345	GCA.002748355.1.Bacteria.Planctomycetota	1671.41	0.0	835.705
los	345	GCA.002748355.1.Bacteria.Planctomycetota	1671.41	0.0	835.705
hgt	347	GCA.002683135.1.Bacteria.Planctomycetota	1965.575	0.0	982.7875
los	347	GCA.002683135.1.Bacteria.Planctomycetota	1965.575	0.0	982.7875
spe	829	817	1996.235	1842.425	1919.33
spe	817	816	1842.425	1315.445	1578.935
hgt	816	GCA.002707085.1.Bacteria.Myxococcota.A	1315.445	0.0	657.7225
los	816	GCA.002707085.1.Bacteria.Myxococcota.A	1315.445	0.0	657.7225
hgt	821	GCF.000737335.2.Bacteria.Proteobacteria	1447.61	0.0	723.805
spe	817	813	1842.425	1701.895	1772.16
spe	807	GCA.002841945.1.Bacteria.Myxococcota	1480.85	0.0	740.425
los	807	GCA.002841945.1.Bacteria.Myxococcota	1480.85	0.0	740.425
spe	813	812	1701.895	1577.595	1639.745
spe	811	GCA.002726535.1.Bacteria.Myxococcota	1395.975	0.0	697.9875
los	811	GCA.002726535.1.Bacteria.Myxococcota	1395.975	0.0	697.9875
hgt	812	GCA.002863065.1.Bacteria.Myxococcota	1577.595	0.0	788.7975
los	812	GCA.002863065.1.Bacteria.Myxococcota	1577.595	0.0	788.7975
spe	353	352	2130.965	1718.42	1924.6925
hgt	1038	1032	2092.525	1683.695	1888.11
spe	350	GCA.002402755.1.Bacteria.Planctomycetota	1478.92	0.0	739.46
los	350	GCA.002402755.1.Bacteria.Planctomycetota	1478.92	0.0	739.46
spe	1038	1032	2092.525	1683.695	1888.11
hgt	274	GCA.000406005.1.Bacteria.Poribacteria	2054.16	0.0	1027.08
hgt	288	GCA.002323895.1.Bacteria.Verrucomicrobiota	1623.24	0.0	811.62
hgt	347	GCA.002683135.1.Bacteria.Planctomycetota	1965.575	0.0	982.7875
hgt	924	GCA.002348465.1.Bacteria.Gemmatimonadota	1818.875	0.0	909.4375
hgt	445	GCA.002717225.1.Bacteria.Proteobacteria	1219.785	0.0	609.8925
spe	361	360	2290.69	2039.94	2165.315
spe	359	GCA.001302825.1.Bacteria.Planctomycetota	1819.66	0.0	909.83
los	359	GCA.001302825.1.Bacteria.Planctomycetota	1819.66	0.0	909.83
hgt	None	dead	0.0	0.0	0.0
hgt	None	dead	0.0	0.0	0.0
los	None	dead	0.0	0.0	0.0
hgt	274	GCA.002687025.1.Bacteria.Poribacteria	2054.16	0.0	1027.08
hgt	None	dead	0.0	0.0	0.0
hgt	None	dead	0.0	0.0	0.0
los	None	dead	0.0	0.0	0.0
hgt	None	dead	0.0	0.0	0.0
los	360	356	2039.94	1770.21	1905.075
hgt	None	dead	0.0	0.0	0.0
los	None	dead	0.0	0.0	0.0
spe	716	670	2685.38	2337.75	2511.565
los	716	670	2685.38	2337.75	2511.565
spe	715	675	2518.685	2161.39	2340.0375
los	715	675	2518.685	2161.39	2340.0375
spe	714	GCA.002731215.1.Bacteria.Acidobacteriota	2396.315	0.0	1198.1575
los	714	GCA.002731215.1.Bacteria.Acidobacteriota	2396.315	0.0	1198.1575
spe	713	712	2232.07	2029.595	2130.8325
los	713	712	2232.07	2029.595	2130.8325
spe	699	681	2103.185	1875.565	1989.375
los	699	681	2103.185	1875.565	1989.375
spe	699	698	2103.185	1863.875	1983.53
spe	698	686	1863.875	1646.29	1755.0825
hgt	686	684	1646.29	1286.44	1466.365
los	686	684	1646.29	1286.44	1466.365
hgt	1289	GCA.002345475.1.Bacteria.Firmicutes.H	2267.365	0.0	1133.6825
hgt	1421	GCA.002347295.1.Bacteria.Chloroflexota	1634.78	0.0	817.39
hgt	1308	1307	1873.47	1657.525	1765.4975
hgt	1446	1440	1892.56	1749.24	1820.9
hgt	1228	GCA.003023725.1.Bacteria.Firmicutes.E	2160.575	0.0	1080.2875
hgt	1099	1098	2846.765	1685.385	2266.075
spe	698	697	1863.875	1602.385	1733.13
hgt	697	GCA.003222815.1.Bacteria.Acidobacteriota	1602.385	0.0	801.1925
los	697	GCA.003222815.1.Bacteria.Acidobacteriota	1602.385	0.0	801.1925
spe	697	696	1602.385	1391.24	1496.8125
spe	695	GCA.003131705.1.Bacteria.Acidobacteriota	1284.94	0.0	642.47
los	695	GCA.003131705.1.Bacteria.Acidobacteriota	1284.94	0.0	642.47
spe	694	GCA.001767075.1.Bacteria.Acidobacteriota	1206.005	0.0	603.0025
los	694	GCA.001767075.1.Bacteria.Acidobacteriota	1206.005	0.0	603.0025
spe	692	GCA.003152325.1.Bacteria.Acidobacteriota	1105.2925	0.0	552.64625
los	692	GCA.003152325.1.Bacteria.Acidobacteriota	1105.2925	0.0	552.64625
spe	1099	1098	2846.765	1685.385	2266.075
hgt	1473	GCA.001443375.1.Bacteria.Chloroflexota	1376.695	0.0	688.3475
hgt	1396	GCA.003151665.1.Bacteria.Dormibacterota	2023.82	0.0	1011.91
spe	1446	1440	1892.56	1749.24	1820.9
spe	1439	GCF.900187885.1.Bacteria.Chloroflexota	1503.92	0.0	751.96
los	1439	GCF.900187885.1.Bacteria.Chloroflexota	1503.92	0.0	751.96
spe	1439	1438	1503.92	1310.445	1407.1825
spe	1437	GCA.002702065.1.Bacteria.Chloroflexota	1179.4025	0.0	589.70125
los	1437	GCA.002702065.1.Bacteria.Chloroflexota	1179.4025	0.0	589.70125
hgt	1020	GCA.001780165.1.Bacteria.Eisenbacteria	1596.025	0.0	798.0125
hgt	1444	GCA.003451595.1.Bacteria.Chloroflexota	1493.995	0.0	746.9975
dup	1308	1307	1873.47	1657.525	1765.4975
spe	1308	1307	1873.47	1657.525	1765.4975
spe	1305	1304	1479.61	1181.512	1330.561
los	1305	1304	1479.61	1181.512	1330.561
spe	1308	1307	1873.47	1657.525	1765.4975
hgt	1307	GCA.000987045.1.Bacteria.Firmicutes.B	1657.525	0.0	828.7625
los	1307	GCA.000987045.1.Bacteria.Firmicutes.B	1657.525	0.0	828.7625
spe	1305	1304	1479.61	1181.512	1330.561
los	1305	1304	1479.61	1181.512	1330.561
