event	left_node	right_node	left_date	right_date	midpoint_date
dup	1393	1392	3573.7	3456.59	3515.145
spe	1393	1392	3573.7	3456.59	3515.145
spe	1391	1211	3155.64	2902.885	3029.2625
los	1391	1211	3155.64	2902.885	3029.2625
spe	1391	1390	3155.64	3037.655	3096.6475
spe	1389	1388	2954.69	2796.04	2875.365
los	1389	1388	2954.69	2796.04	2875.365
spe	1237	1236	2499.645	2327.67	2413.6575
los	1237	1236	2499.645	2327.67	2413.6575
spe	1221	GCA.002375895.1.Bacteria.Firmicutes.E	2008.115	0.0	1004.0575
los	1221	GCA.002375895.1.Bacteria.Firmicutes.E	2008.115	0.0	1004.0575
spe	1218	GCA.001513125.1.Bacteria.DTU030	2844.535	0.0	1422.2675
los	1218	GCA.001513125.1.Bacteria.DTU030	2844.535	0.0	1422.2675
spe	1216	1215	2236.855	1553.665	1895.26
los	1216	1215	2236.855	1553.665	1895.26
spe	1392	1188	3456.59	3093.335	3274.9625
hgt	1233	GCA.002291985.1.Bacteria.Firmicutes.E	1459.0	0.0	729.5
spe	1188	1187	3093.335	3023.46	3058.3975
spe	1133	GCA.002366545.1.Bacteria.Actinobacteriota	2425.095	0.0	1212.5475
los	1133	GCA.002366545.1.Bacteria.Actinobacteriota	2425.095	0.0	1212.5475
hgt	None	dead	0.0	0.0	0.0
spe	1187	1186	3023.46	2887.55	2955.505
spe	1185	1169	2722.52	2330.49	2526.505
los	1185	1169	2722.52	2330.49	2526.505
spe	1184	1183	2566.03	1976.055	2271.0425
los	1184	1183	2566.03	1976.055	2271.0425
spe	1180	GCF.001029505.1.Bacteria.Actinobacteriota	2135.205	0.0	1067.6025
los	1180	GCF.001029505.1.Bacteria.Actinobacteriota	2135.205	0.0	1067.6025
spe	1179	1178	1811.215	1623.895	1717.555
los	1179	1178	1811.215	1623.895	1717.555
spe	1173	GCA.002897715.1.Bacteria.Actinobacteriota	1583.875	0.0	791.9375
los	1173	GCA.002897715.1.Bacteria.Actinobacteriota	1583.875	0.0	791.9375
dup	1186	1136	2887.55	2343.38	2615.465
spe	1136	GCA.003157385.1.Bacteria.Actinobacteriota	2343.38	0.0	1171.69
los	1136	GCA.003157385.1.Bacteria.Actinobacteriota	2343.38	0.0	1171.69
dup	1186	1136	2887.55	2343.38	2615.465
spe	1136	GCA.003157385.1.Bacteria.Actinobacteriota	2343.38	0.0	1171.69
los	1136	GCA.003157385.1.Bacteria.Actinobacteriota	2343.38	0.0	1171.69
spe	1186	1136	2887.55	2343.38	2615.465
hgt	900	899	3113.87	3007.825	3060.8475
hgt	668	GCA.002010665.1.Bacteria.Acidobacteriota	1532.235	0.0	766.1175
hgt	None	dead	0.0	0.0	0.0
los	None	dead	0.0	0.0	0.0
spe	900	899	3113.87	3007.825	3060.8475
hgt	None	dead	0.0	0.0	0.0
spe	743	721	2880.765	2605.855	2743.31
los	743	721	2880.765	2605.855	2743.31
spe	742	738	2637.165	2317.13	2477.1475
los	742	738	2637.165	2317.13	2477.1475
spe	742	741	2637.165	2052.975	2345.07
hgt	1478	1477	3209.465	2951.08	3080.2725
hgt	None	dead	0.0	0.0	0.0
los	None	dead	0.0	0.0	0.0
spe	1478	1477	3209.465	2951.08	3080.2725
spe	1431	1427	2599.01	2362.135	2480.5725
los	1431	1427	2599.01	2362.135	2480.5725
hgt	None	dead	0.0	0.0	0.0
hgt	None	dead	0.0	0.0	0.0
los	None	dead	0.0	0.0	0.0
spe	1430	GCA.001795235.1.Bacteria.Chloroflexota	2141.86	0.0	1070.93
los	1430	GCA.001795235.1.Bacteria.Chloroflexota	2141.86	0.0	1070.93
hgt	None	dead	0.0	0.0	0.0
hgt	None	dead	0.0	0.0	0.0
los	None	dead	0.0	0.0	0.0
spe	1476	1475	2705.185	2571.35	2638.2675
los	1476	1475	2705.185	2571.35	2638.2675
spe	1454	1453	2138.89	2041.27	2090.08
los	1454	1453	2138.89	2041.27	2090.08
spe	1454	1446	2138.89	1892.56	2015.725
spe	1440	1439	1749.24	1503.92	1626.58
los	1440	1439	1749.24	1503.92	1626.58
spe	1446	1445	1892.56	1683.66	1788.11
hgt	1445	1444	1683.66	1493.995	1588.8275
los	1445	1444	1683.66	1493.995	1588.8275
hgt	None	dead	0.0	0.0	0.0
hgt	None	dead	0.0	0.0	0.0
hgt	None	dead	0.0	0.0	0.0
los	None	dead	0.0	0.0	0.0
spe	899	898	3007.825	2936.14	2971.9825
spe	756	GCA.001790645.1.Bacteria.Schekmanbacteria	2563.145	0.0	1281.5725
los	756	GCA.001790645.1.Bacteria.Schekmanbacteria	2563.145	0.0	1281.5725
spe	754	746	2306.035	1971.165	2138.6
los	754	746	2306.035	1971.165	2138.6
spe	753	751	2050.24	1894.43	1972.335
los	753	751	2050.24	1894.43	1972.335
spe	897	896	2852.85	2619.11	2735.98
los	897	896	2852.85	2619.11	2735.98
spe	889	843	2620.3	2513.665	2566.9825
los	889	843	2620.3	2513.665	2566.9825
spe	888	854	2447.185	2279.15	2363.1675
los	888	854	2447.185	2279.15	2363.1675
spe	888	887	2447.185	2263.805	2355.495
spe	886	874	1999.475	1902.135	1950.805
los	886	874	1999.475	1902.135	1950.805
spe	885	884	1880.5	1765.875	1823.1875
los	885	884	1880.5	1765.875	1823.1875
hgt	None	dead	0.0	0.0	0.0
hgt	None	dead	0.0	0.0	0.0
los	None	dead	0.0	0.0	0.0
spe	877	GCF.000620765.1.Bacteria.Desulfobacterota.I	1769.305	0.0	884.6525
los	877	GCF.000620765.1.Bacteria.Desulfobacterota.I	1769.305	0.0	884.6525
spe	887	863	2263.805	2054.51	2159.1575
dup	863	862	2054.51	1719.125	1886.8175
spe	862	GCA.002782605.1.Bacteria.Desulfobacterota	1719.125	0.0	859.5625
los	862	GCA.002782605.1.Bacteria.Desulfobacterota	1719.125	0.0	859.5625
spe	861	GCA.002327985.1.Bacteria.Desulfobacterota	1594.73	0.0	797.365
los	861	GCA.002327985.1.Bacteria.Desulfobacterota	1594.73	0.0	797.365
spe	863	862	2054.51	1719.125	1886.8175
spe	861	GCA.001304105.1.Bacteria.Desulfobacterota	1594.73	0.0	797.365
los	861	GCA.001304105.1.Bacteria.Desulfobacterota	1594.73	0.0	797.365
spe	863	857	2054.51	1926.135	1990.3225
hgt	801	GCA.002328485.1.Bacteria.Desulfobacterota.G	2014.795	0.0	1007.3975
hgt	857	GCA.002010915.1.Bacteria.Desulfobacterota	1926.135	0.0	963.0675
los	857	GCA.002010915.1.Bacteria.Desulfobacterota	1926.135	0.0	963.0675
hgt	674	GCA.002298155.1.Bacteria.Acidobacteriota	1880.64	0.0	940.32
hgt	None	dead	0.0	0.0	0.0
los	None	dead	0.0	0.0	0.0
spe	1387	1327	2728.885	2593.555	2661.22
spe	1289	GCA.002345475.1.Bacteria.Firmicutes.H	2267.365	0.0	1133.6825
los	1289	GCA.002345475.1.Bacteria.Firmicutes.H	2267.365	0.0	1133.6825
hgt	None	dead	0.0	0.0	0.0
hgt	None	dead	0.0	0.0	0.0
los	None	dead	0.0	0.0	0.0
spe	1288	1287	1693.72	1417.98	1555.85
los	1288	1287	1693.72	1417.98	1555.85
hgt	None	dead	0.0	0.0	0.0
dup	1327	1326	2593.555	2394.985	2494.27
spe	1326	1292	2394.985	1918.11	2156.5475
los	1326	1292	2394.985	1918.11	2156.5475
spe	1326	1325	2394.985	2206.925	2300.955
spe	1297	1296	1941.385	1757.76	1849.5725
los	1297	1296	1941.385	1757.76	1849.5725
spe	1324	1308	2099.855	1873.47	1986.6625
los	1324	1308	2099.855	1873.47	1986.6625
spe	1323	1322	2012.64	1664.355	1838.4975
los	1323	1322	2012.64	1664.355	1838.4975
spe	1323	1319	2012.64	1887.42	1950.03
spe	1318	1317	1776.335	1176.776	1476.5555
los	1318	1317	1776.335	1176.776	1476.5555
spe	1312	GCF.000019165.1.Bacteria.Firmicutes.B	1489.285	0.0	744.6425
los	1312	GCF.000019165.1.Bacteria.Firmicutes.B	1489.285	0.0	744.6425
hgt	1338	GCF.002335525.1.Bacteria.Firmicutes	1582.81	0.0	791.405
hgt	None	dead	0.0	0.0	0.0
hgt	None	dead	0.0	0.0	0.0
los	None	dead	0.0	0.0	0.0
spe	1327	1326	2593.555	2394.985	2494.27
spe	1326	1292	2394.985	1918.11	2156.5475
hgt	None	dead	0.0	0.0	0.0
los	1292	GCF.000024605.1.Bacteria.Firmicutes.B	1918.11	0.0	959.055
hgt	None	dead	0.0	0.0	0.0
los	None	dead	0.0	0.0	0.0
hgt	1227	GCA.003242675.1.Bacteria.Firmicutes.E	1913.92	0.0	956.96
hgt	1136	GCA.001768645.1.Bacteria.Actinobacteriota	2343.38	0.0	1171.69
dup	1326	1325	2394.985	2206.925	2300.955
spe	1326	1325	2394.985	2206.925	2300.955
hgt	1274	1240	2556.69	2176.58	2366.635
spe	1324	1323	2099.855	2012.64	2056.2475
los	1324	1323	2099.855	2012.64	2056.2475
spe	1308	1300	1873.47	1522.13	1697.8
los	1308	1300	1873.47	1522.13	1697.8
spe	1307	GCA.000987045.1.Bacteria.Firmicutes.B	1657.525	0.0	828.7625
los	1307	GCA.000987045.1.Bacteria.Firmicutes.B	1657.525	0.0	828.7625
spe	1305	1304	1479.61	1181.512	1330.561
los	1305	1304	1479.61	1181.512	1330.561
spe	1274	1240	2556.69	2176.58	2366.635
spe	1297	GCA.002329495.1.Bacteria.Firmicutes.B	1941.385	0.0	970.6925
los	1297	GCA.002329495.1.Bacteria.Firmicutes.B	1941.385	0.0	970.6925
spe	1297	1296	1941.385	1757.76	1849.5725
dup	1326	1325	2394.985	2206.925	2300.955
spe	1325	1297	2206.925	1941.385	2074.155
los	1325	1297	2206.925	1941.385	2074.155
spe	1324	1323	2099.855	2012.64	2056.2475
los	1324	1323	2099.855	2012.64	2056.2475
spe	1308	1300	1873.47	1522.13	1697.8
los	1308	1300	1873.47	1522.13	1697.8
spe	1307	1305	1657.525	1479.61	1568.5675
los	1307	1305	1657.525	1479.61	1568.5675
hgt	1210	1209	2730.93	2349.065	2539.9975
spe	1325	1297	2206.925	1941.385	2074.155
los	1325	1297	2206.925	1941.385	2074.155
spe	1324	1323	2099.855	2012.64	2056.2475
los	1324	1323	2099.855	2012.64	2056.2475
spe	1324	1308	2099.855	1873.47	1986.6625
spe	1307	GCA.000987045.1.Bacteria.Firmicutes.B	1657.525	0.0	828.7625
los	1307	GCA.000987045.1.Bacteria.Firmicutes.B	1657.525	0.0	828.7625
spe	1305	GCF.002207765.1.Bacteria.Firmicutes.B	1479.61	0.0	739.805
los	1305	GCF.002207765.1.Bacteria.Firmicutes.B	1479.61	0.0	739.805
spe	1304	GCA.001508005.1.Bacteria.Firmicutes.B	1181.512	0.0	590.756
los	1304	GCA.001508005.1.Bacteria.Firmicutes.B	1181.512	0.0	590.756
hgt	None	dead	0.0	0.0	0.0
hgt	1203	GCA.002399265.1.Bacteria.Firmicutes.G	1910.415	0.0	955.2075
hgt	None	dead	0.0	0.0	0.0
los	None	dead	0.0	0.0	0.0
hgt	None	dead	0.0	0.0	0.0
hgt	None	dead	0.0	0.0	0.0
los	None	dead	0.0	0.0	0.0
spe	1308	1300	1873.47	1522.13	1697.8
spe	1210	1209	2730.93	2349.065	2539.9975
spe	1208	GCA.900016865.1.Bacteria.Firmicutes.G	2154.735	0.0	1077.3675
los	1208	GCA.900016865.1.Bacteria.Firmicutes.G	2154.735	0.0	1077.3675
hgt	None	dead	0.0	0.0	0.0
los	None	dead	0.0	0.0	0.0
spe	1285	1281	1310.93	1090.0515	1200.49075
hgt	1312	GCF.000019165.1.Bacteria.Firmicutes.B	1489.285	0.0	744.6425
spe	1281	1280	1090.0515	922.663	1006.35725
hgt	1280	GCF.900104455.1.Bacteria.Firmicutes.C	922.663	0.0	461.3315
los	1280	GCF.900104455.1.Bacteria.Firmicutes.C	922.663	0.0	461.3315
spe	1393	1392	3573.7	3456.59	3515.145
hgt	None	dead	0.0	0.0	0.0
hgt	None	dead	0.0	0.0	0.0
los	None	dead	0.0	0.0	0.0
spe	1381	1351	1661.335	1566.59	1613.9625
spe	1347	GCF.900099895.1.Bacteria.Firmicutes	1266.54	0.0	633.27
los	1347	GCF.900099895.1.Bacteria.Firmicutes	1266.54	0.0	633.27
spe	1350	GCF.000942395.1.Bacteria.Firmicutes	1380.55	0.0	690.275
los	1350	GCF.000942395.1.Bacteria.Firmicutes	1380.55	0.0	690.275
spe	1392	1391	3456.59	3155.64	3306.115
hgt	None	dead	0.0	0.0	0.0
spe	1211	1210	2902.885	2730.93	2816.9075
los	1211	1210	2902.885	2730.93	2816.9075
spe	1199	1198	2616.05	2339.625	2477.8375
los	1199	1198	2616.05	2339.625	2477.8375
hgt	None	dead	0.0	0.0	0.0
hgt	None	dead	0.0	0.0	0.0
los	None	dead	0.0	0.0	0.0
spe	1191	GCA.002399235.1.Bacteria.Firmicutes.G	2182.46	0.0	1091.23
los	1191	GCA.002399235.1.Bacteria.Firmicutes.G	2182.46	0.0	1091.23
dup	1191	GCA.002408345.1.Bacteria.Firmicutes.G	2182.46	0.0	1091.23
hgt	899	898	3007.825	2936.14	2971.9825
hgt	None	dead	0.0	0.0	0.0
los	None	dead	0.0	0.0	0.0
spe	177	176	2898.43	2700.395	2799.4125
hgt	None	dead	0.0	0.0	0.0
hgt	None	dead	0.0	0.0	0.0
los	None	dead	0.0	0.0	0.0
spe	176	175	2700.395	2596.565	2648.48
spe	175	143	2596.565	2114.17	2355.3675
hgt	143	GCA.001563325.1.Archaea.Asgardarchaeota	2114.17	0.0	1057.085
los	143	GCA.001563325.1.Archaea.Asgardarchaeota	2114.17	0.0	1057.085
hgt	None	dead	0.0	0.0	0.0
hgt	1178	GCA.002347645.1.Bacteria.Actinobacteriota	1623.895	0.0	811.9475
hgt	None	dead	0.0	0.0	0.0
los	None	dead	0.0	0.0	0.0
spe	175	174	2596.565	2507.51	2552.0375
hgt	None	dead	0.0	0.0	0.0
los	174	173	2507.51	2412.845	2460.1775
hgt	1431	1427	2599.01	2362.135	2480.5725
hgt	None	dead	0.0	0.0	0.0
los	None	dead	0.0	0.0	0.0
spe	124	123	2144.515	2043.585	2094.05
spe	123	122	2043.585	1894.935	1969.26
spe	121	GCA.001775995.1.Archaea.Thermoproteota	1500.96	0.0	750.48
los	121	GCA.001775995.1.Archaea.Thermoproteota	1500.96	0.0	750.48
hgt	None	dead	0.0	0.0	0.0
hgt	None	dead	0.0	0.0	0.0
los	None	dead	0.0	0.0	0.0
spe	122	118	1894.935	1695.4	1795.1675
spe	118	116	1695.4	1076.3105	1385.85525
hgt	116	GCA.001593875.1.Archaea.Thermoproteota	1076.3105	0.0	538.15525
los	116	GCA.001593875.1.Archaea.Thermoproteota	1076.3105	0.0	538.15525
spe	123	113	2043.585	1818.745	1931.165
hgt	None	dead	0.0	0.0	0.0
los	113	GCA.002255025.1.Archaea.Thermoproteota	1818.745	0.0	909.3725
hgt	None	dead	0.0	0.0	0.0
los	None	dead	0.0	0.0	0.0
spe	130	128	1634.235	786.4855	1210.36025
hgt	None	dead	0.0	0.0	0.0
spe	1431	1427	2599.01	2362.135	2480.5725
spe	1413	1399	2076.485	1765.22	1920.8525
los	1413	1399	2076.485	1765.22	1920.8525
spe	1412	1408	1844.64	1782.47	1813.555
los	1412	1408	1844.64	1782.47	1813.555
spe	1411	GCA.002450515.1.Bacteria.Chloroflexota	1573.655	0.0	786.8275
los	1411	GCA.002450515.1.Bacteria.Chloroflexota	1573.655	0.0	786.8275
spe	1427	1426	2362.135	2179.07	2270.6025
hgt	1426	1425	2179.07	1957.375	2068.2225
los	1426	1425	2179.07	1957.375	2068.2225
hgt	None	dead	0.0	0.0	0.0
los	None	dead	0.0	0.0	0.0
spe	86	84	1362.965	1194.24	1278.6025
hgt	87	GCA.002256595.1.Archaea.Halobacteriota	1522.785	0.0	761.3925
hgt	194	GCA.003498085.1.Bacteria.UBA9089	2640.625	0.0	1320.3125
hgt	199	198	2662.455	2391.375	2526.915
spe	140	GCF.000019605.1.Archaea.Thermoproteota	2557.41	0.0	1278.705
los	140	GCF.000019605.1.Archaea.Thermoproteota	2557.41	0.0	1278.705
hgt	None	dead	0.0	0.0	0.0
hgt	None	dead	0.0	0.0	0.0
los	None	dead	0.0	0.0	0.0
spe	140	139	2557.41	2461.325	2509.3675
spe	109	103	2207.27	1834.935	2021.1025
los	109	103	2207.27	1834.935	2021.1025
spe	108	GCF.000148385.1.Archaea.Thermoproteota	1901.755	0.0	950.8775
los	108	GCF.000148385.1.Archaea.Thermoproteota	1901.755	0.0	950.8775
spe	107	GCA.003019535.1.Archaea.Thermoproteota	1609.36	0.0	804.68
los	107	GCA.003019535.1.Archaea.Thermoproteota	1609.36	0.0	804.68
spe	138	137	2340.985	2115.72	2228.3525
los	138	137	2340.985	2115.72	2228.3525
spe	124	GCA.002495485.1.Archaea.Thermoproteota	2144.515	0.0	1072.2575
los	124	GCA.002495485.1.Archaea.Thermoproteota	2144.515	0.0	1072.2575
spe	123	113	2043.585	1818.745	1931.165
los	123	113	2043.585	1818.745	1931.165
spe	122	118	1894.935	1695.4	1795.1675
los	122	118	1894.935	1695.4	1795.1675
spe	121	GCA.001273335.1.Archaea.Thermoproteota	1500.96	0.0	750.48
los	121	GCA.001273335.1.Archaea.Thermoproteota	1500.96	0.0	750.48
spe	199	198	2662.455	2391.375	2526.915
hgt	1029	GCA.001777915.1.Bacteria.Edwardsbacteria	2028.8	0.0	1014.4
hgt	251	250	2026.765	1882.555	1954.66
spe	251	250	2026.765	1882.555	1954.66
spe	249	248	1761.99	1175.891	1468.9405
los	249	248	1761.99	1175.891	1468.9405
spe	245	244	1672.99	1459.21	1566.1
los	245	244	1672.99	1459.21	1566.1
spe	241	239	1514.78	1416.94	1465.86
los	241	239	1514.78	1416.94	1465.86
spe	250	236	1882.555	1711.295	1796.925
hgt	236	GCA.001800495.1.Bacteria.Elusimicrobiota	1711.295	0.0	855.6475
los	236	GCA.001800495.1.Bacteria.Elusimicrobiota	1711.295	0.0	855.6475
dup	1029	GCA.001777915.1.Bacteria.Edwardsbacteria	2028.8	0.0	1014.4
hgt	1068	GCA.002428295.1.Bacteria.Caldisericota	1762.385	0.0	881.1925
dup	899	898	3007.825	2936.14	2971.9825
spe	898	756	2936.14	2563.145	2749.6425
los	898	756	2936.14	2563.145	2749.6425
spe	898	897	2936.14	2852.85	2894.495
spe	889	843	2620.3	2513.665	2566.9825
los	889	843	2620.3	2513.665	2566.9825
spe	888	887	2447.185	2263.805	2355.495
los	888	887	2447.185	2263.805	2355.495
spe	854	853	2279.15	2005.945	2142.5475
los	854	853	2279.15	2005.945	2142.5475
spe	850	846	2241.395	1968.67	2105.0325
los	850	846	2241.395	1968.67	2105.0325
spe	849	GCA.001896555.1.Bacteria.Desulfobacterota	1883.095	0.0	941.5475
los	849	GCA.001896555.1.Bacteria.Desulfobacterota	1883.095	0.0	941.5475
spe	896	892	2619.11	2105.205	2362.1575
los	896	892	2619.11	2105.205	2362.1575
hgt	None	dead	0.0	0.0	0.0
spe	895	GCA.002897695.1.Bacteria.BMS3Abin14	2183.84	0.0	1091.92
los	895	GCA.002897695.1.Bacteria.BMS3Abin14	2183.84	0.0	1091.92
hgt	229	GCA.002791075.1.Bacteria.Ratteibacteria	2503.665	0.0	1251.8325
hgt	None	dead	0.0	0.0	0.0
los	None	dead	0.0	0.0	0.0
dup	899	898	3007.825	2936.14	2971.9825
spe	899	898	3007.825	2936.14	2971.9825
spe	756	GCA.001790645.1.Bacteria.Schekmanbacteria	2563.145	0.0	1281.5725
los	756	GCA.001790645.1.Bacteria.Schekmanbacteria	2563.145	0.0	1281.5725
spe	754	753	2306.035	2050.24	2178.1375
los	754	753	2306.035	2050.24	2178.1375
spe	754	746	2306.035	1971.165	2138.6
hgt	None	dead	0.0	0.0	0.0
hgt	None	dead	0.0	0.0	0.0
hgt	668	GCA.001775755.1.Bacteria.Acidobacteriota	1532.235	0.0	766.1175
hgt	None	dead	0.0	0.0	0.0
los	None	dead	0.0	0.0	0.0
hgt	359	GCA.001302825.1.Bacteria.Planctomycetota	1819.66	0.0	909.83
hgt	None	dead	0.0	0.0	0.0
los	None	dead	0.0	0.0	0.0
hgt	603	602	1631.14	1545.47	1588.305
spe	603	602	1631.14	1545.47	1588.305
spe	601	600	1388.16	1178.33	1283.245
los	601	600	1388.16	1178.33	1283.245
spe	595	GCA.002454015.1.Bacteria.Proteobacteria	1179.98	0.0	589.99
los	595	GCA.002454015.1.Bacteria.Proteobacteria	1179.98	0.0	589.99
spe	592	GCF.000024725.1.Bacteria.Proteobacteria	1238.975	0.0	619.4875
los	592	GCF.000024725.1.Bacteria.Proteobacteria	1238.975	0.0	619.4875
hgt	None	dead	0.0	0.0	0.0
dup	None	dead	0.0	0.0	0.0
hgt	188	GCA.001787855.1.Bacteria.Riflebacteria	3243.665	0.0	1621.8325
hgt	None	dead	0.0	0.0	0.0
los	None	dead	0.0	0.0	0.0
hgt	714	713	2396.315	2232.07	2314.1925
hgt	None	dead	0.0	0.0	0.0
los	None	dead	0.0	0.0	0.0
hgt	None	dead	0.0	0.0	0.0
hgt	None	dead	0.0	0.0	0.0
los	None	dead	0.0	0.0	0.0
spe	602	601	1545.47	1388.16	1466.815
spe	601	600	1388.16	1178.33	1283.245
hgt	600	GCA.002007425.1.Bacteria.Proteobacteria	1178.33	0.0	589.165
los	600	GCA.002007425.1.Bacteria.Proteobacteria	1178.33	0.0	589.165
spe	600	598	1178.33	872.755	1025.5425
hgt	598	GCA.002170535.1.Bacteria.Proteobacteria	872.755	0.0	436.3775
los	598	GCA.002170535.1.Bacteria.Proteobacteria	872.755	0.0	436.3775
spe	601	595	1388.16	1179.98	1284.07
hgt	595	GCA.002389045.1.Bacteria.Proteobacteria	1179.98	0.0	589.99
los	595	GCA.002389045.1.Bacteria.Proteobacteria	1179.98	0.0	589.99
spe	714	713	2396.315	2232.07	2314.1925
spe	712	711	2029.595	1840.1	1934.8475
los	712	711	2029.595	1840.1	1934.8475
spe	706	GCA.002327305.1.Bacteria.Acidobacteriota	1754.72	0.0	877.36
los	706	GCA.002327305.1.Bacteria.Acidobacteriota	1754.72	0.0	877.36
spe	704	GCA.003133645.1.Bacteria.Acidobacteriota	1564.51	0.0	782.255
los	704	GCA.003133645.1.Bacteria.Acidobacteriota	1564.51	0.0	782.255
spe	702	GCA.003152095.1.Bacteria.Acidobacteriota	1307.095	0.0	653.5475
los	702	GCA.003152095.1.Bacteria.Acidobacteriota	1307.095	0.0	653.5475
spe	699	681	2103.185	1875.565	1989.375
los	699	681	2103.185	1875.565	1989.375
spe	699	698	2103.185	1863.875	1983.53
spe	686	684	1646.29	1286.44	1466.365
los	686	684	1646.29	1286.44	1466.365
spe	697	696	1602.385	1391.24	1496.8125
los	697	696	1602.385	1391.24	1496.8125
spe	898	897	2936.14	2852.85	2894.495
spe	896	895	2619.11	2183.84	2401.475
los	896	895	2619.11	2183.84	2401.475
spe	896	892	2619.11	2105.205	2362.1575
hgt	892	GCA.001873295.1.Bacteria.CG2.30.70.394	2105.205	0.0	1052.6025
los	892	GCA.001873295.1.Bacteria.CG2.30.70.394	2105.205	0.0	1052.6025
hgt	None	dead	0.0	0.0	0.0
hgt	None	dead	0.0	0.0	0.0
los	None	dead	0.0	0.0	0.0
dup	738	737	2317.13	2105.695	2211.4125
spe	737	733	2105.695	1608.54	1857.1175
los	737	733	2105.695	1608.54	1857.1175
spe	736	GCA.003454665.1.Bacteria.Nitrospirota	1826.19	0.0	913.095
los	736	GCA.003454665.1.Bacteria.Nitrospirota	1826.19	0.0	913.095
spe	738	737	2317.13	2105.695	2211.4125
spe	736	GCA.001803795.1.Bacteria.Nitrospirota	1826.19	0.0	913.095
los	736	GCA.001803795.1.Bacteria.Nitrospirota	1826.19	0.0	913.095
spe	737	733	2105.695	1608.54	1857.1175
spe	732	GCA.002011735.1.Bacteria.Nitrospirota	1363.035	0.0	681.5175
los	732	GCA.002011735.1.Bacteria.Nitrospirota	1363.035	0.0	681.5175
hgt	194	GCA.003498085.1.Bacteria.UBA9089	2640.625	0.0	1320.3125
hgt	None	dead	0.0	0.0	0.0
hgt	517	516	2143.98	2063.06	2103.52
hgt	None	dead	0.0	0.0	0.0
los	None	dead	0.0	0.0	0.0
spe	517	516	2143.98	2063.06	2103.52
spe	428	GCA.002787615.1.Bacteria.Proteobacteria	1947.315	0.0	973.6575
los	428	GCA.002787615.1.Bacteria.Proteobacteria	1947.315	0.0	973.6575
spe	427	GCA.002422845.1.Bacteria.Proteobacteria	1823.14	0.0	911.57
los	427	GCA.002422845.1.Bacteria.Proteobacteria	1823.14	0.0	911.57
spe	426	425	1758.225	1681.305	1719.765
los	426	425	1758.225	1681.305	1719.765
spe	416	415	1460.0	1236.27	1348.135
los	416	415	1460.0	1236.27	1348.135
spe	516	515	2063.06	1939.7	2001.38
hgt	None	dead	0.0	0.0	0.0
los	515	GCA.002632265.1.Bacteria.Proteobacteria	1939.7	0.0	969.85
hgt	542	GCA.002631715.1.Bacteria.Proteobacteria	1703.185	0.0	851.5925
hgt	None	dead	0.0	0.0	0.0
los	None	dead	0.0	0.0	0.0
spe	515	514	1939.7	1792.55	1866.125
hgt	None	dead	0.0	0.0	0.0
spe	514	436	1792.55	1682.45	1737.5
spe	435	GCA.006969625.1.Bacteria.Proteobacteria	1491.68	0.0	745.84
los	435	GCA.006969625.1.Bacteria.Proteobacteria	1491.68	0.0	745.84
spe	434	GCA.002238885.1.Bacteria.Proteobacteria	1283.94	0.0	641.97
los	434	GCA.002238885.1.Bacteria.Proteobacteria	1283.94	0.0	641.97
hgt	598	GCA.002292285.1.Bacteria.Proteobacteria	872.755	0.0	436.3775
hgt	None	dead	0.0	0.0	0.0
los	None	dead	0.0	0.0	0.0
spe	454	453	825.9765	706.861	766.41875
hgt	None	dead	0.0	0.0	0.0
hgt	560	GCA.001735895.1.Bacteria.Proteobacteria	1548.725	0.0	774.3625
hgt	None	dead	0.0	0.0	0.0
los	None	dead	0.0	0.0	0.0
hgt	581	GCA.002868855.1.Bacteria.Proteobacteria	1215.78	0.0	607.89
hgt	558	GCA.002386945.1.Bacteria.Proteobacteria	1383.43	0.0	691.715
hgt	435	GCA.006969625.1.Bacteria.Proteobacteria	1491.68	0.0	745.84
hgt	796	GCA.002238415.1.Bacteria.Desulfobacterota.B	1703.52	0.0	851.76
spe	514	513	1792.55	1728.66	1760.605
spe	513	483	1728.66	1679.37	1704.015
spe	447	439	1537.685	1378.685	1458.185
los	447	439	1537.685	1378.685	1458.185
spe	447	446	1537.685	1337.995	1437.84
spe	445	GCA.002717225.1.Bacteria.Proteobacteria	1219.785	0.0	609.8925
los	445	GCA.002717225.1.Bacteria.Proteobacteria	1219.785	0.0	609.8925
spe	444	GCA.002348425.1.Bacteria.Proteobacteria	1051.014	0.0	525.507
los	444	GCA.002348425.1.Bacteria.Proteobacteria	1051.014	0.0	525.507
hgt	600	GCA.002007425.1.Bacteria.Proteobacteria	1178.33	0.0	589.165
spe	482	458	1587.505	1466.17	1526.8375
los	482	458	1587.505	1466.17	1526.8375
spe	481	480	1510.43	1386.405	1448.4175
los	481	480	1510.43	1386.405	1448.4175
spe	469	468	1404.34	1227.095	1315.7175
los	469	468	1404.34	1227.095	1315.7175
spe	463	GCF.002251795.1.Bacteria.Proteobacteria	1268.17	0.0	634.085
los	463	GCF.002251795.1.Bacteria.Proteobacteria	1268.17	0.0	634.085
spe	463	462	1268.17	1029.85	1149.01
hgt	None	dead	0.0	0.0	0.0
hgt	495	GCA.002796975.1.Bacteria.Proteobacteria	1115.4635	0.0	557.73175
hgt	592	GCF.000024725.1.Bacteria.Proteobacteria	1238.975	0.0	619.4875
hgt	None	dead	0.0	0.0	0.0
los	None	dead	0.0	0.0	0.0
hgt	456	GCF.002148795.1.Bacteria.Proteobacteria	1288.015	0.0	644.0075
hgt	552	GCF.001614315.2.Bacteria.Proteobacteria	1355.9	0.0	677.95
spe	512	486	1614.755	1342.71	1478.7325
los	512	486	1614.755	1342.71	1478.7325
spe	512	511	1614.755	1534.63	1574.6925
spe	511	489	1534.63	1174.55	1354.59
hgt	489	GCA.002701885.1.Bacteria.Proteobacteria	1174.55	0.0	587.275
los	489	GCA.002701885.1.Bacteria.Proteobacteria	1174.55	0.0	587.275
spe	510	509	1468.305	1371.54	1419.9225
los	510	509	1468.305	1371.54	1419.9225
spe	510	492	1468.305	1215.16	1341.7325
spe	889	843	2620.3	2513.665	2566.9825
los	889	843	2620.3	2513.665	2566.9825
hgt	None	dead	0.0	0.0	0.0
hgt	None	dead	0.0	0.0	0.0
los	None	dead	0.0	0.0	0.0
hgt	None	dead	0.0	0.0	0.0
hgt	None	dead	0.0	0.0	0.0
los	None	dead	0.0	0.0	0.0
spe	889	888	2620.3	2447.185	2533.7425
spe	854	853	2279.15	2005.945	2142.5475
los	854	853	2279.15	2005.945	2142.5475
spe	850	846	2241.395	1968.67	2105.0325
los	850	846	2241.395	1968.67	2105.0325
hgt	None	dead	0.0	0.0	0.0
spe	849	GCF.000266945.1.Bacteria.Desulfobacterota	1883.095	0.0	941.5475
los	849	GCF.000266945.1.Bacteria.Desulfobacterota	1883.095	0.0	941.5475
hgt	None	dead	0.0	0.0	0.0
los	None	dead	0.0	0.0	0.0
spe	887	863	2263.805	2054.51	2159.1575
los	887	863	2263.805	2054.51	2159.1575
spe	887	886	2263.805	1999.475	2131.64
spe	874	868	1902.135	1695.53	1798.8325
los	874	868	1902.135	1695.53	1798.8325
spe	873	GCA.002011835.1.Bacteria.Desulfobacterota	1746.56	0.0	873.28
los	873	GCA.002011835.1.Bacteria.Desulfobacterota	1746.56	0.0	873.28
spe	871	GCA.002899795.1.Bacteria.Desulfobacterota	1489.29	0.0	744.645
los	871	GCA.002899795.1.Bacteria.Desulfobacterota	1489.29	0.0	744.645
spe	885	884	1880.5	1765.875	1823.1875
los	885	884	1880.5	1765.875	1823.1875
spe	877	GCA.001797675.1.Bacteria.Desulfobacterota	1769.305	0.0	884.6525
los	877	GCA.001797675.1.Bacteria.Desulfobacterota	1769.305	0.0	884.6525
spe	898	756	2936.14	2563.145	2749.6425
los	898	756	2936.14	2563.145	2749.6425
spe	897	896	2852.85	2619.11	2735.98
los	897	896	2852.85	2619.11	2735.98
dup	897	889	2852.85	2620.3	2736.575
hgt	397	GCF.000526155.1.Bacteria.Desulfobacterota	2952.9	0.0	1476.45
spe	897	889	2852.85	2620.3	2736.575
spe	843	783	2513.665	2400.415	2457.04
los	843	783	2513.665	2400.415	2457.04
hgt	None	dead	0.0	0.0	0.0
hgt	None	dead	0.0	0.0	0.0
los	None	dead	0.0	0.0	0.0
spe	842	798	2402.255	2140.29	2271.2725
los	842	798	2402.255	2140.29	2271.2725
spe	842	841	2402.255	2321.855	2362.055
spe	801	GCA.002328485.1.Bacteria.Desulfobacterota.G	2014.795	0.0	1007.3975
los	801	GCA.002328485.1.Bacteria.Desulfobacterota.G	2014.795	0.0	1007.3975
spe	840	804	2131.765	1962.63	2047.1975
los	840	804	2131.765	1962.63	2047.1975
spe	839	829	2043.565	1996.235	2019.9
los	839	829	2043.565	1996.235	2019.9
spe	838	837	1875.06	1589.61	1732.335
los	838	837	1875.06	1589.61	1732.335
spe	834	832	1804.155	1570.54	1687.3475
los	834	832	1804.155	1570.54	1687.3475
spe	888	854	2447.185	2279.15	2363.1675
los	888	854	2447.185	2279.15	2363.1675
spe	888	887	2447.185	2263.805	2355.495
spe	863	862	2054.51	1719.125	1886.8175
los	863	862	2054.51	1719.125	1886.8175
spe	857	GCA.001830835.1.Bacteria.Desulfobacterota	1926.135	0.0	963.0675
los	857	GCA.001830835.1.Bacteria.Desulfobacterota	1926.135	0.0	963.0675
spe	886	885	1999.475	1880.5	1939.9875
los	886	885	1999.475	1880.5	1939.9875
spe	874	868	1902.135	1695.53	1798.8325
los	874	868	1902.135	1695.53	1798.8325
spe	873	871	1746.56	1489.29	1617.925
los	873	871	1746.56	1489.29	1617.925
hgt	None	dead	0.0	0.0	0.0
spe	897	889	2852.85	2620.3	2736.575
hgt	None	dead	0.0	0.0	0.0
hgt	None	dead	0.0	0.0	0.0
los	None	dead	0.0	0.0	0.0
hgt	None	dead	0.0	0.0	0.0
spe	889	888	2620.3	2447.185	2533.7425
spe	887	886	2263.805	1999.475	2131.64
los	887	886	2263.805	1999.475	2131.64
spe	863	857	2054.51	1926.135	1990.3225
los	863	857	2054.51	1926.135	1990.3225
spe	862	GCA.002782605.1.Bacteria.Desulfobacterota	1719.125	0.0	859.5625
los	862	GCA.002782605.1.Bacteria.Desulfobacterota	1719.125	0.0	859.5625
spe	861	GCA.002327985.1.Bacteria.Desulfobacterota	1594.73	0.0	797.365
los	861	GCA.002327985.1.Bacteria.Desulfobacterota	1594.73	0.0	797.365
spe	854	853	2279.15	2005.945	2142.5475
los	854	853	2279.15	2005.945	2142.5475
spe	850	846	2241.395	1968.67	2105.0325
los	850	846	2241.395	1968.67	2105.0325
hgt	403	GCF.001907975.1.Bacteria.Proteobacteria	2470.89	0.0	1235.445
spe	849	GCA.001896555.1.Bacteria.Desulfobacterota	1883.095	0.0	941.5475
los	849	GCA.001896555.1.Bacteria.Desulfobacterota	1883.095	0.0	941.5475
hgt	47	GCA.002494765.1.Archaea.Thermoplasmatota	1547.68	0.0	773.84
hgt	None	dead	0.0	0.0	0.0
los	None	dead	0.0	0.0	0.0
spe	1421	1419	1634.78	1500.065	1567.4225
spe	843	783	2513.665	2400.415	2457.04
los	843	783	2513.665	2400.415	2457.04
hgt	None	dead	0.0	0.0	0.0
hgt	None	dead	0.0	0.0	0.0
spe	842	798	2402.255	2140.29	2271.2725
los	842	798	2402.255	2140.29	2271.2725
spe	842	841	2402.255	2321.855	2362.055
spe	841	801	2321.855	2014.795	2168.325
hgt	None	dead	0.0	0.0	0.0
los	801	GCA.001797815.1.Bacteria.RBG.13.61.14	2014.795	0.0	1007.3975
hgt	None	dead	0.0	0.0	0.0
los	None	dead	0.0	0.0	0.0
spe	840	804	2131.765	1962.63	2047.1975
los	840	804	2131.765	1962.63	2047.1975
spe	839	829	2043.565	1996.235	2019.9
los	839	829	2043.565	1996.235	2019.9
spe	838	834	1875.06	1804.155	1839.6075
los	838	834	1875.06	1804.155	1839.6075
hgt	None	dead	0.0	0.0	0.0
spe	837	GCA.002309015.1.Bacteria.Myxococcota	1589.61	0.0	794.805
los	837	GCA.002309015.1.Bacteria.Myxococcota	1589.61	0.0	794.805
hgt	None	dead	0.0	0.0	0.0
los	None	dead	0.0	0.0	0.0
hgt	1227	GCA.003242675.1.Bacteria.Firmicutes.E	1913.92	0.0	956.96
hgt	None	dead	0.0	0.0	0.0
los	None	dead	0.0	0.0	0.0
hgt	659	GCA.000830255.1.Bacteria.Campylobacterota	1438.4	0.0	719.2
hgt	1469	GCA.001898225.1.Bacteria.Chloroflexota	1899.175	0.0	949.5875
hgt	None	dead	0.0	0.0	0.0
los	None	dead	0.0	0.0	0.0
hgt	341	GCA.003170085.1.Bacteria.Planctomycetota	1956.375	0.0	978.1875
dup	None	dead	0.0	0.0	0.0
hgt	None	dead	0.0	0.0	0.0
los	None	dead	0.0	0.0	0.0
hgt	31	GCA.001723855.1.Archaea.Altiarchaeota	2249.94	0.0	1124.97
hgt	None	dead	0.0	0.0	0.0
los	None	dead	0.0	0.0	0.0
hgt	None	dead	0.0	0.0	0.0
hgt	1087	GCA.003535305.1.Bacteria.Bipolaricaulota	1296.36	0.0	648.18
hgt	None	dead	0.0	0.0	0.0
los	None	dead	0.0	0.0	0.0
dup	80	GCF.002114285.1.Archaea.Halobacteriota	1389.95	0.0	694.975
spe	173	151	2412.845	2246.95	2329.8975
spe	147	GCA.001940755.1.Archaea.Asgardarchaeota	1821.225	0.0	910.6125
los	147	GCA.001940755.1.Archaea.Asgardarchaeota	1821.225	0.0	910.6125
spe	150	GCA.003144275.1.Archaea.Asgardarchaeota	1673.05	0.0	836.525
los	150	GCA.003144275.1.Archaea.Asgardarchaeota	1673.05	0.0	836.525
spe	1391	1390	3155.64	3037.655	3096.6475
hgt	None	dead	0.0	0.0	0.0
spe	1390	1218	3037.655	2844.535	2941.095
spe	1216	1215	2236.855	1553.665	1895.26
los	1216	1215	2236.855	1553.665	1895.26
hgt	1289	GCA.002345475.1.Bacteria.Firmicutes.H	2267.365	0.0	1133.6825
hgt	None	dead	0.0	0.0	0.0
los	None	dead	0.0	0.0	0.0
spe	1454	1453	2138.89	2041.27	2090.08
spe	1449	GCA.002366595.1.Bacteria.Chloroflexota	1825.905	0.0	912.9525
los	1449	GCA.002366595.1.Bacteria.Chloroflexota	1825.905	0.0	912.9525
hgt	None	dead	0.0	0.0	0.0
hgt	None	dead	0.0	0.0	0.0
los	None	dead	0.0	0.0	0.0
spe	1453	1452	2041.27	1560.03	1800.65
hgt	1444	GCA.003451595.1.Bacteria.Chloroflexota	1493.995	0.0	746.9975
spe	1389	1237	2954.69	2499.645	2727.1675
los	1389	1237	2954.69	2499.645	2727.1675
spe	1389	1388	2954.69	2796.04	2875.365
spe	1274	1240	2556.69	2176.58	2366.635
los	1274	1240	2556.69	2176.58	2366.635
spe	1273	GCF.000166335.1.Bacteria.Firmicutes.A	2327.63	0.0	1163.815
los	1273	GCF.000166335.1.Bacteria.Firmicutes.A	2327.63	0.0	1163.815
spe	1272	1246	2162.05	1810.695	1986.3725
los	1272	1246	2162.05	1810.695	1986.3725
dup	1272	1271	2162.05	1864.085	2013.0675
spe	1271	1259	1864.085	1790.12	1827.1025
los	1271	1259	1864.085	1790.12	1827.1025
spe	1270	1264	1672.825	1373.43	1523.1275
los	1270	1264	1672.825	1373.43	1523.1275
spe	1269	1268	1505.09	1268.035	1386.5625
los	1269	1268	1505.09	1268.035	1386.5625
spe	1272	1271	2162.05	1864.085	2013.0675
spe	1270	1264	1672.825	1373.43	1523.1275
los	1270	1264	1672.825	1373.43	1523.1275
spe	1269	1268	1505.09	1268.035	1386.5625
los	1269	1268	1505.09	1268.035	1386.5625
spe	1259	1258	1790.12	1529.515	1659.8175
los	1259	1258	1790.12	1529.515	1659.8175
spe	1253	GCF.900142265.1.Bacteria.Firmicutes.A	1647.265	0.0	823.6325
los	1253	GCF.900142265.1.Bacteria.Firmicutes.A	1647.265	0.0	823.6325
spe	1253	1252	1647.265	1454.05	1550.6575
spe	1252	1251	1454.05	1274.235	1364.1425
hgt	None	dead	0.0	0.0	0.0
los	1251	GCA.002478485.1.Bacteria.Firmicutes.A	1274.235	0.0	637.1175
hgt	None	dead	0.0	0.0	0.0
los	None	dead	0.0	0.0	0.0
hgt	None	dead	0.0	0.0	0.0
hgt	None	dead	0.0	0.0	0.0
los	None	dead	0.0	0.0	0.0
spe	1388	1387	2796.04	2728.885	2762.4625
spe	1386	1330	2546.81	1974.4	2260.605
los	1386	1330	2546.81	1974.4	2260.605
spe	1385	1333	2448.17	2067.36	2257.765
los	1385	1333	2448.17	2067.36	2257.765
spe	1384	1338	2016.48	1582.81	1799.645
los	1384	1338	2016.48	1582.81	1799.645
spe	1383	1341	1891.44	1532.885	1712.1625
los	1383	1341	1891.44	1532.885	1712.1625
spe	1382	1344	1778.165	1496.385	1637.275
los	1382	1344	1778.165	1496.385	1637.275
spe	1382	1381	1778.165	1661.335	1719.75
spe	1351	1350	1566.59	1380.55	1473.57
los	1351	1350	1566.59	1380.55	1473.57
spe	1347	GCF.001561915.1.Bacteria.Firmicutes	1266.54	0.0	633.27
los	1347	GCF.001561915.1.Bacteria.Firmicutes	1266.54	0.0	633.27
spe	1380	GCF.001049895.1.Bacteria.Firmicutes	1558.37	0.0	779.185
los	1380	GCF.001049895.1.Bacteria.Firmicutes	1558.37	0.0	779.185
spe	1379	1378	1484.04	1182.795	1333.4175
los	1379	1378	1484.04	1182.795	1333.4175
spe	1379	1355	1484.04	1246.46	1365.25
spe	1327	1289	2593.555	2267.365	2430.46
los	1327	1289	2593.555	2267.365	2430.46
spe	1326	1292	2394.985	1918.11	2156.5475
los	1326	1292	2394.985	1918.11	2156.5475
spe	1325	1297	2206.925	1941.385	2074.155
los	1325	1297	2206.925	1941.385	2074.155
spe	1324	1308	2099.855	1873.47	1986.6625
los	1324	1308	2099.855	1873.47	1986.6625
spe	1324	1323	2099.855	2012.64	2056.2475
spe	1322	GCA.001512665.1.Bacteria.Firmicutes.B	1664.355	0.0	832.1775
los	1322	GCA.001512665.1.Bacteria.Firmicutes.B	1664.355	0.0	832.1775
spe	1319	GCF.900100785.1.Bacteria.Firmicutes.B	1887.42	0.0	943.71
los	1319	GCF.900100785.1.Bacteria.Firmicutes.B	1887.42	0.0	943.71
spe	1318	1312	1776.335	1489.285	1632.81
los	1318	1312	1776.335	1489.285	1632.81
spe	1317	1315	1176.776	994.8405	1085.80825
los	1317	1315	1176.776	994.8405	1085.80825
spe	1188	GCA.002779205.1.Bacteria.Actinobacteriota	3093.335	0.0	1546.6675
los	1188	GCA.002779205.1.Bacteria.Actinobacteriota	3093.335	0.0	1546.6675
spe	1187	1133	3023.46	2425.095	2724.2775
los	1187	1133	3023.46	2425.095	2724.2775
spe	1187	1186	3023.46	2887.55	2955.505
spe	1185	1169	2722.52	2330.49	2526.505
los	1185	1169	2722.52	2330.49	2526.505
spe	1184	1180	2566.03	2135.205	2350.6175
los	1184	1180	2566.03	2135.205	2350.6175
spe	1183	GCA.000434775.1.Bacteria.Actinobacteriota	1976.055	0.0	988.0275
los	1183	GCA.000434775.1.Bacteria.Actinobacteriota	1976.055	0.0	988.0275
spe	1136	GCA.001768645.1.Bacteria.Actinobacteriota	2343.38	0.0	1171.69
los	1136	GCA.001768645.1.Bacteria.Actinobacteriota	2343.38	0.0	1171.69
