event	left_node	right_node	left_date	right_date	midpoint_date
spe	None	1728	0.0	0.0	0.0
spe	180	GCA.001889985.1.Archaea.Micrarchaeota	3263.21	0.0	1631.605
los	180	GCA.001889985.1.Archaea.Micrarchaeota	3263.21	0.0	1631.605
spe	179	23	3191.81	3031.295	3111.5525
los	179	23	3191.81	3031.295	3111.5525
spe	179	178	3191.81	3099.385	3145.5975
spe	178	32	3099.385	2666.455	2882.92
hgt	None	dead	0.0	0.0	0.0
hgt	None	dead	0.0	0.0	0.0
los	None	dead	0.0	0.0	0.0
hgt	32	26	2666.455	482.601	1574.528
los	32	26	2666.455	482.601	1574.528
spe	1090	1088	2898.955	1639.23	2269.0925
spe	1087	GCA.001778455.1.Bacteria.Bipolaricaulota	1296.36	0.0	648.18
los	1087	GCA.001778455.1.Bacteria.Bipolaricaulota	1296.36	0.0	648.18
spe	32	31	2666.455	2249.94	2458.1975
hgt	None	dead	0.0	0.0	0.0
los	31	29	2249.94	1749.91	1999.925
hgt	None	dead	0.0	0.0	0.0
los	None	dead	0.0	0.0	0.0
dup	31	GCA.001723855.1.Archaea.Altiarchaeota	2249.94	0.0	1124.97
spe	177	95	2898.43	2719.62	2809.025
los	177	95	2898.43	2719.62	2809.025
spe	176	140	2700.395	2557.41	2628.9025
los	176	140	2700.395	2557.41	2628.9025
spe	175	143	2596.565	2114.17	2355.3675
los	175	143	2596.565	2114.17	2355.3675
spe	174	GCA.001940665.1.Archaea.Asgardarchaeota	2507.51	0.0	1253.755
los	174	GCA.001940665.1.Archaea.Asgardarchaeota	2507.51	0.0	1253.755
spe	173	172	2412.845	1503.255	1958.05
los	173	172	2412.845	1503.255	1958.05
spe	173	151	2412.845	2246.95	2329.8975
spe	150	GCA.003144275.1.Archaea.Asgardarchaeota	1673.05	0.0	836.525
los	150	GCA.003144275.1.Archaea.Asgardarchaeota	1673.05	0.0	836.525
spe	151	147	2246.95	1821.225	2034.0875
hgt	147	GCA.001940755.1.Archaea.Asgardarchaeota	1821.225	0.0	910.6125
los	147	GCA.001940755.1.Archaea.Asgardarchaeota	1821.225	0.0	910.6125
spe	1727	189	3794.005	3549.04	3671.5225
los	1727	189	3794.005	3549.04	3671.5225
dup	1727	1726	3794.005	3776.22	3785.1125
spe	1727	1726	3794.005	3776.22	3785.1125
spe	1094	1093	3702.045	3523.93	3612.9875
los	1094	1093	3702.045	3523.93	3612.9875
spe	1048	1047	3522.85	3506.08	3514.465
los	1048	1047	3522.85	3506.08	3514.465
spe	278	277	3383.28	3121.045	3252.1625
los	278	277	3383.28	3121.045	3252.1625
spe	262	261	3129.85	3034.675	3082.2625
los	262	261	3129.85	3034.675	3082.2625
spe	194	193	2640.625	2357.525	2499.075
los	194	193	2640.625	2357.525	2499.075
spe	1725	1724	3726.035	3611.965	3669.0
los	1725	1724	3726.035	3611.965	3669.0
spe	1393	1129	3573.7	3300.21	3436.955
los	1393	1129	3573.7	3300.21	3436.955
dup	1393	1392	3573.7	3456.59	3515.145
spe	1393	1392	3573.7	3456.59	3515.145
spe	1392	1391	3456.59	3155.64	3306.115
spe	1391	1390	3155.64	3037.655	3096.6475
spe	1389	1237	2954.69	2499.645	2727.1675
los	1389	1237	2954.69	2499.645	2727.1675
spe	1388	1274	2796.04	2556.69	2676.365
los	1388	1274	2796.04	2556.69	2676.365
spe	1387	1386	2728.885	2546.81	2637.8475
los	1387	1386	2728.885	2546.81	2637.8475
spe	1327	1326	2593.555	2394.985	2494.27
los	1327	1326	2593.555	2394.985	2494.27
spe	1289	1288	2267.365	1693.72	1980.5425
los	1289	1288	2267.365	1693.72	1980.5425
spe	1390	1218	3037.655	2844.535	2941.095
spe	1216	1215	2236.855	1553.665	1895.26
los	1216	1215	2236.855	1553.665	1895.26
hgt	None	dead	0.0	0.0	0.0
los	1391	1211	3155.64	2902.885	3029.2625
hgt	None	dead	0.0	0.0	0.0
los	None	dead	0.0	0.0	0.0
spe	1476	1454	2705.185	2138.89	2422.0375
spe	1446	1440	1892.56	1749.24	1820.9
los	1446	1440	1892.56	1749.24	1820.9
spe	1445	GCA.003130875.1.Bacteria.Chloroflexota	1683.66	0.0	841.83
los	1445	GCA.003130875.1.Bacteria.Chloroflexota	1683.66	0.0	841.83
spe	1444	GCA.002366755.1.Bacteria.Chloroflexota	1493.995	0.0	746.9975
los	1444	GCA.002366755.1.Bacteria.Chloroflexota	1493.995	0.0	746.9975
spe	1454	1453	2138.89	2041.27	2090.08
spe	1453	1452	2041.27	1560.03	1800.65
spe	1453	1449	2041.27	1825.905	1933.5875
hgt	1449	GCA.002366595.1.Bacteria.Chloroflexota	1825.905	0.0	912.9525
los	1449	GCA.002366595.1.Bacteria.Chloroflexota	1825.905	0.0	912.9525
spe	1188	GCA.002779205.1.Bacteria.Actinobacteriota	3093.335	0.0	1546.6675
los	1188	GCA.002779205.1.Bacteria.Actinobacteriota	3093.335	0.0	1546.6675
spe	1187	1133	3023.46	2425.095	2724.2775
los	1187	1133	3023.46	2425.095	2724.2775
spe	1187	1186	3023.46	2887.55	2955.505
spe	1136	GCA.003157385.1.Bacteria.Actinobacteriota	2343.38	0.0	1171.69
los	1136	GCA.003157385.1.Bacteria.Actinobacteriota	2343.38	0.0	1171.69
spe	1185	1169	2722.52	2330.49	2526.505
los	1185	1169	2722.52	2330.49	2526.505
spe	1185	1184	2722.52	2566.03	2644.275
spe	1183	GCA.000434775.1.Bacteria.Actinobacteriota	1976.055	0.0	988.0275
los	1183	GCA.000434775.1.Bacteria.Actinobacteriota	1976.055	0.0	988.0275
spe	1180	GCF.001029505.1.Bacteria.Actinobacteriota	2135.205	0.0	1067.6025
los	1180	GCF.001029505.1.Bacteria.Actinobacteriota	2135.205	0.0	1067.6025
spe	1179	1178	1811.215	1623.895	1717.555
los	1179	1178	1811.215	1623.895	1717.555
spe	1179	1173	1811.215	1583.875	1697.545
hgt	None	dead	0.0	0.0	0.0
hgt	None	dead	0.0	0.0	0.0
los	None	dead	0.0	0.0	0.0
spe	1393	1392	3573.7	3456.59	3515.145
spe	1392	1188	3456.59	3093.335	3274.9625
spe	1188	1187	3093.335	3023.46	3058.3975
spe	1133	GCA.002366545.1.Bacteria.Actinobacteriota	2425.095	0.0	1212.5475
los	1133	GCA.002366545.1.Bacteria.Actinobacteriota	2425.095	0.0	1212.5475
spe	1186	1136	2887.55	2343.38	2615.465
los	1186	1136	2887.55	2343.38	2615.465
spe	1185	1169	2722.52	2330.49	2526.505
los	1185	1169	2722.52	2330.49	2526.505
spe	1184	1183	2566.03	1976.055	2271.0425
los	1184	1183	2566.03	1976.055	2271.0425
spe	1180	GCF.001029505.1.Bacteria.Actinobacteriota	2135.205	0.0	1067.6025
los	1180	GCF.001029505.1.Bacteria.Actinobacteriota	2135.205	0.0	1067.6025
spe	1179	1173	1811.215	1583.875	1697.545
los	1179	1173	1811.215	1583.875	1697.545
spe	1178	1177	1623.895	1403.585	1513.74
los	1178	1177	1623.895	1403.585	1513.74
hgt	None	dead	0.0	0.0	0.0
hgt	None	dead	0.0	0.0	0.0
hgt	901	900	3242.11	3113.87	3177.99
hgt	None	dead	0.0	0.0	0.0
hgt	None	dead	0.0	0.0	0.0
spe	1392	1391	3456.59	3155.64	3306.115
spe	1211	1199	2902.885	2616.05	2759.4675
los	1211	1199	2902.885	2616.05	2759.4675
spe	1210	1204	2730.93	2477.49	2604.21
los	1210	1204	2730.93	2477.49	2604.21
spe	1210	1209	2730.93	2349.065	2539.9975
spe	1209	1208	2349.065	2154.735	2251.9
hgt	1208	GCA.900016865.1.Bacteria.Firmicutes.G	2154.735	0.0	1077.3675
los	1208	GCA.900016865.1.Bacteria.Firmicutes.G	2154.735	0.0	1077.3675
spe	1390	1218	3037.655	2844.535	2941.095
los	1390	1218	3037.655	2844.535	2941.095
spe	1390	1389	3037.655	2954.69	2996.1725
spe	1389	1388	2954.69	2796.04	2875.365
spe	1387	1327	2728.885	2593.555	2661.22
los	1387	1327	2728.885	2593.555	2661.22
spe	1386	1330	2546.81	1974.4	2260.605
los	1386	1330	2546.81	1974.4	2260.605
spe	1385	1333	2448.17	2067.36	2257.765
los	1385	1333	2448.17	2067.36	2257.765
spe	1384	1338	2016.48	1582.81	1799.645
los	1384	1338	2016.48	1582.81	1799.645
spe	1383	1382	1891.44	1778.165	1834.8025
los	1383	1382	1891.44	1778.165	1834.8025
spe	1341	GCF.001311905.1.Bacteria.Firmicutes	1532.885	0.0	766.4425
los	1341	GCF.001311905.1.Bacteria.Firmicutes	1532.885	0.0	766.4425
spe	1274	1273	2556.69	2327.63	2442.16
los	1274	1273	2556.69	2327.63	2442.16
spe	1274	1240	2556.69	2176.58	2366.635
hgt	1307	1305	1657.525	1479.61	1568.5675
spe	1307	1305	1657.525	1479.61	1568.5675
spe	1304	GCA.001508005.1.Bacteria.Firmicutes.B	1181.512	0.0	590.756
los	1304	GCA.001508005.1.Bacteria.Firmicutes.B	1181.512	0.0	590.756
spe	1389	1237	2954.69	2499.645	2727.1675
spe	1236	1228	2327.67	2160.575	2244.1225
los	1236	1228	2327.67	2160.575	2244.1225
spe	1235	1234	2052.91	1778.17	1915.54
los	1235	1234	2052.91	1778.17	1915.54
hgt	None	dead	0.0	0.0	0.0
los	1237	1221	2499.645	2008.115	2253.88
hgt	None	dead	0.0	0.0	0.0
los	None	dead	0.0	0.0	0.0
hgt	None	dead	0.0	0.0	0.0
los	None	dead	0.0	0.0	0.0
spe	1289	1288	2267.365	1693.72	1980.5425
spe	1288	1287	1693.72	1417.98	1555.85
hgt	1287	GCA.002329525.1.Bacteria.Firmicutes.C	1417.98	0.0	708.99
los	1287	GCA.002329525.1.Bacteria.Firmicutes.C	1417.98	0.0	708.99
spe	1285	1284	1310.93	1020.5295	1165.72975
los	1285	1284	1310.93	1020.5295	1165.72975
spe	1285	1281	1310.93	1090.0515	1200.49075
spe	1280	GCF.900104455.1.Bacteria.Firmicutes.C	922.663	0.0	461.3315
los	1280	GCF.900104455.1.Bacteria.Firmicutes.C	922.663	0.0	461.3315
hgt	None	dead	0.0	0.0	0.0
los	None	dead	0.0	0.0	0.0
spe	1326	1325	2394.985	2206.925	2300.955
spe	1325	1297	2206.925	1941.385	2074.155
spe	1297	1296	1941.385	1757.76	1849.5725
hgt	1296	GCA.001513545.1.Bacteria.Firmicutes.B	1757.76	0.0	878.88
los	1296	GCA.001513545.1.Bacteria.Firmicutes.B	1757.76	0.0	878.88
hgt	1203	GCA.002399265.1.Bacteria.Firmicutes.G	1910.415	0.0	955.2075
hgt	None	dead	0.0	0.0	0.0
hgt	None	dead	0.0	0.0	0.0
los	None	dead	0.0	0.0	0.0
spe	1325	1324	2206.925	2099.855	2153.39
spe	1308	1307	1873.47	1657.525	1765.4975
los	1308	1307	1873.47	1657.525	1765.4975
spe	1308	1300	1873.47	1522.13	1697.8
hgt	1430	GCA.002239025.1.Bacteria.Chloroflexota	2141.86	0.0	1070.93
hgt	1292	GCF.001950325.1.Bacteria.Firmicutes.B	1918.11	0.0	959.055
spe	1324	1323	2099.855	2012.64	2056.2475
spe	1319	1318	1887.42	1776.335	1831.8775
los	1319	1318	1887.42	1776.335	1831.8775
hgt	1323	1322	2012.64	1664.355	1838.4975
los	1323	1322	2012.64	1664.355	1838.4975
spe	1385	1384	2448.17	2016.48	2232.325
spe	1338	1337	1582.81	1327.38	1455.095
los	1338	1337	1582.81	1327.38	1455.095
spe	1383	1341	1891.44	1532.885	1712.1625
los	1383	1341	1891.44	1532.885	1712.1625
spe	1383	1382	1891.44	1778.165	1834.8025
spe	1344	GCA.002159075.1.Bacteria.Firmicutes	1496.385	0.0	748.1925
los	1344	GCA.002159075.1.Bacteria.Firmicutes	1496.385	0.0	748.1925
spe	1381	1351	1661.335	1566.59	1613.9625
los	1381	1351	1661.335	1566.59	1613.9625
spe	1380	1379	1558.37	1484.04	1521.205
los	1380	1379	1558.37	1484.04	1521.205
hgt	None	dead	0.0	0.0	0.0
spe	901	900	3242.11	3113.87	3177.99
spe	716	670	2685.38	2337.75	2511.565
los	716	670	2685.38	2337.75	2511.565
spe	715	714	2518.685	2396.315	2457.5
los	715	714	2518.685	2396.315	2457.5
spe	675	GCA.002789615.1.Bacteria.Acidobacteriota	2161.39	0.0	1080.695
los	675	GCA.002789615.1.Bacteria.Acidobacteriota	2161.39	0.0	1080.695
spe	674	GCA.002747255.1.Bacteria.Acidobacteriota	1880.64	0.0	940.32
los	674	GCA.002747255.1.Bacteria.Acidobacteriota	1880.64	0.0	940.32
spe	900	899	3113.87	3007.825	3060.8475
hgt	None	dead	0.0	0.0	0.0
los	899	743	3007.825	2880.765	2944.295
hgt	None	dead	0.0	0.0	0.0
los	None	dead	0.0	0.0	0.0
spe	899	898	3007.825	2936.14	2971.9825
spe	756	GCA.001790645.1.Bacteria.Schekmanbacteria	2563.145	0.0	1281.5725
los	756	GCA.001790645.1.Bacteria.Schekmanbacteria	2563.145	0.0	1281.5725
spe	754	746	2306.035	1971.165	2138.6
los	754	746	2306.035	1971.165	2138.6
spe	753	751	2050.24	1894.43	1972.335
los	753	751	2050.24	1894.43	1972.335
spe	897	896	2852.85	2619.11	2735.98
los	897	896	2852.85	2619.11	2735.98
spe	897	889	2852.85	2620.3	2736.575
spe	843	783	2513.665	2400.415	2457.04
los	843	783	2513.665	2400.415	2457.04
spe	842	798	2402.255	2140.29	2271.2725
los	842	798	2402.255	2140.29	2271.2725
spe	841	840	2321.855	2131.765	2226.81
los	841	840	2321.855	2131.765	2226.81
spe	801	GCA.001797815.1.Bacteria.RBG.13.61.14	2014.795	0.0	1007.3975
los	801	GCA.001797815.1.Bacteria.RBG.13.61.14	2014.795	0.0	1007.3975
spe	888	854	2447.185	2279.15	2363.1675
los	888	854	2447.185	2279.15	2363.1675
spe	888	887	2447.185	2263.805	2355.495
spe	863	857	2054.51	1926.135	1990.3225
los	863	857	2054.51	1926.135	1990.3225
dup	863	862	2054.51	1719.125	1886.8175
spe	862	GCA.002782605.1.Bacteria.Desulfobacterota	1719.125	0.0	859.5625
los	862	GCA.002782605.1.Bacteria.Desulfobacterota	1719.125	0.0	859.5625
spe	861	GCA.002327985.1.Bacteria.Desulfobacterota	1594.73	0.0	797.365
los	861	GCA.002327985.1.Bacteria.Desulfobacterota	1594.73	0.0	797.365
spe	863	862	2054.51	1719.125	1886.8175
spe	861	GCA.001304105.1.Bacteria.Desulfobacterota	1594.73	0.0	797.365
los	861	GCA.001304105.1.Bacteria.Desulfobacterota	1594.73	0.0	797.365
spe	886	874	1999.475	1902.135	1950.805
los	886	874	1999.475	1902.135	1950.805
spe	886	885	1999.475	1880.5	1939.9875
spe	884	880	1765.875	1499.355	1632.615
los	884	880	1765.875	1499.355	1632.615
spe	883	GCA.001751085.1.Bacteria.Desulfobacterota	1384.92	0.0	692.46
los	883	GCA.001751085.1.Bacteria.Desulfobacterota	1384.92	0.0	692.46
spe	885	877	1880.5	1769.305	1824.9025
hgt	877	GCF.000620765.1.Bacteria.Desulfobacterota.I	1769.305	0.0	884.6525
los	877	GCF.000620765.1.Bacteria.Desulfobacterota.I	1769.305	0.0	884.6525
dup	None	dead	0.0	0.0	0.0
hgt	None	dead	0.0	0.0	0.0
los	None	dead	0.0	0.0	0.0
dup	None	dead	0.0	0.0	0.0
hgt	None	dead	0.0	0.0	0.0
los	None	dead	0.0	0.0	0.0
hgt	None	dead	0.0	0.0	0.0
los	None	dead	0.0	0.0	0.0
hgt	None	dead	0.0	0.0	0.0
los	None	dead	0.0	0.0	0.0
spe	742	741	2637.165	2052.975	2345.07
hgt	794	GCA.001798565.1.Bacteria.Desulfobacterota.B	1417.505	0.0	708.7525
hgt	1163	GCF.000384115.1.Bacteria.Actinobacteriota	951.694	0.0	475.847
hgt	None	dead	0.0	0.0	0.0
los	None	dead	0.0	0.0	0.0
spe	1234	1233	1778.17	1459.0	1618.585
hgt	1655	GCA.001771505.1.Bacteria.Margulisbacteria	2252.155	0.0	1126.0775
hgt	None	dead	0.0	0.0	0.0
hgt	None	dead	0.0	0.0	0.0
los	None	dead	0.0	0.0	0.0
spe	1727	1726	3794.005	3776.22	3785.1125
spe	1726	1094	3776.22	3702.045	3739.1325
hgt	None	dead	0.0	0.0	0.0
los	1094	1093	3702.045	3523.93	3612.9875
hgt	None	dead	0.0	0.0	0.0
los	None	dead	0.0	0.0	0.0
spe	1094	1048	3702.045	3522.85	3612.4475
spe	1048	1047	3522.85	3506.08	3514.465
spe	1047	365	3506.08	3237.46	3371.77
spe	364	316	3137.4	2946.705	3042.0525
los	364	316	3137.4	2946.705	3042.0525
spe	363	321	2571.645	2405.83	2488.7375
los	363	321	2571.645	2405.83	2488.7375
spe	362	342	2406.61	2209.56	2308.085
los	362	342	2406.61	2209.56	2308.085
spe	361	353	2290.69	2130.965	2210.8275
los	361	353	2290.69	2130.965	2210.8275
spe	360	356	2039.94	1770.21	1905.075
los	360	356	2039.94	1770.21	1905.075
spe	359	GCF.000949635.1.Bacteria.Planctomycetota	1819.66	0.0	909.83
los	359	GCF.000949635.1.Bacteria.Planctomycetota	1819.66	0.0	909.83
hgt	365	GCA.001730085.1.Bacteria.GCA.001730085	3237.46	0.0	1618.73
los	365	GCA.001730085.1.Bacteria.GCA.001730085	3237.46	0.0	1618.73
spe	651	533	2202.31	1994.64	2098.475
spe	532	GCA.002405475.1.Bacteria.Proteobacteria	1609.445	0.0	804.7225
los	532	GCA.002405475.1.Bacteria.Proteobacteria	1609.445	0.0	804.7225
spe	533	529	1994.64	1776.585	1885.6125
hgt	598	GCA.002292285.1.Bacteria.Proteobacteria	872.755	0.0	436.3775
hgt	529	GCA.002451085.1.Bacteria.Proteobacteria	1776.585	0.0	888.2925
los	529	GCA.002451085.1.Bacteria.Proteobacteria	1776.585	0.0	888.2925
hgt	None	dead	0.0	0.0	0.0
dup	None	dead	0.0	0.0	0.0
hgt	None	dead	0.0	0.0	0.0
los	None	dead	0.0	0.0	0.0
spe	124	123	2144.515	2043.585	2094.05
spe	123	122	2043.585	1894.935	1969.26
spe	121	GCA.001775995.1.Archaea.Thermoproteota	1500.96	0.0	750.48
los	121	GCA.001775995.1.Archaea.Thermoproteota	1500.96	0.0	750.48
spe	122	118	1894.935	1695.4	1795.1675
spe	116	GCA.001593875.1.Archaea.Thermoproteota	1076.3105	0.0	538.15525
los	116	GCA.001593875.1.Archaea.Thermoproteota	1076.3105	0.0	538.15525
spe	123	113	2043.585	1818.745	1931.165
hgt	130	128	1634.235	786.4855	1210.36025
spe	130	128	1634.235	786.4855	1210.36025
hgt	47	GCA.002494765.1.Archaea.Thermoplasmatota	1547.68	0.0	773.84
hgt	113	GCA.002255025.1.Archaea.Thermoproteota	1818.745	0.0	909.3725
los	113	GCA.002255025.1.Archaea.Thermoproteota	1818.745	0.0	909.3725
hgt	None	dead	0.0	0.0	0.0
los	None	dead	0.0	0.0	0.0
spe	1431	1427	2599.01	2362.135	2480.5725
spe	1426	1425	2179.07	1957.375	2068.2225
los	1426	1425	2179.07	1957.375	2068.2225
spe	1427	1413	2362.135	2076.485	2219.31
spe	1413	1412	2076.485	1844.64	1960.5625
hgt	1412	1408	1844.64	1782.47	1813.555
los	1412	1408	1844.64	1782.47	1813.555
spe	1411	GCA.002450515.1.Bacteria.Chloroflexota	1573.655	0.0	786.8275
los	1411	GCA.002450515.1.Bacteria.Chloroflexota	1573.655	0.0	786.8275
hgt	None	dead	0.0	0.0	0.0
los	1413	1399	2076.485	1765.22	1920.8525
hgt	None	dead	0.0	0.0	0.0
los	None	dead	0.0	0.0	0.0
spe	88	87	1623.18	1522.785	1572.9825
spe	86	GCA.001412335.1.Archaea.Halobacteriota	1362.965	0.0	681.4825
los	86	GCA.001412335.1.Archaea.Halobacteriota	1362.965	0.0	681.4825
spe	84	GCF.000011005.1.Archaea.Euryarchaeota	1194.24	0.0	597.12
los	84	GCF.000011005.1.Archaea.Euryarchaeota	1194.24	0.0	597.12
spe	1047	1046	3506.08	3444.34	3475.21
spe	1045	921	3221.015	3032.55	3126.7825
los	1045	921	3221.015	3032.55	3126.7825
spe	1044	1043	2991.325	2909.195	2950.26
los	1044	1043	2991.325	2909.195	2950.26
spe	936	935	2805.55	2051.05	2428.3
los	936	935	2805.55	2051.05	2428.3
spe	926	GCA.001780825.1.Bacteria.Gemmatimonadota	2323.795	0.0	1161.8975
los	926	GCA.001780825.1.Bacteria.Gemmatimonadota	2323.795	0.0	1161.8975
spe	924	GCA.002348465.1.Bacteria.Gemmatimonadota	1818.875	0.0	909.4375
los	924	GCA.002348465.1.Bacteria.Gemmatimonadota	1818.875	0.0	909.4375
spe	902	390	3336.1	3073.69	3204.895
los	902	390	3336.1	3073.69	3204.895
dup	902	901	3336.1	3242.11	3289.105
dup	902	901	3336.1	3242.11	3289.105
spe	902	901	3336.1	3242.11	3289.105
spe	900	716	3113.87	2685.38	2899.625
los	900	716	3113.87	2685.38	2899.625
spe	899	743	3007.825	2880.765	2944.295
los	899	743	3007.825	2880.765	2944.295
spe	899	898	3007.825	2936.14	2971.9825
spe	897	889	2852.85	2620.3	2736.575
los	897	889	2852.85	2620.3	2736.575
spe	896	892	2619.11	2105.205	2362.1575
los	896	892	2619.11	2105.205	2362.1575
spe	895	GCA.002897695.1.Bacteria.BMS3Abin14	2183.84	0.0	1091.92
los	895	GCA.002897695.1.Bacteria.BMS3Abin14	2183.84	0.0	1091.92
spe	756	754	2563.145	2306.035	2434.59
los	756	754	2563.145	2306.035	2434.59
hgt	None	dead	0.0	0.0	0.0
hgt	None	dead	0.0	0.0	0.0
los	None	dead	0.0	0.0	0.0
spe	901	663	3242.11	3154.255	3198.1825
spe	663	397	3154.255	2952.9	3053.5775
spe	396	GCF.000177635.2.Bacteria.Chrysiogenota	2591.83	0.0	1295.915
los	396	GCF.000177635.2.Bacteria.Chrysiogenota	2591.83	0.0	1295.915
spe	395	GCF.000487995.1.Bacteria.Deferribacterota	1495.105	0.0	747.5525
los	395	GCF.000487995.1.Bacteria.Deferribacterota	1495.105	0.0	747.5525
hgt	834	GCA.001798605.1.Bacteria.Myxococcota	1804.155	0.0	902.0775
hgt	397	GCF.000526155.1.Bacteria.Desulfobacterota	2952.9	0.0	1476.45
los	397	GCF.000526155.1.Bacteria.Desulfobacterota	2952.9	0.0	1476.45
spe	663	662	3154.255	3076.16	3115.2075
hgt	None	dead	0.0	0.0	0.0
hgt	None	dead	0.0	0.0	0.0
los	None	dead	0.0	0.0	0.0
hgt	None	dead	0.0	0.0	0.0
los	662	661	3076.16	3025.1	3050.63
hgt	None	dead	0.0	0.0	0.0
los	None	dead	0.0	0.0	0.0
hgt	389	388	2696.585	2486.95	2591.7675
spe	662	400	3076.16	2337.685	2706.9225
hgt	188	GCA.001787855.1.Bacteria.Riflebacteria	3243.665	0.0	1621.8325
hgt	400	GCA.002707655.1.Bacteria.SAR324	2337.685	0.0	1168.8425
los	400	GCA.002707655.1.Bacteria.SAR324	2337.685	0.0	1168.8425
spe	389	388	2696.585	2486.95	2591.7675
spe	387	386	2281.005	1962.46	2121.7325
los	387	386	2281.005	1962.46	2121.7325
spe	383	381	1865.655	1481.85	1673.7525
los	383	381	1865.655	1481.85	1673.7525
hgt	None	dead	0.0	0.0	0.0
hgt	None	dead	0.0	0.0	0.0
los	None	dead	0.0	0.0	0.0
hgt	1058	GCF.000233775.1.Bacteria.Synergistota	2584.325	0.0	1292.1625
hgt	889	888	2620.3	2447.185	2533.7425
spe	376	374	2123.16	1638.665	1880.9125
los	376	374	2123.16	1638.665	1880.9125
spe	889	888	2620.3	2447.185	2533.7425
spe	854	853	2279.15	2005.945	2142.5475
los	854	853	2279.15	2005.945	2142.5475
spe	850	846	2241.395	1968.67	2105.0325
los	850	846	2241.395	1968.67	2105.0325
spe	849	GCF.000266945.1.Bacteria.Desulfobacterota	1883.095	0.0	941.5475
los	849	GCF.000266945.1.Bacteria.Desulfobacterota	1883.095	0.0	941.5475
spe	887	863	2263.805	2054.51	2159.1575
los	887	863	2263.805	2054.51	2159.1575
spe	887	886	2263.805	1999.475	2131.64
spe	874	868	1902.135	1695.53	1798.8325
los	874	868	1902.135	1695.53	1798.8325
spe	873	GCA.002011835.1.Bacteria.Desulfobacterota	1746.56	0.0	873.28
los	873	GCA.002011835.1.Bacteria.Desulfobacterota	1746.56	0.0	873.28
spe	871	GCA.002899795.1.Bacteria.Desulfobacterota	1489.29	0.0	744.645
los	871	GCA.002899795.1.Bacteria.Desulfobacterota	1489.29	0.0	744.645
spe	885	884	1880.5	1765.875	1823.1875
los	885	884	1880.5	1765.875	1823.1875
spe	877	GCA.001797675.1.Bacteria.Desulfobacterota	1769.305	0.0	884.6525
los	877	GCA.001797675.1.Bacteria.Desulfobacterota	1769.305	0.0	884.6525
spe	902	901	3336.1	3242.11	3289.105
spe	901	663	3242.11	3154.255	3198.1825
spe	397	396	2952.9	2591.83	2772.365
los	397	396	2952.9	2591.83	2772.365
hgt	None	dead	0.0	0.0	0.0
hgt	None	dead	0.0	0.0	0.0
los	None	dead	0.0	0.0	0.0
spe	603	602	1631.14	1545.47	1588.305
spe	592	GCF.000024725.1.Bacteria.Proteobacteria	1238.975	0.0	619.4875
los	592	GCF.000024725.1.Bacteria.Proteobacteria	1238.975	0.0	619.4875
spe	601	600	1388.16	1178.33	1283.245
los	601	600	1388.16	1178.33	1283.245
spe	601	595	1388.16	1179.98	1284.07
hgt	None	dead	0.0	0.0	0.0
hgt	None	dead	0.0	0.0	0.0
los	None	dead	0.0	0.0	0.0
hgt	None	dead	0.0	0.0	0.0
los	663	662	3154.255	3076.16	3115.2075
hgt	None	dead	0.0	0.0	0.0
los	None	dead	0.0	0.0	0.0
spe	901	900	3242.11	3113.87	3177.99
spe	716	715	2685.38	2518.685	2602.0325
los	716	715	2685.38	2518.685	2602.0325
spe	670	GCA.002898535.1.Bacteria.Acidobacteriota	2337.75	0.0	1168.875
los	670	GCA.002898535.1.Bacteria.Acidobacteriota	2337.75	0.0	1168.875
spe	669	GCA.002335385.1.Bacteria.Acidobacteriota	1783.33	0.0	891.665
los	669	GCA.002335385.1.Bacteria.Acidobacteriota	1783.33	0.0	891.665
spe	668	GCA.002010665.1.Bacteria.Acidobacteriota	1532.235	0.0	766.1175
los	668	GCA.002010665.1.Bacteria.Acidobacteriota	1532.235	0.0	766.1175
spe	899	743	3007.825	2880.765	2944.295
los	899	743	3007.825	2880.765	2944.295
spe	899	898	3007.825	2936.14	2971.9825
spe	897	896	2852.85	2619.11	2735.98
los	897	896	2852.85	2619.11	2735.98
spe	897	889	2852.85	2620.3	2736.575
spe	843	783	2513.665	2400.415	2457.04
los	843	783	2513.665	2400.415	2457.04
spe	842	798	2402.255	2140.29	2271.2725
los	842	798	2402.255	2140.29	2271.2725
spe	841	840	2321.855	2131.765	2226.81
los	841	840	2321.855	2131.765	2226.81
spe	801	GCA.002328485.1.Bacteria.Desulfobacterota.G	2014.795	0.0	1007.3975
los	801	GCA.002328485.1.Bacteria.Desulfobacterota.G	2014.795	0.0	1007.3975
spe	888	854	2447.185	2279.15	2363.1675
los	888	854	2447.185	2279.15	2363.1675
spe	887	886	2263.805	1999.475	2131.64
los	887	886	2263.805	1999.475	2131.64
spe	863	862	2054.51	1719.125	1886.8175
los	863	862	2054.51	1719.125	1886.8175
spe	857	GCA.001830835.1.Bacteria.Desulfobacterota	1926.135	0.0	963.0675
los	857	GCA.001830835.1.Bacteria.Desulfobacterota	1926.135	0.0	963.0675
spe	898	756	2936.14	2563.145	2749.6425
spe	754	753	2306.035	2050.24	2178.1375
los	754	753	2306.035	2050.24	2178.1375
spe	746	GCF.900079095.1.Bacteria.Tectomicrobia	1971.165	0.0	985.5825
los	746	GCF.900079095.1.Bacteria.Tectomicrobia	1971.165	0.0	985.5825
hgt	756	GCA.001790645.1.Bacteria.Schekmanbacteria	2563.145	0.0	1281.5725
los	756	GCA.001790645.1.Bacteria.Schekmanbacteria	2563.145	0.0	1281.5725
spe	901	663	3242.11	3154.255	3198.1825
los	901	663	3242.11	3154.255	3198.1825
spe	900	716	3113.87	2685.38	2899.625
los	900	716	3113.87	2685.38	2899.625
spe	899	743	3007.825	2880.765	2944.295
los	899	743	3007.825	2880.765	2944.295
spe	899	898	3007.825	2936.14	2971.9825
spe	897	889	2852.85	2620.3	2736.575
los	897	889	2852.85	2620.3	2736.575
spe	896	892	2619.11	2105.205	2362.1575
los	896	892	2619.11	2105.205	2362.1575
spe	895	GCA.000739515.1.Bacteria.Moduliflexota	2183.84	0.0	1091.92
los	895	GCA.000739515.1.Bacteria.Moduliflexota	2183.84	0.0	1091.92
spe	756	GCA.001790645.1.Bacteria.Schekmanbacteria	2563.145	0.0	1281.5725
los	756	GCA.001790645.1.Bacteria.Schekmanbacteria	2563.145	0.0	1281.5725
spe	754	753	2306.035	2050.24	2178.1375
los	754	753	2306.035	2050.24	2178.1375
spe	746	GCA.002238965.1.Bacteria.UBA8248	1971.165	0.0	985.5825
los	746	GCA.002238965.1.Bacteria.UBA8248	1971.165	0.0	985.5825
spe	278	277	3383.28	3121.045	3252.1625
los	278	277	3383.28	3121.045	3252.1625
spe	262	194	3129.85	2640.625	2885.2375
los	262	194	3129.85	2640.625	2885.2375
spe	261	260	3034.675	2600.0	2817.3375
los	261	260	3034.675	2600.0	2817.3375
spe	255	254	2983.19	2870.76	2926.975
los	255	254	2983.19	2870.76	2926.975
spe	199	GCA.003527405.1.Bacteria.Atribacterota	2662.455	0.0	1331.2275
los	199	GCA.003527405.1.Bacteria.Atribacterota	2662.455	0.0	1331.2275
spe	199	198	2662.455	2391.375	2526.915
hgt	892	GCA.001873285.1.Bacteria.CG2.30.53.67	2105.205	0.0	1052.6025
hgt	None	dead	0.0	0.0	0.0
dup	None	dead	0.0	0.0	0.0
hgt	None	dead	0.0	0.0	0.0
los	None	dead	0.0	0.0	0.0
hgt	None	dead	0.0	0.0	0.0
los	None	dead	0.0	0.0	0.0
dup	514	513	1792.55	1728.66	1760.605
hgt	None	dead	0.0	0.0	0.0
spe	514	513	1792.55	1728.66	1760.605
spe	512	486	1614.755	1342.71	1478.7325
los	512	486	1614.755	1342.71	1478.7325
spe	511	489	1534.63	1174.55	1354.59
los	511	489	1534.63	1174.55	1354.59
spe	510	492	1468.305	1215.16	1341.7325
los	510	492	1468.305	1215.16	1341.7325
spe	510	509	1468.305	1371.54	1419.9225
spe	508	498	1248.66	1100.442	1174.551
los	508	498	1248.66	1100.442	1174.551
spe	507	503	1032.028	904.119	968.0735
los	507	503	1032.028	904.119	968.0735
spe	506	GCA.002480495.1.Bacteria.Proteobacteria	986.4985	0.0	493.24925
los	506	GCA.002480495.1.Bacteria.Proteobacteria	986.4985	0.0	493.24925
spe	495	GCF.003173035.1.Bacteria.Proteobacteria	1115.4635	0.0	557.73175
los	495	GCF.003173035.1.Bacteria.Proteobacteria	1115.4635	0.0	557.73175
spe	513	483	1728.66	1679.37	1704.015
spe	447	439	1537.685	1378.685	1458.185
los	447	439	1537.685	1378.685	1458.185
spe	447	446	1537.685	1337.995	1437.84
spe	445	444	1219.785	1051.014	1135.3995
los	445	444	1219.785	1051.014	1135.3995
hgt	415	GCA.002717245.1.Bacteria.Proteobacteria	1236.27	0.0	618.135
hgt	498	GCA.002731375.1.Bacteria.Proteobacteria	1100.442	0.0	550.221
spe	483	482	1679.37	1587.505	1633.4375
spe	482	481	1587.505	1510.43	1548.9675
spe	469	468	1404.34	1227.095	1315.7175
los	469	468	1404.34	1227.095	1315.7175
spe	463	GCF.002251795.1.Bacteria.Proteobacteria	1268.17	0.0	634.085
los	463	GCF.002251795.1.Bacteria.Proteobacteria	1268.17	0.0	634.085
spe	463	462	1268.17	1029.85	1149.01
hgt	481	480	1510.43	1386.405	1448.4175
los	481	480	1510.43	1386.405	1448.4175
spe	436	435	1682.45	1491.68	1587.065
hgt	None	dead	0.0	0.0	0.0
spe	435	434	1491.68	1283.94	1387.81
hgt	560	GCA.001735895.1.Bacteria.Proteobacteria	1548.725	0.0	774.3625
hgt	453	GCA.002457765.1.Bacteria.Proteobacteria	706.861	0.0	353.4305
hgt	551	GCA.002746645.1.Bacteria.Proteobacteria	1073.1825	0.0	536.59125
hgt	796	GCA.002238415.1.Bacteria.Desulfobacterota.B	1703.52	0.0	851.76
hgt	581	GCA.002868855.1.Bacteria.Proteobacteria	1215.78	0.0	607.89
hgt	542	GCA.002631715.1.Bacteria.Proteobacteria	1703.185	0.0	851.5925
hgt	436	GCA.002722885.1.Bacteria.Proteobacteria	1682.45	0.0	841.225
dup	None	dead	0.0	0.0	0.0
hgt	None	dead	0.0	0.0	0.0
los	None	dead	0.0	0.0	0.0
hgt	None	dead	0.0	0.0	0.0
los	None	dead	0.0	0.0	0.0
spe	482	458	1587.505	1466.17	1526.8375
hgt	458	GCA.002340345.1.Bacteria.Proteobacteria	1466.17	0.0	733.085
los	458	GCA.002340345.1.Bacteria.Proteobacteria	1466.17	0.0	733.085
spe	456	455	1288.015	945.418	1116.7165
los	456	455	1288.015	945.418	1116.7165
hgt	None	dead	0.0	0.0	0.0
los	None	dead	0.0	0.0	0.0
spe	603	602	1631.14	1545.47	1588.305
spe	592	GCF.001720165.1.Bacteria.Proteobacteria	1238.975	0.0	619.4875
los	592	GCF.001720165.1.Bacteria.Proteobacteria	1238.975	0.0	619.4875
spe	601	595	1388.16	1179.98	1284.07
los	601	595	1388.16	1179.98	1284.07
spe	600	598	1178.33	872.755	1025.5425
los	600	598	1178.33	872.755	1025.5425
spe	514	513	1792.55	1728.66	1760.605
spe	483	482	1679.37	1587.505	1633.4375
los	483	482	1679.37	1587.505	1633.4375
spe	447	446	1537.685	1337.995	1437.84
los	447	446	1537.685	1337.995	1437.84
spe	439	GCF.001613805.1.Bacteria.Proteobacteria	1378.685	0.0	689.3425
los	439	GCF.001613805.1.Bacteria.Proteobacteria	1378.685	0.0	689.3425
spe	512	486	1614.755	1342.71	1478.7325
los	512	486	1614.755	1342.71	1478.7325
dup	512	511	1614.755	1534.63	1574.6925
spe	511	489	1534.63	1174.55	1354.59
los	511	489	1534.63	1174.55	1354.59
spe	510	509	1468.305	1371.54	1419.9225
los	510	509	1468.305	1371.54	1419.9225
spe	492	GCF.900172325.1.Bacteria.Proteobacteria	1215.16	0.0	607.58
los	492	GCF.900172325.1.Bacteria.Proteobacteria	1215.16	0.0	607.58
spe	512	511	1614.755	1534.63	1574.6925
spe	489	GCA.002701885.1.Bacteria.Proteobacteria	1174.55	0.0	587.275
los	489	GCA.002701885.1.Bacteria.Proteobacteria	1174.55	0.0	587.275
spe	510	509	1468.305	1371.54	1419.9225
los	510	509	1468.305	1371.54	1419.9225
spe	492	GCF.002798435.1.Bacteria.Proteobacteria	1215.16	0.0	607.58
los	492	GCF.002798435.1.Bacteria.Proteobacteria	1215.16	0.0	607.58
hgt	738	737	2317.13	2105.695	2211.4125
hgt	None	dead	0.0	0.0	0.0
hgt	None	dead	0.0	0.0	0.0
los	None	dead	0.0	0.0	0.0
dup	738	737	2317.13	2105.695	2211.4125
spe	737	733	2105.695	1608.54	1857.1175
los	737	733	2105.695	1608.54	1857.1175
spe	736	GCA.003454665.1.Bacteria.Nitrospirota	1826.19	0.0	913.095
los	736	GCA.003454665.1.Bacteria.Nitrospirota	1826.19	0.0	913.095
spe	738	737	2317.13	2105.695	2211.4125
spe	736	GCA.001803795.1.Bacteria.Nitrospirota	1826.19	0.0	913.095
los	736	GCA.001803795.1.Bacteria.Nitrospirota	1826.19	0.0	913.095
spe	737	733	2105.695	1608.54	1857.1175
spe	732	GCA.002011735.1.Bacteria.Nitrospirota	1363.035	0.0	681.5175
los	732	GCA.002011735.1.Bacteria.Nitrospirota	1363.035	0.0	681.5175
hgt	251	250	2026.765	1882.555	1954.66
hgt	1258	GCA.003527145.1.Bacteria.Firmicutes.A	1529.515	0.0	764.7575
hgt	1029	GCA.001777915.1.Bacteria.Edwardsbacteria	2028.8	0.0	1014.4
hgt	None	dead	0.0	0.0	0.0
hgt	None	dead	0.0	0.0	0.0
los	None	dead	0.0	0.0	0.0
spe	251	250	2026.765	1882.555	1954.66
spe	236	GCA.001800495.1.Bacteria.Elusimicrobiota	1711.295	0.0	855.6475
los	236	GCA.001800495.1.Bacteria.Elusimicrobiota	1711.295	0.0	855.6475
spe	249	248	1761.99	1175.891	1468.9405
los	249	248	1761.99	1175.891	1468.9405
spe	245	244	1672.99	1459.21	1566.1
los	245	244	1672.99	1459.21	1566.1
spe	241	239	1514.78	1416.94	1465.86
los	241	239	1514.78	1416.94	1465.86
spe	1725	1724	3726.035	3611.965	3669.0
los	1725	1724	3726.035	3611.965	3669.0
spe	1393	1129	3573.7	3300.21	3436.955
los	1393	1129	3573.7	3300.21	3436.955
spe	1393	1392	3573.7	3456.59	3515.145
spe	1391	1211	3155.64	2902.885	3029.2625
los	1391	1211	3155.64	2902.885	3029.2625
spe	1391	1390	3155.64	3037.655	3096.6475
spe	1389	1237	2954.69	2499.645	2727.1675
los	1389	1237	2954.69	2499.645	2727.1675
spe	1389	1388	2954.69	2796.04	2875.365
spe	1388	1387	2796.04	2728.885	2762.4625
spe	1387	1327	2728.885	2593.555	2661.22
spe	1326	1292	2394.985	1918.11	2156.5475
los	1326	1292	2394.985	1918.11	2156.5475
spe	1325	1297	2206.925	1941.385	2074.155
los	1325	1297	2206.925	1941.385	2074.155
spe	1324	1308	2099.855	1873.47	1986.6625
los	1324	1308	2099.855	1873.47	1986.6625
spe	1324	1323	2099.855	2012.64	2056.2475
spe	1322	GCA.001512665.1.Bacteria.Firmicutes.B	1664.355	0.0	832.1775
los	1322	GCA.001512665.1.Bacteria.Firmicutes.B	1664.355	0.0	832.1775
spe	1319	GCF.900100785.1.Bacteria.Firmicutes.B	1887.42	0.0	943.71
los	1319	GCF.900100785.1.Bacteria.Firmicutes.B	1887.42	0.0	943.71
spe	1318	1312	1776.335	1489.285	1632.81
los	1318	1312	1776.335	1489.285	1632.81
spe	1317	1315	1176.776	994.8405	1085.80825
los	1317	1315	1176.776	994.8405	1085.80825
hgt	1327	1289	2593.555	2267.365	2430.46
los	1327	1289	2593.555	2267.365	2430.46
spe	1070	1069	2441.355	2029.205	2235.28
spe	1068	GCA.002877955.1.Bacteria.Caldisericota	1762.385	0.0	881.1925
los	1068	GCA.002877955.1.Bacteria.Caldisericota	1762.385	0.0	881.1925
spe	1386	1330	2546.81	1974.4	2260.605
los	1386	1330	2546.81	1974.4	2260.605
spe	1385	1333	2448.17	2067.36	2257.765
los	1385	1333	2448.17	2067.36	2257.765
spe	1384	1338	2016.48	1582.81	1799.645
los	1384	1338	2016.48	1582.81	1799.645
spe	1383	1341	1891.44	1532.885	1712.1625
los	1383	1341	1891.44	1532.885	1712.1625
spe	1382	1344	1778.165	1496.385	1637.275
los	1382	1344	1778.165	1496.385	1637.275
dup	1382	1381	1778.165	1661.335	1719.75
spe	1381	1380	1661.335	1558.37	1609.8525
los	1381	1380	1661.335	1558.37	1609.8525
spe	1381	1351	1661.335	1566.59	1613.9625
spe	1347	GCF.900099895.1.Bacteria.Firmicutes	1266.54	0.0	633.27
los	1347	GCF.900099895.1.Bacteria.Firmicutes	1266.54	0.0	633.27
spe	1350	GCF.000942395.1.Bacteria.Firmicutes	1380.55	0.0	690.275
los	1350	GCF.000942395.1.Bacteria.Firmicutes	1380.55	0.0	690.275
spe	1382	1381	1778.165	1661.335	1719.75
spe	1351	1350	1566.59	1380.55	1473.57
los	1351	1350	1566.59	1380.55	1473.57
spe	1347	GCF.001561915.1.Bacteria.Firmicutes	1266.54	0.0	633.27
los	1347	GCF.001561915.1.Bacteria.Firmicutes	1266.54	0.0	633.27
spe	1380	GCF.001049895.1.Bacteria.Firmicutes	1558.37	0.0	779.185
los	1380	GCF.001049895.1.Bacteria.Firmicutes	1558.37	0.0	779.185
spe	1379	1378	1484.04	1182.795	1333.4175
los	1379	1378	1484.04	1182.795	1333.4175
spe	1379	1355	1484.04	1246.46	1365.25
spe	1274	1240	2556.69	2176.58	2366.635
los	1274	1240	2556.69	2176.58	2366.635
spe	1273	GCF.000166335.1.Bacteria.Firmicutes.A	2327.63	0.0	1163.815
los	1273	GCF.000166335.1.Bacteria.Firmicutes.A	2327.63	0.0	1163.815
spe	1272	1246	2162.05	1810.695	1986.3725
los	1272	1246	2162.05	1810.695	1986.3725
spe	1272	1271	2162.05	1864.085	2013.0675
spe	1270	1264	1672.825	1373.43	1523.1275
los	1270	1264	1672.825	1373.43	1523.1275
spe	1269	1268	1505.09	1268.035	1386.5625
los	1269	1268	1505.09	1268.035	1386.5625
spe	1259	1258	1790.12	1529.515	1659.8175
los	1259	1258	1790.12	1529.515	1659.8175
spe	1253	GCF.900142265.1.Bacteria.Firmicutes.A	1647.265	0.0	823.6325
los	1253	GCF.900142265.1.Bacteria.Firmicutes.A	1647.265	0.0	823.6325
spe	1253	1252	1647.265	1454.05	1550.6575
hgt	1269	GCF.002252565.1.Bacteria.Firmicutes.A	1505.09	0.0	752.545
spe	1252	1251	1454.05	1274.235	1364.1425
hgt	1251	GCA.002478485.1.Bacteria.Firmicutes.A	1274.235	0.0	637.1175
los	1251	GCA.002478485.1.Bacteria.Firmicutes.A	1274.235	0.0	637.1175
spe	1390	1218	3037.655	2844.535	2941.095
hgt	1218	GCA.001513125.1.Bacteria.DTU030	2844.535	0.0	1422.2675
los	1218	GCA.001513125.1.Bacteria.DTU030	2844.535	0.0	1422.2675
spe	1216	1215	2236.855	1553.665	1895.26
los	1216	1215	2236.855	1553.665	1895.26
spe	1392	1188	3456.59	3093.335	3274.9625
spe	1187	1133	3023.46	2425.095	2724.2775
los	1187	1133	3023.46	2425.095	2724.2775
spe	1186	1185	2887.55	2722.52	2805.035
los	1186	1185	2887.55	2722.52	2805.035
spe	1136	GCA.001768645.1.Bacteria.Actinobacteriota	2343.38	0.0	1171.69
los	1136	GCA.001768645.1.Bacteria.Actinobacteriota	2343.38	0.0	1171.69
hgt	1188	GCA.002779205.1.Bacteria.Actinobacteriota	3093.335	0.0	1546.6675
los	1188	GCA.002779205.1.Bacteria.Actinobacteriota	3093.335	0.0	1546.6675
spe	178	177	3099.385	2898.43	2998.9075
spe	95	39	2719.62	2491.15	2605.385
los	95	39	2719.62	2491.15	2605.385
spe	94	93	2684.395	2518.68	2601.5375
los	94	93	2684.395	2518.68	2601.5375
spe	42	GCA.002502135.1.Archaea.Undinarchaeota	2229.015	0.0	1114.5075
los	42	GCA.002502135.1.Archaea.Undinarchaeota	2229.015	0.0	1114.5075
spe	177	176	2898.43	2700.395	2799.4125
spe	140	GCF.000019605.1.Archaea.Thermoproteota	2557.41	0.0	1278.705
los	140	GCF.000019605.1.Archaea.Thermoproteota	2557.41	0.0	1278.705
spe	140	139	2557.41	2461.325	2509.3675
spe	109	103	2207.27	1834.935	2021.1025
los	109	103	2207.27	1834.935	2021.1025
spe	108	GCF.000148385.1.Archaea.Thermoproteota	1901.755	0.0	950.8775
los	108	GCF.000148385.1.Archaea.Thermoproteota	1901.755	0.0	950.8775
spe	107	GCA.003019535.1.Archaea.Thermoproteota	1609.36	0.0	804.68
los	107	GCA.003019535.1.Archaea.Thermoproteota	1609.36	0.0	804.68
spe	138	137	2340.985	2115.72	2228.3525
los	138	137	2340.985	2115.72	2228.3525
spe	124	GCA.002495485.1.Archaea.Thermoproteota	2144.515	0.0	1072.2575
los	124	GCA.002495485.1.Archaea.Thermoproteota	2144.515	0.0	1072.2575
spe	123	113	2043.585	1818.745	1931.165
los	123	113	2043.585	1818.745	1931.165
spe	122	118	1894.935	1695.4	1795.1675
los	122	118	1894.935	1695.4	1795.1675
spe	121	GCA.001273335.1.Archaea.Thermoproteota	1500.96	0.0	750.48
los	121	GCA.001273335.1.Archaea.Thermoproteota	1500.96	0.0	750.48
spe	176	175	2700.395	2596.565	2648.48
spe	143	GCA.001563325.1.Archaea.Asgardarchaeota	2114.17	0.0	1057.085
los	143	GCA.001563325.1.Archaea.Asgardarchaeota	2114.17	0.0	1057.085
spe	174	173	2507.51	2412.845	2460.1775
los	174	173	2507.51	2412.845	2460.1775
