event	left_node	right_node	left_date	right_date	midpoint_date
spe	902	901	3336.1	3242.11	3289.105
spe	901	900	3242.11	3113.87	3177.99
hgt	None	dead	0.0	0.0	0.0
los	900	716	3113.87	2685.38	2899.625
hgt	None	dead	0.0	0.0	0.0
los	None	dead	0.0	0.0	0.0
spe	900	899	3113.87	3007.825	3060.8475
spe	899	743	3007.825	2880.765	2944.295
hgt	743	721	2880.765	2605.855	2743.31
los	743	721	2880.765	2605.855	2743.31
spe	742	741	2637.165	2052.975	2345.07
los	742	741	2637.165	2052.975	2345.07
spe	738	728	2317.13	1980.89	2149.01
los	738	728	2317.13	1980.89	2149.01
spe	737	733	2105.695	1608.54	1857.1175
los	737	733	2105.695	1608.54	1857.1175
spe	736	GCA.003454665.1.Bacteria.Nitrospirota	1826.19	0.0	913.095
los	736	GCA.003454665.1.Bacteria.Nitrospirota	1826.19	0.0	913.095
spe	898	756	2936.14	2563.145	2749.6425
los	898	756	2936.14	2563.145	2749.6425
spe	898	897	2936.14	2852.85	2894.495
spe	896	895	2619.11	2183.84	2401.475
los	896	895	2619.11	2183.84	2401.475
spe	896	892	2619.11	2105.205	2362.1575
hgt	741	GCA.001771285.1.Bacteria.Methylomirabilota	2052.975	0.0	1026.4875
hgt	753	GCA.001803565.1.Bacteria.Nitrospinota.B	2050.24	0.0	1025.12
hgt	807	GCA.002789955.1.Bacteria.Myxococcota	1480.85	0.0	740.425
spe	889	843	2620.3	2513.665	2566.9825
los	889	843	2620.3	2513.665	2566.9825
spe	889	888	2620.3	2447.185	2533.7425
spe	854	853	2279.15	2005.945	2142.5475
los	854	853	2279.15	2005.945	2142.5475
spe	850	846	2241.395	1968.67	2105.0325
los	850	846	2241.395	1968.67	2105.0325
spe	849	GCA.001896555.1.Bacteria.Desulfobacterota	1883.095	0.0	941.5475
los	849	GCA.001896555.1.Bacteria.Desulfobacterota	1883.095	0.0	941.5475
spe	887	863	2263.805	2054.51	2159.1575
los	887	863	2263.805	2054.51	2159.1575
spe	886	885	1999.475	1880.5	1939.9875
los	886	885	1999.475	1880.5	1939.9875
spe	874	868	1902.135	1695.53	1798.8325
los	874	868	1902.135	1695.53	1798.8325
spe	873	GCA.002011835.1.Bacteria.Desulfobacterota	1746.56	0.0	873.28
los	873	GCA.002011835.1.Bacteria.Desulfobacterota	1746.56	0.0	873.28
spe	871	GCA.002899795.1.Bacteria.Desulfobacterota	1489.29	0.0	744.645
los	871	GCA.002899795.1.Bacteria.Desulfobacterota	1489.29	0.0	744.645
spe	663	662	3154.255	3076.16	3115.2075
los	663	662	3154.255	3076.16	3115.2075
spe	663	397	3154.255	2952.9	3053.5775
spe	397	396	2952.9	2591.83	2772.365
hgt	None	dead	0.0	0.0	0.0
hgt	None	dead	0.0	0.0	0.0
los	None	dead	0.0	0.0	0.0
hgt	1322	GCA.000961765.1.Bacteria.Firmicutes.B	1664.355	0.0	832.1775
hgt	None	dead	0.0	0.0	0.0
los	396	395	2591.83	1495.105	2043.4675
hgt	None	dead	0.0	0.0	0.0
los	None	dead	0.0	0.0	0.0
hgt	1228	GCA.003023725.1.Bacteria.Firmicutes.E	2160.575	0.0	1080.2875
hgt	None	dead	0.0	0.0	0.0
dup	None	dead	0.0	0.0	0.0
hgt	None	dead	0.0	0.0	0.0
los	None	dead	0.0	0.0	0.0
hgt	None	dead	0.0	0.0	0.0
los	None	dead	0.0	0.0	0.0
hgt	1382	1381	1778.165	1661.335	1719.75
spe	1382	1381	1778.165	1661.335	1719.75
spe	1380	1379	1558.37	1484.04	1521.205
los	1380	1379	1558.37	1484.04	1521.205
spe	1351	1350	1566.59	1380.55	1473.57
los	1351	1350	1566.59	1380.55	1473.57
spe	1347	GCF.900099895.1.Bacteria.Firmicutes	1266.54	0.0	633.27
los	1347	GCF.900099895.1.Bacteria.Firmicutes	1266.54	0.0	633.27
dup	1228	GCA.003023725.1.Bacteria.Firmicutes.E	2160.575	0.0	1080.2875
hgt	1326	1325	2394.985	2206.925	2300.955
hgt	1326	1325	2394.985	2206.925	2300.955
hgt	1440	GCF.001306175.1.Bacteria.Chloroflexota	1749.24	0.0	874.62
hgt	895	GCA.002897695.1.Bacteria.BMS3Abin14	2183.84	0.0	1091.92
spe	1326	1325	2394.985	2206.925	2300.955
spe	1325	1324	2206.925	2099.855	2153.39
spe	1323	1319	2012.64	1887.42	1950.03
los	1323	1319	2012.64	1887.42	1950.03
spe	1322	GCA.001512665.1.Bacteria.Firmicutes.B	1664.355	0.0	832.1775
los	1322	GCA.001512665.1.Bacteria.Firmicutes.B	1664.355	0.0	832.1775
hgt	None	dead	0.0	0.0	0.0
los	1324	1308	2099.855	1873.47	1986.6625
hgt	None	dead	0.0	0.0	0.0
los	None	dead	0.0	0.0	0.0
dup	1325	1297	2206.925	1941.385	2074.155
spe	1297	GCA.002329495.1.Bacteria.Firmicutes.B	1941.385	0.0	970.6925
los	1297	GCA.002329495.1.Bacteria.Firmicutes.B	1941.385	0.0	970.6925
spe	1296	GCA.001513545.1.Bacteria.Firmicutes.B	1757.76	0.0	878.88
los	1296	GCA.001513545.1.Bacteria.Firmicutes.B	1757.76	0.0	878.88
hgt	1476	1454	2705.185	2138.89	2422.0375
spe	1325	1297	2206.925	1941.385	2074.155
hgt	1109	GCA.002898895.1.Bacteria.Armatimonadota	2109.385	0.0	1054.6925
hgt	265	GCA.003290465.1.Bacteria.Sumerlaeota	1925.84	0.0	962.92
hgt	328	GCF.002277955.1.Bacteria.Planctomycetota	1796.445	0.0	898.2225
hgt	1297	GCA.002329495.1.Bacteria.Firmicutes.B	1941.385	0.0	970.6925
los	1297	GCA.002329495.1.Bacteria.Firmicutes.B	1941.385	0.0	970.6925
spe	1297	1296	1941.385	1757.76	1849.5725
hgt	216	GCA.001805575.1.Bacteria.Omnitrophota	1438.35	0.0	719.175
hgt	1296	GCA.001513545.1.Bacteria.Firmicutes.B	1757.76	0.0	878.88
los	1296	GCA.001513545.1.Bacteria.Firmicutes.B	1757.76	0.0	878.88
hgt	None	dead	0.0	0.0	0.0
hgt	None	dead	0.0	0.0	0.0
los	None	dead	0.0	0.0	0.0
spe	1476	1454	2705.185	2138.89	2422.0375
spe	1453	1452	2041.27	1560.03	1800.65
los	1453	1452	2041.27	1560.03	1800.65
spe	1449	GCA.002366595.1.Bacteria.Chloroflexota	1825.905	0.0	912.9525
los	1449	GCA.002366595.1.Bacteria.Chloroflexota	1825.905	0.0	912.9525
spe	1454	1446	2138.89	1892.56	2015.725
spe	1440	GCF.001306175.1.Bacteria.Chloroflexota	1749.24	0.0	874.62
los	1440	GCF.001306175.1.Bacteria.Chloroflexota	1749.24	0.0	874.62
spe	1439	1438	1503.92	1310.445	1407.1825
los	1439	1438	1503.92	1310.445	1407.1825
spe	1446	1445	1892.56	1683.66	1788.11
spe	1444	GCA.002366755.1.Bacteria.Chloroflexota	1493.995	0.0	746.9975
los	1444	GCA.002366755.1.Bacteria.Chloroflexota	1493.995	0.0	746.9975
spe	1326	1325	2394.985	2206.925	2300.955
spe	1325	1297	2206.925	1941.385	2074.155
hgt	1297	GCA.002329495.1.Bacteria.Firmicutes.B	1941.385	0.0	970.6925
los	1297	GCA.002329495.1.Bacteria.Firmicutes.B	1941.385	0.0	970.6925
spe	1296	GCA.001513545.1.Bacteria.Firmicutes.B	1757.76	0.0	878.88
los	1296	GCA.001513545.1.Bacteria.Firmicutes.B	1757.76	0.0	878.88
spe	1325	1324	2206.925	2099.855	2153.39
spe	1323	1319	2012.64	1887.42	1950.03
los	1323	1319	2012.64	1887.42	1950.03
spe	1322	GCA.001512665.1.Bacteria.Firmicutes.B	1664.355	0.0	832.1775
los	1322	GCA.001512665.1.Bacteria.Firmicutes.B	1664.355	0.0	832.1775
spe	1308	1300	1873.47	1522.13	1697.8
los	1308	1300	1873.47	1522.13	1697.8
spe	1308	1307	1873.47	1657.525	1765.4975
spe	1307	1305	1657.525	1479.61	1568.5675
hgt	1305	1304	1479.61	1181.512	1330.561
los	1305	1304	1479.61	1181.512	1330.561
