event	left_node	right_node	left_date	right_date	midpoint_date
spe	1094	1048	3702.045	3522.85	3612.4475
spe	278	262	3383.28	3129.85	3256.565
los	278	262	3383.28	3129.85	3256.565
spe	277	267	3121.045	2714.255	2917.65
los	277	267	3121.045	2714.255	2917.65
spe	276	275	3066.185	2803.71	2934.9475
los	276	275	3066.185	2803.71	2934.9475
spe	270	GCA.001567115.1.Bacteria.OLB16	2744.13	0.0	1372.065
los	270	GCA.001567115.1.Bacteria.OLB16	2744.13	0.0	1372.065
spe	1047	365	3506.08	3237.46	3371.77
los	1047	365	3506.08	3237.46	3371.77
spe	1047	1046	3506.08	3444.34	3475.21
spe	1046	1045	3444.34	3221.015	3332.6775
spe	1044	1043	2991.325	2909.195	2950.26
los	1044	1043	2991.325	2909.195	2950.26
spe	936	926	2805.55	2323.795	2564.6725
los	936	926	2805.55	2323.795	2564.6725
spe	935	934	2051.05	1939.26	1995.155
los	935	934	2051.05	1939.26	1995.155
hgt	None	dead	0.0	0.0	0.0
los	1045	921	3221.015	3032.55	3126.7825
hgt	None	dead	0.0	0.0	0.0
los	None	dead	0.0	0.0	0.0
spe	1046	902	3444.34	3336.1	3390.22
spe	390	389	3073.69	2696.585	2885.1375
los	390	389	3073.69	2696.585	2885.1375
spe	902	901	3336.1	3242.11	3289.105
spe	901	663	3242.11	3154.255	3198.1825
hgt	None	dead	0.0	0.0	0.0
los	663	397	3154.255	2952.9	3053.5775
hgt	None	dead	0.0	0.0	0.0
los	None	dead	0.0	0.0	0.0
spe	662	400	3076.16	2337.685	2706.9225
los	662	400	3076.16	2337.685	2706.9225
spe	661	655	3025.1	2961.955	2993.5275
los	661	655	3025.1	2961.955	2993.5275
spe	660	GCA.002395105.1.Bacteria.Proteobacteria	2520.845	0.0	1260.4225
los	660	GCA.002395105.1.Bacteria.Proteobacteria	2520.845	0.0	1260.4225
spe	659	GCA.000830255.1.Bacteria.Campylobacterota	1438.4	0.0	719.2
los	659	GCA.000830255.1.Bacteria.Campylobacterota	1438.4	0.0	719.2
spe	900	716	3113.87	2685.38	2899.625
los	900	716	3113.87	2685.38	2899.625
spe	900	899	3113.87	3007.825	3060.8475
spe	743	742	2880.765	2637.165	2758.965
los	743	742	2880.765	2637.165	2758.965
spe	721	720	2605.855	2294.32	2450.0875
los	721	720	2605.855	2294.32	2450.0875
hgt	1478	1477	3209.465	2951.08	3080.2725
spe	898	756	2936.14	2563.145	2749.6425
los	898	756	2936.14	2563.145	2749.6425
spe	897	896	2852.85	2619.11	2735.98
los	897	896	2852.85	2619.11	2735.98
spe	889	843	2620.3	2513.665	2566.9825
los	889	843	2620.3	2513.665	2566.9825
spe	888	854	2447.185	2279.15	2363.1675
los	888	854	2447.185	2279.15	2363.1675
spe	888	887	2447.185	2263.805	2355.495
spe	863	857	2054.51	1926.135	1990.3225
los	863	857	2054.51	1926.135	1990.3225
spe	862	GCA.002782605.1.Bacteria.Desulfobacterota	1719.125	0.0	859.5625
los	862	GCA.002782605.1.Bacteria.Desulfobacterota	1719.125	0.0	859.5625
spe	861	GCA.002327985.1.Bacteria.Desulfobacterota	1594.73	0.0	797.365
los	861	GCA.002327985.1.Bacteria.Desulfobacterota	1594.73	0.0	797.365
spe	886	874	1999.475	1902.135	1950.805
los	886	874	1999.475	1902.135	1950.805
spe	886	885	1999.475	1880.5	1939.9875
spe	884	880	1765.875	1499.355	1632.615
los	884	880	1765.875	1499.355	1632.615
spe	883	GCA.000961655.1.Bacteria.Desulfobacterota	1384.92	0.0	692.46
los	883	GCA.000961655.1.Bacteria.Desulfobacterota	1384.92	0.0	692.46
spe	877	GCA.001797675.1.Bacteria.Desulfobacterota	1769.305	0.0	884.6525
los	877	GCA.001797675.1.Bacteria.Desulfobacterota	1769.305	0.0	884.6525
spe	1478	1477	3209.465	2951.08	3080.2725
hgt	178	177	3099.385	2898.43	2998.9075
spe	1431	1430	2599.01	2141.86	2370.435
los	1431	1430	2599.01	2141.86	2370.435
spe	1427	1413	2362.135	2076.485	2219.31
los	1427	1413	2362.135	2076.485	2219.31
spe	1426	GCF.001953175.1.Bacteria.Chloroflexota	2179.07	0.0	1089.535
los	1426	GCF.001953175.1.Bacteria.Chloroflexota	2179.07	0.0	1089.535
spe	1425	GCA.003229915.1.Bacteria.Chloroflexota	1957.375	0.0	978.6875
los	1425	GCA.003229915.1.Bacteria.Chloroflexota	1957.375	0.0	978.6875
spe	1425	1424	1957.375	1821.17	1889.2725
spe	1422	GCA.003484395.1.Bacteria.Chloroflexota	1675.19	0.0	837.595
los	1422	GCA.003484395.1.Bacteria.Chloroflexota	1675.19	0.0	837.595
spe	1421	GCA.002347295.1.Bacteria.Chloroflexota	1634.78	0.0	817.39
los	1421	GCA.002347295.1.Bacteria.Chloroflexota	1634.78	0.0	817.39
spe	1419	GCA.002352365.1.Bacteria.Chloroflexota	1500.065	0.0	750.0325
los	1419	GCA.002352365.1.Bacteria.Chloroflexota	1500.065	0.0	750.0325
hgt	113	GCA.002255025.1.Archaea.Thermoproteota	1818.745	0.0	909.3725
hgt	None	dead	0.0	0.0	0.0
hgt	None	dead	0.0	0.0	0.0
los	None	dead	0.0	0.0	0.0
dup	178	177	3099.385	2898.43	2998.9075
spe	178	177	3099.385	2898.43	2998.9075
spe	177	176	2898.43	2700.395	2799.4125
hgt	176	175	2700.395	2596.565	2648.48
los	176	175	2700.395	2596.565	2648.48
spe	140	GCF.000019605.1.Archaea.Thermoproteota	2557.41	0.0	1278.705
los	140	GCF.000019605.1.Archaea.Thermoproteota	2557.41	0.0	1278.705
dup	140	139	2557.41	2461.325	2509.3675
hgt	None	dead	0.0	0.0	0.0
dup	None	dead	0.0	0.0	0.0
hgt	None	dead	0.0	0.0	0.0
los	None	dead	0.0	0.0	0.0
dup	None	dead	0.0	0.0	0.0
dup	None	dead	0.0	0.0	0.0
hgt	None	dead	0.0	0.0	0.0
los	None	dead	0.0	0.0	0.0
dup	None	dead	0.0	0.0	0.0
hgt	None	dead	0.0	0.0	0.0
los	None	dead	0.0	0.0	0.0
hgt	None	dead	0.0	0.0	0.0
los	None	dead	0.0	0.0	0.0
dup	None	dead	0.0	0.0	0.0
hgt	None	dead	0.0	0.0	0.0
los	None	dead	0.0	0.0	0.0
dup	None	dead	0.0	0.0	0.0
hgt	None	dead	0.0	0.0	0.0
los	None	dead	0.0	0.0	0.0
hgt	None	dead	0.0	0.0	0.0
los	None	dead	0.0	0.0	0.0
spe	140	139	2557.41	2461.325	2509.3675
spe	138	137	2340.985	2115.72	2228.3525
los	138	137	2340.985	2115.72	2228.3525
spe	124	123	2144.515	2043.585	2094.05
los	124	123	2144.515	2043.585	2094.05
spe	139	109	2461.325	2207.27	2334.2975
spe	108	GCF.000148385.1.Archaea.Thermoproteota	1901.755	0.0	950.8775
los	108	GCF.000148385.1.Archaea.Thermoproteota	1901.755	0.0	950.8775
spe	107	GCA.001717025.1.Archaea.Thermoproteota	1609.36	0.0	804.68
los	107	GCA.001717025.1.Archaea.Thermoproteota	1609.36	0.0	804.68
spe	103	GCA.002254745.1.Archaea.Thermoproteota	1834.935	0.0	917.4675
los	103	GCA.002254745.1.Archaea.Thermoproteota	1834.935	0.0	917.4675
spe	101	99	1617.2	1407.615	1512.4075
los	101	99	1617.2	1407.615	1512.4075
spe	140	139	2557.41	2461.325	2509.3675
hgt	None	dead	0.0	0.0	0.0
los	139	138	2461.325	2340.985	2401.155
hgt	None	dead	0.0	0.0	0.0
los	None	dead	0.0	0.0	0.0
spe	109	103	2207.27	1834.935	2021.1025
los	109	103	2207.27	1834.935	2021.1025
spe	108	107	1901.755	1609.36	1755.5575
los	108	107	1901.755	1609.36	1755.5575
dup	108	GCF.000148385.1.Archaea.Thermoproteota	1901.755	0.0	950.8775
hgt	68	GCA.002495185.1.Archaea.Thermoplasmatota	1652.035	0.0	826.0175
spe	177	95	2898.43	2719.62	2809.025
spe	94	42	2684.395	2229.015	2456.705
los	94	42	2684.395	2229.015	2456.705
spe	94	93	2684.395	2518.68	2601.5375
spe	92	70	2403.395	2001.665	2202.53
los	92	70	2403.395	2001.665	2202.53
spe	92	91	2403.395	2116.885	2260.14
spe	91	90	2116.885	1918.545	2017.715
spe	74	GCA.002011165.1.Archaea.Halobacteriota	1703.245	0.0	851.6225
los	74	GCA.002011165.1.Archaea.Halobacteriota	1703.245	0.0	851.6225
spe	90	89	1918.545	1761.97	1840.2575
spe	77	GCA.003194435.1.Archaea.Halobacteriota	1438.885	0.0	719.4425
los	77	GCA.003194435.1.Archaea.Halobacteriota	1438.885	0.0	719.4425
hgt	89	88	1761.97	1623.18	1692.575
los	89	88	1761.97	1623.18	1692.575
spe	32	26	2666.455	482.601	1574.528
spe	95	39	2719.62	2491.15	2605.385
spe	35	GCF.002201895.1.Archaea.Euryarchaeota	2226.53	0.0	1113.265
los	35	GCF.002201895.1.Archaea.Euryarchaeota	2226.53	0.0	1113.265
hgt	None	dead	0.0	0.0	0.0
los	39	38	2491.15	2097.27	2294.21
hgt	None	dead	0.0	0.0	0.0
los	None	dead	0.0	0.0	0.0
dup	86	GCA.001412335.1.Archaea.Halobacteriota	1362.965	0.0	681.4825
hgt	1444	GCA.002366755.1.Bacteria.Chloroflexota	1493.995	0.0	746.9975
hgt	905	GCA.001412425.1.Bacteria.Cloacimonadota	1976.35	0.0	988.175
hgt	107	GCA.001717025.1.Archaea.Thermoproteota	1609.36	0.0	804.68
hgt	1452	GCA.002423325.1.Bacteria.Chloroflexota	1560.03	0.0	780.015
hgt	77	GCA.003194435.1.Archaea.Halobacteriota	1438.885	0.0	719.4425
hgt	None	dead	0.0	0.0	0.0
hgt	None	dead	0.0	0.0	0.0
los	None	dead	0.0	0.0	0.0
spe	178	177	3099.385	2898.43	2998.9075
spe	177	95	2898.43	2719.62	2809.025
spe	39	35	2491.15	2226.53	2358.84
los	39	35	2491.15	2226.53	2358.84
spe	38	GCA.001515205.2.Archaea.Hadarchaeota	2097.27	0.0	1048.635
los	38	GCA.001515205.2.Archaea.Hadarchaeota	2097.27	0.0	1048.635
spe	95	94	2719.62	2684.395	2702.0075
hgt	94	42	2684.395	2229.015	2456.705
los	94	42	2684.395	2229.015	2456.705
spe	93	GCF.000025525.1.Archaea.Methanobacteriota.A	2518.68	0.0	1259.34
los	93	GCF.000025525.1.Archaea.Methanobacteriota.A	2518.68	0.0	1259.34
spe	92	70	2403.395	2001.665	2202.53
los	92	70	2403.395	2001.665	2202.53
spe	91	GCA.003034855.1.Archaea.Halobacteriota	2116.885	0.0	1058.4425
los	91	GCA.003034855.1.Archaea.Halobacteriota	2116.885	0.0	1058.4425
spe	90	89	1918.545	1761.97	1840.2575
los	90	89	1918.545	1761.97	1840.2575
spe	74	GCF.000194625.1.Archaea.Halobacteriota	1703.245	0.0	851.6225
los	74	GCF.000194625.1.Archaea.Halobacteriota	1703.245	0.0	851.6225
spe	176	175	2700.395	2596.565	2648.48
los	176	175	2700.395	2596.565	2648.48
spe	176	140	2700.395	2557.41	2628.9025
spe	139	109	2461.325	2207.27	2334.2975
los	139	109	2461.325	2207.27	2334.2975
spe	138	124	2340.985	2144.515	2242.75
los	138	124	2340.985	2144.515	2242.75
spe	137	136	2115.72	1983.8	2049.76
los	137	136	2115.72	1983.8	2049.76
spe	1477	1476	2951.08	2705.185	2828.1325
spe	1476	1454	2705.185	2138.89	2422.0375
spe	1453	1452	2041.27	1560.03	1800.65
los	1453	1452	2041.27	1560.03	1800.65
spe	1449	GCA.002400365.1.Bacteria.Chloroflexota	1825.905	0.0	912.9525
los	1449	GCA.002400365.1.Bacteria.Chloroflexota	1825.905	0.0	912.9525
spe	1446	1440	1892.56	1749.24	1820.9
los	1446	1440	1892.56	1749.24	1820.9
spe	1445	GCA.003130875.1.Bacteria.Chloroflexota	1683.66	0.0	841.83
los	1445	GCA.003130875.1.Bacteria.Chloroflexota	1683.66	0.0	841.83
spe	1444	GCA.003451595.1.Bacteria.Chloroflexota	1493.995	0.0	746.9975
los	1444	GCA.003451595.1.Bacteria.Chloroflexota	1493.995	0.0	746.9975
hgt	1476	1475	2705.185	2571.35	2638.2675
los	1476	1475	2705.185	2571.35	2638.2675
spe	1387	1327	2728.885	2593.555	2661.22
spe	1289	GCA.002345475.1.Bacteria.Firmicutes.H	2267.365	0.0	1133.6825
los	1289	GCA.002345475.1.Bacteria.Firmicutes.H	2267.365	0.0	1133.6825
spe	1288	GCA.002411145.1.Bacteria.Firmicutes.C	1693.72	0.0	846.86
los	1288	GCA.002411145.1.Bacteria.Firmicutes.C	1693.72	0.0	846.86
spe	1287	GCA.002329525.1.Bacteria.Firmicutes.C	1417.98	0.0	708.99
los	1287	GCA.002329525.1.Bacteria.Firmicutes.C	1417.98	0.0	708.99
spe	1285	1284	1310.93	1020.5295	1165.72975
los	1285	1284	1310.93	1020.5295	1165.72975
spe	1281	1280	1090.0515	922.663	1006.35725
los	1281	1280	1090.0515	922.663	1006.35725
dup	1281	GCF.002257705.1.Bacteria.Firmicutes.C	1090.0515	0.0	545.02575
hgt	1133	GCA.002366545.1.Bacteria.Actinobacteriota	2425.095	0.0	1212.5475
spe	1327	1326	2593.555	2394.985	2494.27
spe	1325	1297	2206.925	1941.385	2074.155
los	1325	1297	2206.925	1941.385	2074.155
spe	1324	1308	2099.855	1873.47	1986.6625
los	1324	1308	2099.855	1873.47	1986.6625
spe	1323	1322	2012.64	1664.355	1838.4975
los	1323	1322	2012.64	1664.355	1838.4975
spe	1323	1319	2012.64	1887.42	1950.03
spe	1318	1317	1776.335	1176.776	1476.5555
los	1318	1317	1776.335	1176.776	1476.5555
spe	1312	GCF.000019165.1.Bacteria.Firmicutes.B	1489.285	0.0	744.6425
los	1312	GCF.000019165.1.Bacteria.Firmicutes.B	1489.285	0.0	744.6425
spe	1326	1292	2394.985	1918.11	2156.5475
hgt	1292	GCF.001950325.1.Bacteria.Firmicutes.B	1918.11	0.0	959.055
los	1292	GCF.001950325.1.Bacteria.Firmicutes.B	1918.11	0.0	959.055
dup	216	GCA.001805575.1.Bacteria.Omnitrophota	1438.35	0.0	719.175
