event	left_node	right_node	left_date	right_date	midpoint_date
spe	1727	1726	3794.005	3776.22	3785.1125
spe	1094	1093	3702.045	3523.93	3612.9875
los	1094	1093	3702.045	3523.93	3612.9875
spe	1094	1048	3702.045	3522.85	3612.4475
spe	278	262	3383.28	3129.85	3256.565
los	278	262	3383.28	3129.85	3256.565
spe	277	276	3121.045	3066.185	3093.615
los	277	276	3121.045	3066.185	3093.615
spe	267	GCA.002428325.1.Bacteria.UBP4	2714.255	0.0	1357.1275
los	267	GCA.002428325.1.Bacteria.UBP4	2714.255	0.0	1357.1275
spe	265	GCA.003501375.1.Bacteria.Sumerlaeota	1925.84	0.0	962.92
los	265	GCA.003501375.1.Bacteria.Sumerlaeota	1925.84	0.0	962.92
spe	1048	1047	3522.85	3506.08	3514.465
hgt	None	dead	0.0	0.0	0.0
los	1047	365	3506.08	3237.46	3371.77
hgt	None	dead	0.0	0.0	0.0
los	None	dead	0.0	0.0	0.0
spe	713	712	2232.07	2029.595	2130.8325
spe	711	709	1840.1	1543.01	1691.555
los	711	709	1840.1	1543.01	1691.555
spe	712	706	2029.595	1754.72	1892.1575
hgt	706	GCA.002327305.1.Bacteria.Acidobacteriota	1754.72	0.0	877.36
los	706	GCA.002327305.1.Bacteria.Acidobacteriota	1754.72	0.0	877.36
spe	706	704	1754.72	1564.51	1659.615
hgt	704	GCA.003133645.1.Bacteria.Acidobacteriota	1564.51	0.0	782.255
los	704	GCA.003133645.1.Bacteria.Acidobacteriota	1564.51	0.0	782.255
spe	704	702	1564.51	1307.095	1435.8025
hgt	702	GCA.003152095.1.Bacteria.Acidobacteriota	1307.095	0.0	653.5475
los	702	GCA.003152095.1.Bacteria.Acidobacteriota	1307.095	0.0	653.5475
spe	1046	902	3444.34	3336.1	3390.22
los	1046	902	3444.34	3336.1	3390.22
spe	1045	921	3221.015	3032.55	3126.7825
los	1045	921	3221.015	3032.55	3126.7825
spe	1045	1044	3221.015	2991.325	3106.17
spe	936	935	2805.55	2051.05	2428.3
los	936	935	2805.55	2051.05	2428.3
spe	926	GCA.001780825.1.Bacteria.Gemmatimonadota	2323.795	0.0	1161.8975
los	926	GCA.001780825.1.Bacteria.Gemmatimonadota	2323.795	0.0	1161.8975
spe	926	924	2323.795	1818.875	2071.335
dup	924	GCA.003221825.1.Bacteria.Gemmatimonadota	1818.875	0.0	909.4375
spe	1043	1011	2909.195	2725.725	2817.46
los	1043	1011	2909.195	2725.725	2817.46
spe	1043	1042	2909.195	2781.98	2845.5875
spe	1022	1016	2556.01	2340.795	2448.4025
los	1022	1016	2556.01	2340.795	2448.4025
spe	1021	1020	2172.51	1596.025	1884.2675
los	1021	1020	2172.51	1596.025	1884.2675
spe	1042	1041	2781.98	2636.74	2709.36
hgt	None	dead	0.0	0.0	0.0
hgt	None	dead	0.0	0.0	0.0
los	None	dead	0.0	0.0	0.0
hgt	1041	1040	2636.74	2510.83	2573.785
los	1041	1040	2636.74	2510.83	2573.785
spe	1113	1109	2538.735	2109.385	2324.06
spe	1108	GCA.002431715.1.Bacteria.Armatimonadota	1755.285	0.0	877.6425
los	1108	GCA.002431715.1.Bacteria.Armatimonadota	1755.285	0.0	877.6425
spe	1106	GCA.003134215.1.Bacteria.Armatimonadota	1625.995	0.0	812.9975
los	1106	GCA.003134215.1.Bacteria.Armatimonadota	1625.995	0.0	812.9975
hgt	1720	1719	2612.48	2501.03	2556.755
hgt	None	dead	0.0	0.0	0.0
hgt	None	dead	0.0	0.0	0.0
los	None	dead	0.0	0.0	0.0
spe	1169	1168	2330.49	2240.195	2285.3425
spe	1148	GCA.003021615.1.Bacteria.Actinobacteriota	1798.435	0.0	899.2175
los	1148	GCA.003021615.1.Bacteria.Actinobacteriota	1798.435	0.0	899.2175
spe	1167	GCA.002413185.1.Bacteria.Actinobacteriota	2045.68	0.0	1022.84
los	1167	GCA.002413185.1.Bacteria.Actinobacteriota	2045.68	0.0	1022.84
spe	1167	1166	2045.68	1407.48	1726.58
dup	1166	1165	1407.48	1265.28	1336.38
spe	1166	1165	1407.48	1265.28	1336.38
spe	1164	1163	1123.5635	951.694	1037.62875
los	1164	1163	1123.5635	951.694	1037.62875
spe	1160	1158	971.4955	864.931	918.21325
los	1160	1158	971.4955	864.931	918.21325
spe	1155	1154	1138.4215	863.8915	1001.1565
los	1155	1154	1138.4215	863.8915	1001.1565
spe	1166	1165	1407.48	1265.28	1336.38
spe	1155	GCF.003443735.1.Bacteria.Actinobacteriota	1138.4215	0.0	569.21075
los	1155	GCF.003443735.1.Bacteria.Actinobacteriota	1138.4215	0.0	569.21075
spe	1154	GCF.001591405.1.Bacteria.Actinobacteria	863.8915	0.0	431.94575
los	1154	GCF.001591405.1.Bacteria.Actinobacteria	863.8915	0.0	431.94575
spe	1165	1164	1265.28	1123.5635	1194.42175
spe	1163	GCA.001437855.1.Bacteria.Actinobacteriota	951.694	0.0	475.847
los	1163	GCA.001437855.1.Bacteria.Actinobacteriota	951.694	0.0	475.847
spe	1160	GCF.000015025.1.Bacteria.Actinobacteriota	971.4955	0.0	485.74775
los	1160	GCF.000015025.1.Bacteria.Actinobacteriota	971.4955	0.0	485.74775
spe	1160	1158	971.4955	864.931	918.21325
hgt	None	dead	0.0	0.0	0.0
hgt	None	dead	0.0	0.0	0.0
los	None	dead	0.0	0.0	0.0
hgt	None	dead	0.0	0.0	0.0
hgt	None	dead	0.0	0.0	0.0
hgt	None	dead	0.0	0.0	0.0
los	None	dead	0.0	0.0	0.0
spe	840	839	2131.765	2043.565	2087.665
spe	838	837	1875.06	1589.61	1732.335
los	838	837	1875.06	1589.61	1732.335
spe	834	GCA.001798605.1.Bacteria.Myxococcota	1804.155	0.0	902.0775
los	834	GCA.001798605.1.Bacteria.Myxococcota	1804.155	0.0	902.0775
spe	832	GCA.002696345.1.Bacteria.Myxococcota	1570.54	0.0	785.27
los	832	GCA.002696345.1.Bacteria.Myxococcota	1570.54	0.0	785.27
spe	829	828	1996.235	1753.18	1874.7075
los	829	828	1996.235	1753.18	1874.7075
spe	829	817	1996.235	1842.425	1919.33
spe	816	GCA.002724675.1.Bacteria.Myxococcota.A	1315.445	0.0	657.7225
los	816	GCA.002724675.1.Bacteria.Myxococcota.A	1315.445	0.0	657.7225
spe	813	807	1701.895	1480.85	1591.3725
los	813	807	1701.895	1480.85	1591.3725
spe	812	GCA.002863065.1.Bacteria.Myxococcota	1577.595	0.0	788.7975
los	812	GCA.002863065.1.Bacteria.Myxococcota	1577.595	0.0	788.7975
spe	811	GCA.002726535.1.Bacteria.Myxococcota	1395.975	0.0	697.9875
los	811	GCA.002726535.1.Bacteria.Myxococcota	1395.975	0.0	697.9875
spe	1720	1719	2612.48	2501.03	2556.755
spe	1719	1718	2501.03	2361.38	2431.205
spe	1717	1716	2144.885	1743.295	1944.09
los	1717	1716	2144.885	1743.295	1944.09
spe	1704	1672	2246.435	1997.32	2121.8775
los	1704	1672	2246.435	1997.32	2121.8775
spe	1704	1703	2246.435	2154.635	2200.535
spe	1703	1679	2154.635	1817.625	1986.13
spe	1678	1676	881.825	239.787	560.806
los	1678	1676	881.825	239.787	560.806
spe	1703	1702	2154.635	2080.605	2117.62
spe	1702	1701	2080.605	2039.37	2059.9875
spe	1701	1685	2039.37	1871.67	1955.52
spe	1684	GCA.001698445.1.Bacteria.Cyanobacteria	1655.535	0.0	827.7675
los	1684	GCA.001698445.1.Bacteria.Cyanobacteria	1655.535	0.0	827.7675
dup	1701	1700	2039.37	1958.955	1999.1625
spe	1700	1688	1958.955	1633.475	1796.215
los	1700	1688	1958.955	1633.475	1796.215
spe	1699	GCF.000317045.1.Bacteria.Cyanobacteria	1903.47	0.0	951.735
los	1699	GCF.000317045.1.Bacteria.Cyanobacteria	1903.47	0.0	951.735
spe	1698	1692	1614.69	177.05465	895.87233
los	1698	1692	1614.69	177.05465	895.87233
spe	1698	1697	1614.69	1292.96	1453.825
spe	1695	Nostoc.sp.PCC7120	877.811	0.0	438.9055
los	1695	Nostoc.sp.PCC7120	877.811	0.0	438.9055
spe	1701	1700	2039.37	1958.955	1999.1625
spe	1700	1699	1958.955	1903.47	1931.2125
hgt	1699	1698	1903.47	1614.69	1759.08
los	1699	1698	1903.47	1614.69	1759.08
spe	1700	1688	1958.955	1633.475	1796.215
hgt	1672	GCF.002251945.1.Bacteria.Cyanobacteria	1997.32	0.0	998.66
hgt	None	dead	0.0	0.0	0.0
los	None	dead	0.0	0.0	0.0
spe	168	160	1203.215	1138.49	1170.8525
spe	160	159	1138.49	1074.125	1106.3075
hgt	159	GCF.000091205.1.Eukaryota.Rhodophyta	1074.125	0.0	537.0625
los	159	GCF.000091205.1.Eukaryota.Rhodophyta	1074.125	0.0	537.0625
hgt	1709	Chloroplast.Rhodophyta.Gracilariopsis.lemaneiformis	1119.082	0.0	559.541
hgt	961	GCA.001769385.1.Bacteria.Bacteroidota	648.9575	0.0	324.47875
hgt	930	GCA.002449765.1.Bacteria.Fibrobacterota	1384.095	0.0	692.0475
hgt	775	GCA.001797335.1.Bacteria.Bdellovibrionota.E	1808.405	0.0	904.2025
hgt	966	GCA.003167015.1.Bacteria.Bacteroidota	1413.085	0.0	706.5425
spe	1726	1725	3776.22	3726.035	3751.1275
hgt	None	dead	0.0	0.0	0.0
hgt	None	dead	0.0	0.0	0.0
los	None	dead	0.0	0.0	0.0
spe	1725	1724	3726.035	3611.965	3669.0
spe	1724	1642	3611.965	3511.74	3561.8525
hgt	None	dead	0.0	0.0	0.0
hgt	None	dead	0.0	0.0	0.0
los	None	dead	0.0	0.0	0.0
hgt	None	dead	0.0	0.0	0.0
los	1642	1641	3511.74	3146.265	3329.0025
hgt	None	dead	0.0	0.0	0.0
los	None	dead	0.0	0.0	0.0
hgt	None	dead	0.0	0.0	0.0
hgt	None	dead	0.0	0.0	0.0
los	None	dead	0.0	0.0	0.0
hgt	None	dead	0.0	0.0	0.0
hgt	None	dead	0.0	0.0	0.0
los	None	dead	0.0	0.0	0.0
spe	829	828	1996.235	1753.18	1874.7075
spe	828	827	1753.18	1632.18	1692.68
spe	826	GCA.002747355.1.Bacteria.Myxococcota	1472.31	0.0	736.155
los	826	GCA.002747355.1.Bacteria.Myxococcota	1472.31	0.0	736.155
spe	825	GCA.002344285.1.Bacteria.Myxococcota	1177.188	0.0	588.594
los	825	GCA.002344285.1.Bacteria.Myxococcota	1177.188	0.0	588.594
spe	821	GCA.002841825.1.Bacteria.Myxococcota	1447.61	0.0	723.805
los	821	GCA.002841825.1.Bacteria.Myxococcota	1447.61	0.0	723.805
spe	1642	1478	3511.74	3209.465	3360.6025
spe	1396	GCA.003151665.1.Bacteria.Dormibacterota	2023.82	0.0	1011.91
los	1396	GCA.003151665.1.Bacteria.Dormibacterota	2023.82	0.0	1011.91
spe	1477	1431	2951.08	2599.01	2775.045
los	1477	1431	2951.08	2599.01	2775.045
spe	1476	1454	2705.185	2138.89	2422.0375
los	1476	1454	2705.185	2138.89	2422.0375
spe	1475	1463	2571.35	2342.68	2457.015
los	1475	1463	2571.35	2342.68	2457.015
spe	1475	1474	2571.35	2422.145	2496.7475
spe	1474	1473	2422.145	1376.695	1899.42
dup	1474	1470	2422.145	2082.735	2252.44
spe	1474	1470	2422.145	2082.735	2252.44
spe	1469	1467	1899.175	1752.37	1825.7725
los	1469	1467	1899.175	1752.37	1825.7725
hgt	1470	GCF.000025005.1.Bacteria.Chloroflexota	2082.735	0.0	1041.3675
los	1470	GCF.000025005.1.Bacteria.Chloroflexota	2082.735	0.0	1041.3675
spe	1178	1177	1623.895	1403.585	1513.74
hgt	1461	GCA.002413265.1.Bacteria.Chloroflexota	1858.39	0.0	929.195
hgt	1169	1145	2330.49	1977.205	2153.8475
hgt	None	dead	0.0	0.0	0.0
hgt	None	dead	0.0	0.0	0.0
los	None	dead	0.0	0.0	0.0
hgt	651	650	2202.31	2111.655	2156.9825
spe	1470	GCF.000025005.1.Bacteria.Chloroflexota	2082.735	0.0	1041.3675
los	1470	GCF.000025005.1.Bacteria.Chloroflexota	2082.735	0.0	1041.3675
spe	1469	GCA.001898225.1.Bacteria.Chloroflexota	1899.175	0.0	949.5875
los	1469	GCA.001898225.1.Bacteria.Chloroflexota	1899.175	0.0	949.5875
spe	1467	GCA.002292925.1.Bacteria.Chloroflexota	1752.37	0.0	876.185
los	1467	GCA.002292925.1.Bacteria.Chloroflexota	1752.37	0.0	876.185
hgt	None	dead	0.0	0.0	0.0
hgt	None	dead	0.0	0.0	0.0
los	None	dead	0.0	0.0	0.0
spe	769	768	1840.365	1703.165	1771.765
spe	767	GCA.002796325.1.Bacteria.UBA10199	1544.31	0.0	772.155
los	767	GCA.002796325.1.Bacteria.UBA10199	1544.31	0.0	772.155
spe	766	GCA.001798075.1.Bacteria.UBA10199	1359.65	0.0	679.825
los	766	GCA.001798075.1.Bacteria.UBA10199	1359.65	0.0	679.825
hgt	None	dead	0.0	0.0	0.0
hgt	None	dead	0.0	0.0	0.0
los	None	dead	0.0	0.0	0.0
hgt	None	dead	0.0	0.0	0.0
hgt	None	dead	0.0	0.0	0.0
los	None	dead	0.0	0.0	0.0
spe	651	650	2202.31	2111.655	2156.9825
spe	536	GCF.900111015.1.Bacteria.Proteobacteria	1835.635	0.0	917.8175
los	536	GCF.900111015.1.Bacteria.Proteobacteria	1835.635	0.0	917.8175
spe	650	649	2111.655	2046.605	2079.13
hgt	None	dead	0.0	0.0	0.0
los	649	543	2046.605	1880.315	1963.46
hgt	None	dead	0.0	0.0	0.0
los	None	dead	0.0	0.0	0.0
spe	649	648	2046.605	1974.705	2010.655
spe	562	546	1813.695	1450.69	1632.1925
los	562	546	1813.695	1450.69	1632.1925
spe	561	560	1737.62	1548.725	1643.1725
los	561	560	1737.62	1548.725	1643.1725
spe	553	GCF.001641825.1.Bacteria.Proteobacteria	1585.42	0.0	792.71
los	553	GCF.001641825.1.Bacteria.Proteobacteria	1585.42	0.0	792.71
spe	552	551	1355.9	1073.1825	1214.54125
los	552	551	1355.9	1073.1825	1214.54125
spe	647	571	1898.035	1737.025	1817.53
los	647	571	1898.035	1737.025	1817.53
spe	647	646	1898.035	1850.35	1874.1925
spe	588	576	1741.465	1593.015	1667.24
los	588	576	1741.465	1593.015	1667.24
spe	587	586	1367.14	1254.4	1310.77
los	587	586	1367.14	1254.4	1310.77
spe	581	579	1215.78	935.164	1075.472
los	581	579	1215.78	935.164	1075.472
spe	645	644	1783.08	1640.815	1711.9475
los	645	644	1783.08	1640.815	1711.9475
spe	631	630	1709.925	1575.32	1642.6225
los	631	630	1709.925	1575.32	1642.6225
spe	603	GCA.002085445.1.Bacteria.Proteobacteria	1631.14	0.0	815.57
los	603	GCA.002085445.1.Bacteria.Proteobacteria	1631.14	0.0	815.57
spe	603	602	1631.14	1545.47	1588.305
spe	601	595	1388.16	1179.98	1284.07
los	601	595	1388.16	1179.98	1284.07
spe	600	598	1178.33	872.755	1025.5425
los	600	598	1178.33	872.755	1025.5425
spe	592	GCF.001720165.1.Bacteria.Proteobacteria	1238.975	0.0	619.4875
los	592	GCF.001720165.1.Bacteria.Proteobacteria	1238.975	0.0	619.4875
spe	1169	1145	2330.49	1977.205	2153.8475
spe	1145	1143	1977.205	1774.67	1875.9375
dup	1143	1141	1774.67	1400.775	1587.7225
spe	1141	GCA.003140175.1.Bacteria.Actinobacteriota	1400.775	0.0	700.3875
los	1141	GCA.003140175.1.Bacteria.Actinobacteriota	1400.775	0.0	700.3875
spe	1140	GCA.003162395.1.Bacteria.Actinobacteriota	1175.5635	0.0	587.78175
los	1140	GCA.003162395.1.Bacteria.Actinobacteriota	1175.5635	0.0	587.78175
spe	1143	1141	1774.67	1400.775	1587.7225
spe	1140	GCA.002722565.1.Bacteria.Actinobacteriota	1175.5635	0.0	587.78175
los	1140	GCA.002722565.1.Bacteria.Actinobacteriota	1175.5635	0.0	587.78175
spe	1724	1723	3611.965	3457.54	3534.7525
hgt	None	dead	0.0	0.0	0.0
los	1723	1657	3457.54	3284.32	3370.93
hgt	None	dead	0.0	0.0	0.0
los	None	dead	0.0	0.0	0.0
spe	1723	1722	3457.54	3243.33	3350.435
spe	1722	1721	3243.33	3160.365	3201.8475
hgt	None	dead	0.0	0.0	0.0
los	1721	1720	3160.365	2612.48	2886.4225
hgt	None	dead	0.0	0.0	0.0
los	None	dead	0.0	0.0	0.0
spe	1721	1667	3160.365	2867.145	3013.755
hgt	None	dead	0.0	0.0	0.0
hgt	None	dead	0.0	0.0	0.0
los	None	dead	0.0	0.0	0.0
hgt	None	dead	0.0	0.0	0.0
hgt	None	dead	0.0	0.0	0.0
los	None	dead	0.0	0.0	0.0
hgt	886	874	1999.475	1902.135	1950.805
hgt	1667	GCA.003503675.1.Bacteria.Cyanobacteria	2867.145	0.0	1433.5725
los	1667	GCA.003503675.1.Bacteria.Cyanobacteria	2867.145	0.0	1433.5725
dup	674	GCA.002747255.1.Bacteria.Acidobacteriota	1880.64	0.0	940.32
hgt	293	GCA.002429065.1.Bacteria.Verrucomicrobiota	1814.28	0.0	907.14
hgt	587	581	1367.14	1215.78	1291.46
spe	587	581	1367.14	1215.78	1291.46
spe	579	GCA.003155415.1.Bacteria.Proteobacteria	935.164	0.0	467.582
los	579	GCA.003155415.1.Bacteria.Proteobacteria	935.164	0.0	467.582
hgt	468	GCF.900167455.1.Bacteria.Proteobacteria	1227.095	0.0	613.5475
hgt	612	GCF.003612015.1.Bacteria.Proteobacteria	1154.76	0.0	577.38
hgt	None	dead	0.0	0.0	0.0
hgt	None	dead	0.0	0.0	0.0
los	None	dead	0.0	0.0	0.0
hgt	648	647	1974.705	1898.035	1936.37
hgt	None	dead	0.0	0.0	0.0
hgt	None	dead	0.0	0.0	0.0
los	None	dead	0.0	0.0	0.0
hgt	None	dead	0.0	0.0	0.0
spe	886	874	1999.475	1902.135	1950.805
spe	873	GCA.002011835.1.Bacteria.Desulfobacterota	1746.56	0.0	873.28
los	873	GCA.002011835.1.Bacteria.Desulfobacterota	1746.56	0.0	873.28
spe	873	871	1746.56	1489.29	1617.925
spe	874	868	1902.135	1695.53	1798.8325
hgt	868	866	1695.53	1370.345	1532.9375
los	868	866	1695.53	1370.345	1532.9375
hgt	883	GCA.000961655.1.Bacteria.Desulfobacterota	1384.92	0.0	692.46
dup	None	dead	0.0	0.0	0.0
hgt	None	dead	0.0	0.0	0.0
los	None	dead	0.0	0.0	0.0
hgt	None	dead	0.0	0.0	0.0
los	None	dead	0.0	0.0	0.0
spe	648	647	1974.705	1898.035	1936.37
spe	571	570	1737.025	1581.87	1659.4475
los	571	570	1737.025	1581.87	1659.4475
spe	565	GCF.000239355.1.Bacteria.Proteobacteria	1459.56	0.0	729.78
los	565	GCF.000239355.1.Bacteria.Proteobacteria	1459.56	0.0	729.78
spe	646	588	1850.35	1741.465	1795.9075
los	646	588	1850.35	1741.465	1795.9075
spe	645	631	1783.08	1709.925	1746.5025
los	645	631	1783.08	1709.925	1746.5025
spe	644	636	1640.815	1563.065	1601.94
los	644	636	1640.815	1563.065	1601.94
spe	643	639	1460.61	1235.875	1348.2425
los	643	639	1460.61	1235.875	1348.2425
spe	643	642	1460.61	1315.1	1387.855
hgt	746	GCF.900079095.1.Bacteria.Tectomicrobia	1971.165	0.0	985.5825
hgt	576	GCA.002432655.1.Bacteria.Proteobacteria	1593.015	0.0	796.5075
hgt	592	GCF.000024725.1.Bacteria.Proteobacteria	1238.975	0.0	619.4875
spe	1722	1664	3243.33	2786.595	3014.9625
hgt	316	308	2946.705	2475.615	2711.16
spe	1664	1663	2786.595	2465.64	2626.1175
hgt	1663	GCA.001784555.1.Bacteria.Cyanobacteria	2465.64	0.0	1232.82
los	1663	GCA.001784555.1.Bacteria.Cyanobacteria	2465.64	0.0	1232.82
hgt	None	dead	0.0	0.0	0.0
hgt	None	dead	0.0	0.0	0.0
hgt	None	dead	0.0	0.0	0.0
los	None	dead	0.0	0.0	0.0
spe	631	630	1709.925	1575.32	1642.6225
spe	629	628	1401.175	1303.33	1352.2525
los	629	628	1401.175	1303.33	1352.2525
spe	619	GCA.002469885.1.Bacteria.Proteobacteria	1297.84	0.0	648.92
los	619	GCA.002469885.1.Bacteria.Proteobacteria	1297.84	0.0	648.92
spe	617	GCA.002707205.1.Bacteria.Proteobacteria	1079.7735	0.0	539.88675
los	617	GCA.002707205.1.Bacteria.Proteobacteria	1079.7735	0.0	539.88675
spe	614	613	1428.05	1308.6	1368.325
los	614	613	1428.05	1308.6	1368.325
spe	606	GCF.000815225.1.Bacteria.Proteobacteria	1255.84	0.0	627.92
los	606	GCF.000815225.1.Bacteria.Proteobacteria	1255.84	0.0	627.92
spe	316	308	2946.705	2475.615	2711.16
spe	308	290	2475.615	2080.08	2277.8475
spe	289	GCA.002708005.1.Bacteria.Verrucomicrobiota	1912.585	0.0	956.2925
los	289	GCA.002708005.1.Bacteria.Verrucomicrobiota	1912.585	0.0	956.2925
spe	288	GCA.002323895.1.Bacteria.Verrucomicrobiota	1623.24	0.0	811.62
los	288	GCA.002323895.1.Bacteria.Verrucomicrobiota	1623.24	0.0	811.62
hgt	None	dead	0.0	0.0	0.0
los	290	284	2080.08	1735.725	1907.9025
hgt	None	dead	0.0	0.0	0.0
los	None	dead	0.0	0.0	0.0
spe	307	306	2367.435	1826.22	2096.8275
los	307	306	2367.435	1826.22	2096.8275
spe	297	296	2095.445	1523.77	1809.6075
los	297	296	2095.445	1523.77	1809.6075
spe	293	GCA.003246265.1.Bacteria.Verrucomicrobiota	1814.28	0.0	907.14
los	293	GCA.003246265.1.Bacteria.Verrucomicrobiota	1814.28	0.0	907.14
dup	293	GCA.002429065.1.Bacteria.Verrucomicrobiota	1814.28	0.0	907.14
dup	None	dead	0.0	0.0	0.0
hgt	None	dead	0.0	0.0	0.0
los	None	dead	0.0	0.0	0.0
dup	None	dead	0.0	0.0	0.0
hgt	None	dead	0.0	0.0	0.0
los	None	dead	0.0	0.0	0.0
dup	None	dead	0.0	0.0	0.0
hgt	None	dead	0.0	0.0	0.0
los	None	dead	0.0	0.0	0.0
hgt	None	dead	0.0	0.0	0.0
los	None	dead	0.0	0.0	0.0
spe	1664	1660	2786.595	2421.455	2604.025
hgt	288	GCA.002323895.1.Bacteria.Verrucomicrobiota	1623.24	0.0	811.62
hgt	508	507	1248.66	1032.028	1140.344
hgt	374	GCA.002730875.1.Bacteria.Spirochaetota	1638.665	0.0	819.3325
hgt	1660	GCA.900313115.1.Bacteria.Cyanobacteria	2421.455	0.0	1210.7275
los	1660	GCA.900313115.1.Bacteria.Cyanobacteria	2421.455	0.0	1210.7275
spe	508	507	1248.66	1032.028	1140.344
spe	506	GCA.002480495.1.Bacteria.Proteobacteria	986.4985	0.0	493.24925
los	506	GCA.002480495.1.Bacteria.Proteobacteria	986.4985	0.0	493.24925
spe	503	501	904.119	722.0125	813.06575
los	503	501	904.119	722.0125	813.06575
spe	1393	1129	3573.7	3300.21	3436.955
los	1393	1129	3573.7	3300.21	3436.955
spe	1392	1188	3456.59	3093.335	3274.9625
los	1392	1188	3456.59	3093.335	3274.9625
spe	1391	1211	3155.64	2902.885	3029.2625
los	1391	1211	3155.64	2902.885	3029.2625
spe	1390	1218	3037.655	2844.535	2941.095
los	1390	1218	3037.655	2844.535	2941.095
spe	1389	1388	2954.69	2796.04	2875.365
los	1389	1388	2954.69	2796.04	2875.365
spe	1237	1221	2499.645	2008.115	2253.88
los	1237	1221	2499.645	2008.115	2253.88
spe	1237	1236	2499.645	2327.67	2413.6575
spe	1235	1234	2052.91	1778.17	1915.54
los	1235	1234	2052.91	1778.17	1915.54
spe	1228	GCA.003023725.1.Bacteria.Firmicutes.E	2160.575	0.0	1080.2875
los	1228	GCA.003023725.1.Bacteria.Firmicutes.E	2160.575	0.0	1080.2875
spe	1227	GCA.003242675.1.Bacteria.Firmicutes.E	1913.92	0.0	956.96
los	1227	GCA.003242675.1.Bacteria.Firmicutes.E	1913.92	0.0	956.96
spe	1226	GCA.002385465.1.Bacteria.Firmicutes.E	1761.44	0.0	880.72
los	1226	GCA.002385465.1.Bacteria.Firmicutes.E	1761.44	0.0	880.72
