event	left_node	right_node	left_date	right_date	midpoint_date
spe	None	1728	0.0	0.0	0.0
spe	180	GCA.001889985.1.Archaea.Micrarchaeota	3263.21	0.0	1631.605
los	180	GCA.001889985.1.Archaea.Micrarchaeota	3263.21	0.0	1631.605
spe	179	23	3191.81	3031.295	3111.5525
los	179	23	3191.81	3031.295	3111.5525
spe	179	178	3191.81	3099.385	3145.5975
spe	32	26	2666.455	482.601	1574.528
los	32	26	2666.455	482.601	1574.528
spe	31	29	2249.94	1749.91	1999.925
los	31	29	2249.94	1749.91	1999.925
spe	178	177	3099.385	2898.43	2998.9075
spe	95	94	2719.62	2684.395	2702.0075
los	95	94	2719.62	2684.395	2702.0075
spe	39	38	2491.15	2097.27	2294.21
los	39	38	2491.15	2097.27	2294.21
spe	35	GCF.002201895.1.Archaea.Euryarchaeota	2226.53	0.0	1113.265
los	35	GCF.002201895.1.Archaea.Euryarchaeota	2226.53	0.0	1113.265
spe	177	176	2898.43	2700.395	2799.4125
hgt	1667	GCA.002783405.1.Bacteria.Cyanobacteria	2867.145	0.0	1433.5725
hgt	None	dead	0.0	0.0	0.0
hgt	897	889	2852.85	2620.3	2736.575
spe	176	175	2700.395	2596.565	2648.48
spe	174	173	2507.51	2412.845	2460.1775
los	174	173	2507.51	2412.845	2460.1775
hgt	None	dead	0.0	0.0	0.0
los	175	143	2596.565	2114.17	2355.3675
hgt	None	dead	0.0	0.0	0.0
los	None	dead	0.0	0.0	0.0
hgt	None	dead	0.0	0.0	0.0
spe	897	889	2852.85	2620.3	2736.575
spe	889	888	2620.3	2447.185	2533.7425
spe	887	863	2263.805	2054.51	2159.1575
los	887	863	2263.805	2054.51	2159.1575
spe	887	886	2263.805	1999.475	2131.64
spe	885	877	1880.5	1769.305	1824.9025
los	885	877	1880.5	1769.305	1824.9025
spe	884	880	1765.875	1499.355	1632.615
los	884	880	1765.875	1499.355	1632.615
spe	883	GCA.001751085.1.Bacteria.Desulfobacterota	1384.92	0.0	692.46
los	883	GCA.001751085.1.Bacteria.Desulfobacterota	1384.92	0.0	692.46
spe	874	873	1902.135	1746.56	1824.3475
los	874	873	1902.135	1746.56	1824.3475
spe	868	GCA.002347095.1.Bacteria.Desulfobacterota	1695.53	0.0	847.765
los	868	GCA.002347095.1.Bacteria.Desulfobacterota	1695.53	0.0	847.765
spe	866	GCA.002877985.1.Bacteria.Desulfobacterota	1370.345	0.0	685.1725
los	866	GCA.002877985.1.Bacteria.Desulfobacterota	1370.345	0.0	685.1725
spe	854	853	2279.15	2005.945	2142.5475
los	854	853	2279.15	2005.945	2142.5475
spe	850	846	2241.395	1968.67	2105.0325
los	850	846	2241.395	1968.67	2105.0325
spe	850	849	2241.395	1883.095	2062.245
hgt	868	GCA.002347095.1.Bacteria.Desulfobacterota	1695.53	0.0	847.765
hgt	877	GCF.000620765.1.Bacteria.Desulfobacterota.I	1769.305	0.0	884.6525
hgt	137	GCA.002255045.1.Archaea.Thermoproteota	2115.72	0.0	1057.86
spe	843	783	2513.665	2400.415	2457.04
los	843	783	2513.665	2400.415	2457.04
spe	842	798	2402.255	2140.29	2271.2725
los	842	798	2402.255	2140.29	2271.2725
spe	841	840	2321.855	2131.765	2226.81
los	841	840	2321.855	2131.765	2226.81
spe	841	801	2321.855	2014.795	2168.325
hgt	147	GCA.001940725.1.Archaea.Asgardarchaeota	1821.225	0.0	910.6125
hgt	1215	GCA.003070825.1.Bacteria.Firmicutes.F	1553.665	0.0	776.8325
hgt	1183	GCA.002347365.1.Bacteria.Actinobacteriota	1976.055	0.0	988.0275
hgt	918	GCA.001412365.1.Bacteria.WOR.3	2474.42	0.0	1237.21
hgt	1058	GCA.001443005.1.Bacteria.Synergistota	2584.325	0.0	1292.1625
hgt	1080	GCF.001547735.1.Bacteria.Thermosulfidibacterota	2542.65	0.0	1271.325
hgt	1178	GCA.002347645.1.Bacteria.Actinobacteriota	1623.895	0.0	811.9475
hgt	1133	GCA.002366545.1.Bacteria.Actinobacteriota	2425.095	0.0	1212.5475
hgt	42	GCA.003230355.1.Archaea.Hydrothermarchaeota	2229.015	0.0	1114.5075
hgt	None	dead	0.0	0.0	0.0
los	None	dead	0.0	0.0	0.0
spe	873	871	1746.56	1489.29	1617.925
dup	None	dead	0.0	0.0	0.0
hgt	None	dead	0.0	0.0	0.0
los	None	dead	0.0	0.0	0.0
hgt	None	dead	0.0	0.0	0.0
los	None	dead	0.0	0.0	0.0
spe	140	GCF.000019605.1.Archaea.Thermoproteota	2557.41	0.0	1278.705
los	140	GCF.000019605.1.Archaea.Thermoproteota	2557.41	0.0	1278.705
spe	140	139	2557.41	2461.325	2509.3675
spe	109	108	2207.27	1901.755	2054.5125
los	109	108	2207.27	1901.755	2054.5125
dup	109	103	2207.27	1834.935	2021.1025
spe	103	GCA.002254745.1.Archaea.Thermoproteota	1834.935	0.0	917.4675
los	103	GCA.002254745.1.Archaea.Thermoproteota	1834.935	0.0	917.4675
spe	101	GCF.000011205.1.Archaea.Thermoproteota	1617.2	0.0	808.6
los	101	GCF.000011205.1.Archaea.Thermoproteota	1617.2	0.0	808.6
spe	99	GCF.001481685.1.Archaea.Thermoproteota	1407.615	0.0	703.8075
los	99	GCF.001481685.1.Archaea.Thermoproteota	1407.615	0.0	703.8075
hgt	1078	1076	1937.95	1416.635	1677.2925
spe	109	103	2207.27	1834.935	2021.1025
spe	103	101	1834.935	1617.2	1726.0675
spe	99	GCF.000092185.1.Archaea.Thermoproteota	1407.615	0.0	703.8075
los	99	GCF.000092185.1.Archaea.Thermoproteota	1407.615	0.0	703.8075
hgt	1399	GCA.002708145.1.Bacteria.Chloroflexota	1765.22	0.0	882.61
spe	1078	1076	1937.95	1416.635	1677.2925
spe	139	138	2461.325	2340.985	2401.155
spe	124	GCA.002495485.1.Archaea.Thermoproteota	2144.515	0.0	1072.2575
los	124	GCA.002495485.1.Archaea.Thermoproteota	2144.515	0.0	1072.2575
spe	123	113	2043.585	1818.745	1931.165
los	123	113	2043.585	1818.745	1931.165
spe	122	118	1894.935	1695.4	1795.1675
los	122	118	1894.935	1695.4	1795.1675
spe	121	GCA.001273335.1.Archaea.Thermoproteota	1500.96	0.0	750.48
los	121	GCA.001273335.1.Archaea.Thermoproteota	1500.96	0.0	750.48
spe	138	137	2340.985	2115.72	2228.3525
spe	136	GCA.000375685.1.Archaea.Thermoproteota	1983.8	0.0	991.9
los	136	GCA.000375685.1.Archaea.Thermoproteota	1983.8	0.0	991.9
spe	134	130	1773.37	1634.235	1703.8025
los	134	130	1773.37	1634.235	1703.8025
spe	133	GCA.002506605.1.Archaea.Thermoproteota	1545.885	0.0	772.9425
los	133	GCA.002506605.1.Archaea.Thermoproteota	1545.885	0.0	772.9425
hgt	137	GCA.002255045.1.Archaea.Thermoproteota	2115.72	0.0	1057.86
los	137	GCA.002255045.1.Archaea.Thermoproteota	2115.72	0.0	1057.86
spe	1728	1727	0.0	3794.005	1897.0025
spe	189	188	3549.04	3243.665	3396.3525
los	189	188	3549.04	3243.665	3396.3525
spe	185	GCA.001791795.1.Bacteria.Wallbacteria	3359.525	0.0	1679.7625
los	185	GCA.001791795.1.Bacteria.Wallbacteria	3359.525	0.0	1679.7625
spe	183	GCA.002325765.1.Bacteria.Proteobacteria	2942.325	0.0	1471.1625
los	183	GCA.002325765.1.Bacteria.Proteobacteria	2942.325	0.0	1471.1625
spe	1727	1726	3794.005	3776.22	3785.1125
spe	1726	1094	3776.22	3702.045	3739.1325
hgt	None	dead	0.0	0.0	0.0
los	1094	1093	3702.045	3523.93	3612.9875
hgt	None	dead	0.0	0.0	0.0
los	None	dead	0.0	0.0	0.0
spe	1094	1048	3702.045	3522.85	3612.4475
spe	1047	365	3506.08	3237.46	3371.77
los	1047	365	3506.08	3237.46	3371.77
spe	1046	1045	3444.34	3221.015	3332.6775
los	1046	1045	3444.34	3221.015	3332.6775
spe	1046	902	3444.34	3336.1	3390.22
hgt	None	dead	0.0	0.0	0.0
hgt	None	dead	0.0	0.0	0.0
los	None	dead	0.0	0.0	0.0
spe	902	901	3336.1	3242.11	3289.105
hgt	None	dead	0.0	0.0	0.0
dup	None	dead	0.0	0.0	0.0
hgt	None	dead	0.0	0.0	0.0
los	None	dead	0.0	0.0	0.0
spe	1042	1041	2781.98	2636.74	2709.36
spe	1041	1040	2636.74	2510.83	2573.785
hgt	None	dead	0.0	0.0	0.0
los	1040	1026	2510.83	2235.5	2373.165
hgt	None	dead	0.0	0.0	0.0
los	None	dead	0.0	0.0	0.0
spe	1039	1029	2466.405	2028.8	2247.6025
los	1039	1029	2466.405	2028.8	2247.6025
spe	1038	1037	2092.525	1913.295	2002.91
los	1038	1037	2092.525	1913.295	2002.91
spe	1032	GCA.002693325.1.Bacteria.Latescibacterota	1683.695	0.0	841.8475
los	1032	GCA.002693325.1.Bacteria.Latescibacterota	1683.695	0.0	841.8475
hgt	None	dead	0.0	0.0	0.0
los	None	dead	0.0	0.0	0.0
spe	1413	1412	2076.485	1844.64	1960.5625
hgt	None	dead	0.0	0.0	0.0
hgt	None	dead	0.0	0.0	0.0
los	None	dead	0.0	0.0	0.0
hgt	1424	GCA.002011475.1.Bacteria.Chloroflexota	1821.17	0.0	910.585
spe	1412	1408	1844.64	1782.47	1813.555
spe	1407	GCA.002717565.1.Bacteria.Chloroflexota	1694.435	0.0	847.2175
los	1407	GCA.002717565.1.Bacteria.Chloroflexota	1694.435	0.0	847.2175
spe	1406	GCA.002717925.1.Bacteria.Chloroflexota	1589.865	0.0	794.9325
los	1406	GCA.002717925.1.Bacteria.Chloroflexota	1589.865	0.0	794.9325
spe	1408	1402	1782.47	1674.055	1728.2625
hgt	1402	GCA.002721445.1.Bacteria.Chloroflexota	1674.055	0.0	837.0275
los	1402	GCA.002721445.1.Bacteria.Chloroflexota	1674.055	0.0	837.0275
spe	1411	GCA.002717805.1.Bacteria.Chloroflexota	1573.655	0.0	786.8275
los	1411	GCA.002717805.1.Bacteria.Chloroflexota	1573.655	0.0	786.8275
dup	1411	GCA.002450515.1.Bacteria.Chloroflexota	1573.655	0.0	786.8275
dup	901	900	3242.11	3113.87	3177.99
hgt	1129	1128	3300.21	3110.52	3205.365
spe	901	900	3242.11	3113.87	3177.99
hgt	None	dead	0.0	0.0	0.0
los	900	716	3113.87	2685.38	2899.625
hgt	None	dead	0.0	0.0	0.0
los	None	dead	0.0	0.0	0.0
spe	899	743	3007.825	2880.765	2944.295
los	899	743	3007.825	2880.765	2944.295
spe	898	897	2936.14	2852.85	2894.495
los	898	897	2936.14	2852.85	2894.495
spe	898	756	2936.14	2563.145	2749.6425
hgt	1427	1413	2362.135	2076.485	2219.31
hgt	None	dead	0.0	0.0	0.0
hgt	None	dead	0.0	0.0	0.0
los	None	dead	0.0	0.0	0.0
hgt	275	274	2803.71	2054.16	2428.935
spe	275	274	2803.71	2054.16	2428.935
hgt	None	dead	0.0	0.0	0.0
hgt	None	dead	0.0	0.0	0.0
los	None	dead	0.0	0.0	0.0
spe	769	768	1840.365	1703.165	1771.765
spe	767	GCA.002796325.1.Bacteria.UBA10199	1544.31	0.0	772.155
los	767	GCA.002796325.1.Bacteria.UBA10199	1544.31	0.0	772.155
spe	767	766	1544.31	1359.65	1451.98
hgt	1082	GCA.002011615.1.Bacteria.WOR.3	2820.665	0.0	1410.3325
hgt	1112	GCA.002898555.1.Bacteria.Armatimonadota	2118.02	0.0	1059.01
spe	1427	1413	2362.135	2076.485	2219.31
spe	1399	GCA.002708145.1.Bacteria.Chloroflexota	1765.22	0.0	882.61
los	1399	GCA.002708145.1.Bacteria.Chloroflexota	1765.22	0.0	882.61
spe	1413	1412	2076.485	1844.64	1960.5625
spe	1408	1402	1782.47	1674.055	1728.2625
los	1408	1402	1782.47	1674.055	1728.2625
spe	1407	GCA.002717565.1.Bacteria.Chloroflexota	1694.435	0.0	847.2175
los	1407	GCA.002717565.1.Bacteria.Chloroflexota	1694.435	0.0	847.2175
spe	1406	GCA.002710215.1.Bacteria.Chloroflexota	1589.865	0.0	794.9325
los	1406	GCA.002710215.1.Bacteria.Chloroflexota	1589.865	0.0	794.9325
hgt	None	dead	0.0	0.0	0.0
los	1412	1411	1844.64	1573.655	1709.1475
hgt	None	dead	0.0	0.0	0.0
los	None	dead	0.0	0.0	0.0
hgt	284	GCA.003164675.1.Bacteria.Verrucomicrobiota	1735.725	0.0	867.8625
spe	754	753	2306.035	2050.24	2178.1375
los	754	753	2306.035	2050.24	2178.1375
spe	754	746	2306.035	1971.165	2138.6
hgt	1168	1148	2240.195	1798.435	2019.315
hgt	None	dead	0.0	0.0	0.0
dup	None	dead	0.0	0.0	0.0
hgt	None	dead	0.0	0.0	0.0
los	None	dead	0.0	0.0	0.0
hgt	None	dead	0.0	0.0	0.0
los	None	dead	0.0	0.0	0.0
hgt	829	828	1996.235	1753.18	1874.7075
hgt	720	GCA.002347965.1.Bacteria.UBA2233	2294.32	0.0	1147.16
spe	829	828	1996.235	1753.18	1874.7075
hgt	832	GCA.002721815.1.Bacteria.Myxococcota	1570.54	0.0	785.27
spe	827	821	1632.18	1447.61	1539.895
los	827	821	1632.18	1447.61	1539.895
spe	826	GCA.002747355.1.Bacteria.Myxococcota	1472.31	0.0	736.155
los	826	GCA.002747355.1.Bacteria.Myxococcota	1472.31	0.0	736.155
spe	826	825	1472.31	1177.188	1324.749
hgt	837	GCA.001768075.1.Bacteria.Myxococcota	1589.61	0.0	794.805
hgt	519	GCF.002109495.1.Bacteria.Proteobacteria	2563.7	0.0	1281.85
dup	837	GCA.001768075.1.Bacteria.Myxococcota	1589.61	0.0	794.805
hgt	1020	GCA.001780165.1.Bacteria.Eisenbacteria	1596.025	0.0	798.0125
hgt	807	GCA.002841945.1.Bacteria.Myxococcota	1480.85	0.0	740.425
hgt	None	dead	0.0	0.0	0.0
hgt	None	dead	0.0	0.0	0.0
los	None	dead	0.0	0.0	0.0
spe	1168	1148	2240.195	1798.435	2019.315
hgt	339	GCA.002311745.1.Bacteria.Planctomycetota	1460.73	0.0	730.365
hgt	1177	GCA.003138355.1.Bacteria.Actinobacteriota	1403.585	0.0	701.7925
dup	1177	GCA.003138355.1.Bacteria.Actinobacteriota	1403.585	0.0	701.7925
dup	1129	1128	3300.21	3110.52	3205.365
hgt	None	dead	0.0	0.0	0.0
hgt	None	dead	0.0	0.0	0.0
los	None	dead	0.0	0.0	0.0
hgt	1642	1478	3511.74	3209.465	3360.6025
spe	1129	1128	3300.21	3110.52	3205.365
spe	1128	1127	3110.52	2984.585	3047.5525
spe	1126	1125	2761.99	2539.79	2650.89
los	1126	1125	2761.99	2539.79	2650.89
spe	1116	GCA.002435745.1.Bacteria.UBP15	2323.38	0.0	1161.69
los	1116	GCA.002435745.1.Bacteria.UBP15	2323.38	0.0	1161.69
hgt	None	dead	0.0	0.0	0.0
dup	None	dead	0.0	0.0	0.0
hgt	None	dead	0.0	0.0	0.0
los	None	dead	0.0	0.0	0.0
hgt	None	dead	0.0	0.0	0.0
los	None	dead	0.0	0.0	0.0
hgt	None	dead	0.0	0.0	0.0
hgt	None	dead	0.0	0.0	0.0
los	None	dead	0.0	0.0	0.0
hgt	None	dead	0.0	0.0	0.0
los	1127	1113	2984.585	2538.735	2761.66
hgt	None	dead	0.0	0.0	0.0
los	None	dead	0.0	0.0	0.0
hgt	None	dead	0.0	0.0	0.0
hgt	None	dead	0.0	0.0	0.0
los	None	dead	0.0	0.0	0.0
hgt	926	924	2323.795	1818.875	2071.335
hgt	1098	GCA.003244105.1.Bacteria.Eremiobacterota	1685.385	0.0	842.6925
hgt	1720	GCF.000484535.1.Bacteria.Cyanobacteria	2612.48	0.0	1306.24
hgt	None	dead	0.0	0.0	0.0
hgt	None	dead	0.0	0.0	0.0
los	None	dead	0.0	0.0	0.0
spe	926	924	2323.795	1818.875	2071.335
dup	1642	1478	3511.74	3209.465	3360.6025
spe	1642	1478	3511.74	3209.465	3360.6025
spe	1396	GCA.003244045.1.Bacteria.Dormibacterota	2023.82	0.0	1011.91
los	1396	GCA.003244045.1.Bacteria.Dormibacterota	2023.82	0.0	1011.91
spe	1477	1431	2951.08	2599.01	2775.045
los	1477	1431	2951.08	2599.01	2775.045
spe	1477	1476	2951.08	2705.185	2828.1325
spe	1475	1474	2571.35	2422.145	2496.7475
los	1475	1474	2571.35	2422.145	2496.7475
spe	1475	1463	2571.35	2342.68	2457.015
spe	1463	1462	2342.68	2240.595	2291.6375
hgt	None	dead	0.0	0.0	0.0
hgt	None	dead	0.0	0.0	0.0
los	None	dead	0.0	0.0	0.0
hgt	None	dead	0.0	0.0	0.0
los	1462	1461	2240.595	1858.39	2049.4925
hgt	None	dead	0.0	0.0	0.0
los	None	dead	0.0	0.0	0.0
spe	1463	1457	2342.68	1912.015	2127.3475
hgt	1457	GCF.003967555.1.Bacteria.Chloroflexota	1912.015	0.0	956.0075
los	1457	GCF.003967555.1.Bacteria.Chloroflexota	1912.015	0.0	956.0075
spe	1476	1454	2705.185	2138.89	2422.0375
hgt	None	dead	0.0	0.0	0.0
los	1454	1446	2138.89	1892.56	2015.725
hgt	None	dead	0.0	0.0	0.0
los	None	dead	0.0	0.0	0.0
hgt	None	dead	0.0	0.0	0.0
hgt	None	dead	0.0	0.0	0.0
los	None	dead	0.0	0.0	0.0
spe	1454	1453	2138.89	2041.27	2090.08
spe	1449	GCA.002366595.1.Bacteria.Chloroflexota	1825.905	0.0	912.9525
los	1449	GCA.002366595.1.Bacteria.Chloroflexota	1825.905	0.0	912.9525
hgt	None	dead	0.0	0.0	0.0
hgt	None	dead	0.0	0.0	0.0
los	None	dead	0.0	0.0	0.0
spe	817	816	1842.425	1315.445	1578.935
hgt	1324	1308	2099.855	1873.47	1986.6625
spe	1453	1452	2041.27	1560.03	1800.65
hgt	1452	GCA.002423325.1.Bacteria.Chloroflexota	1560.03	0.0	780.015
los	1452	GCA.002423325.1.Bacteria.Chloroflexota	1560.03	0.0	780.015
spe	1324	1308	2099.855	1873.47	1986.6625
spe	1300	GCF.000620305.1.Bacteria.Firmicutes.B	1522.13	0.0	761.065
los	1300	GCF.000620305.1.Bacteria.Firmicutes.B	1522.13	0.0	761.065
spe	1307	GCA.000987045.1.Bacteria.Firmicutes.B	1657.525	0.0	828.7625
los	1307	GCA.000987045.1.Bacteria.Firmicutes.B	1657.525	0.0	828.7625
spe	1305	1304	1479.61	1181.512	1330.561
los	1305	1304	1479.61	1181.512	1330.561
dup	1305	GCF.002207765.1.Bacteria.Firmicutes.B	1479.61	0.0	739.805
hgt	1296	GCF.900176005.1.Bacteria.Firmicutes.B	1757.76	0.0	878.88
spe	1642	1478	3511.74	3209.465	3360.6025
spe	1477	1431	2951.08	2599.01	2775.045
los	1477	1431	2951.08	2599.01	2775.045
spe	1477	1476	2951.08	2705.185	2828.1325
spe	1454	1453	2138.89	2041.27	2090.08
los	1454	1453	2138.89	2041.27	2090.08
spe	1446	1445	1892.56	1683.66	1788.11
los	1446	1445	1892.56	1683.66	1788.11
spe	1440	1439	1749.24	1503.92	1626.58
los	1440	1439	1749.24	1503.92	1626.58
spe	1476	1475	2705.185	2571.35	2638.2675
spe	1475	1474	2571.35	2422.145	2496.7475
hgt	None	dead	0.0	0.0	0.0
los	1474	1470	2422.145	2082.735	2252.44
hgt	None	dead	0.0	0.0	0.0
los	None	dead	0.0	0.0	0.0
spe	797	796	1864.035	1703.52	1783.7775
spe	795	791	1521.62	1279.55	1400.585
los	795	791	1521.62	1279.55	1400.585
spe	794	GCA.001798565.1.Bacteria.Desulfobacterota.B	1417.505	0.0	708.7525
los	794	GCA.001798565.1.Bacteria.Desulfobacterota.B	1417.505	0.0	708.7525
hgt	681	GCA.002712885.1.Bacteria.Acidobacteriota	1875.565	0.0	937.7825
spe	1474	1473	2422.145	1376.695	1899.42
hgt	1430	GCA.001795235.1.Bacteria.Chloroflexota	2141.86	0.0	1070.93
spe	1475	1463	2571.35	2342.68	2457.015
spe	1463	1462	2342.68	2240.595	2291.6375
hgt	1462	GCA.002436065.1.Bacteria.Chloroflexota	2240.595	0.0	1120.2975
los	1462	GCA.002436065.1.Bacteria.Chloroflexota	2240.595	0.0	1120.2975
spe	1461	GCA.002347925.1.Bacteria.Chloroflexota	1858.39	0.0	929.195
los	1461	GCA.002347925.1.Bacteria.Chloroflexota	1858.39	0.0	929.195
hgt	None	dead	0.0	0.0	0.0
hgt	None	dead	0.0	0.0	0.0
los	None	dead	0.0	0.0	0.0
hgt	None	dead	0.0	0.0	0.0
los	1463	1457	2342.68	1912.015	2127.3475
hgt	None	dead	0.0	0.0	0.0
los	None	dead	0.0	0.0	0.0
hgt	714	713	2396.315	2232.07	2314.1925
spe	1396	GCA.003151665.1.Bacteria.Dormibacterota	2023.82	0.0	1011.91
los	1396	GCA.003151665.1.Bacteria.Dormibacterota	2023.82	0.0	1011.91
spe	714	713	2396.315	2232.07	2314.1925
spe	712	706	2029.595	1754.72	1892.1575
los	712	706	2029.595	1754.72	1892.1575
spe	711	709	1840.1	1543.01	1691.555
los	711	709	1840.1	1543.01	1691.555
spe	699	681	2103.185	1875.565	1989.375
los	699	681	2103.185	1875.565	1989.375
spe	698	697	1863.875	1602.385	1733.13
los	698	697	1863.875	1602.385	1733.13
spe	686	684	1646.29	1286.44	1466.365
los	686	684	1646.29	1286.44	1466.365
spe	1129	1128	3300.21	3110.52	3205.365
hgt	None	dead	0.0	0.0	0.0
hgt	None	dead	0.0	0.0	0.0
dup	None	dead	0.0	0.0	0.0
hgt	None	dead	0.0	0.0	0.0
los	None	dead	0.0	0.0	0.0
hgt	None	dead	0.0	0.0	0.0
los	None	dead	0.0	0.0	0.0
hgt	None	dead	0.0	0.0	0.0
spe	1128	1127	3110.52	2984.585	3047.5525
spe	1126	1116	2761.99	2323.38	2542.685
los	1126	1116	2761.99	2323.38	2542.685
spe	1125	1124	2539.79	2298.415	2419.1025
los	1125	1124	2539.79	2298.415	2419.1025
spe	1119	GCA.002779825.1.Bacteria.Armatimonadota	1968.115	0.0	984.0575
los	1119	GCA.002779825.1.Bacteria.Armatimonadota	1968.115	0.0	984.0575
spe	1127	1113	2984.585	2538.735	2761.66
spe	1112	GCA.002352215.1.Bacteria.Armatimonadota	2118.02	0.0	1059.01
los	1112	GCA.002352215.1.Bacteria.Armatimonadota	2118.02	0.0	1059.01
spe	1109	1108	2109.385	1755.285	1932.335
los	1109	1108	2109.385	1755.285	1932.335
dup	None	dead	0.0	0.0	0.0
hgt	None	dead	0.0	0.0	0.0
los	None	dead	0.0	0.0	0.0
hgt	None	dead	0.0	0.0	0.0
los	None	dead	0.0	0.0	0.0
dup	1704	1703	2246.435	2154.635	2200.535
spe	1703	1702	2154.635	2080.605	2117.62
los	1703	1702	2154.635	2080.605	2117.62
spe	1679	GCF.000473895.1.Bacteria.Cyanobacteria	1817.625	0.0	908.8125
los	1679	GCF.000473895.1.Bacteria.Cyanobacteria	1817.625	0.0	908.8125
spe	1678	1676	881.825	239.787	560.806
los	1678	1676	881.825	239.787	560.806
spe	1704	1703	2246.435	2154.635	2200.535
spe	1679	1678	1817.625	881.825	1349.725
los	1679	1678	1817.625	881.825	1349.725
spe	1702	GCF.003838225.1.Bacteria.Cyanobacteria	2080.605	0.0	1040.3025
los	1702	GCF.003838225.1.Bacteria.Cyanobacteria	2080.605	0.0	1040.3025
dup	1702	1701	2080.605	2039.37	2059.9875
spe	1701	1685	2039.37	1871.67	1955.52
los	1701	1685	2039.37	1871.67	1955.52
spe	1701	1700	2039.37	1958.955	1999.1625
spe	1699	1698	1903.47	1614.69	1759.08
los	1699	1698	1903.47	1614.69	1759.08
spe	1688	GCF.000353285.1.Bacteria.Cyanobacteria	1633.475	0.0	816.7375
los	1688	GCF.000353285.1.Bacteria.Cyanobacteria	1633.475	0.0	816.7375
spe	1702	1701	2080.605	2039.37	2059.9875
spe	1701	1685	2039.37	1871.67	1955.52
spe	1684	GCA.001698445.1.Bacteria.Cyanobacteria	1655.535	0.0	827.7675
los	1684	GCA.001698445.1.Bacteria.Cyanobacteria	1655.535	0.0	827.7675
spe	1701	1700	2039.37	1958.955	1999.1625
spe	1688	GCF.002215035.1.Bacteria.Cyanobacteria	1633.475	0.0	816.7375
los	1688	GCF.002215035.1.Bacteria.Cyanobacteria	1633.475	0.0	816.7375
spe	1699	GCF.000317045.1.Bacteria.Cyanobacteria	1903.47	0.0	951.735
los	1699	GCF.000317045.1.Bacteria.Cyanobacteria	1903.47	0.0	951.735
spe	1698	1692	1614.69	177.05465	895.87233
los	1698	1692	1614.69	177.05465	895.87233
spe	1698	1697	1614.69	1292.96	1453.825
spe	1697	1695	1292.96	877.811	1085.3855
hgt	None	dead	0.0	0.0	0.0
los	None	dead	0.0	0.0	0.0
spe	362	342	2406.61	2209.56	2308.085
spe	341	GCA.003170085.1.Bacteria.Planctomycetota	1956.375	0.0	978.1875
los	341	GCA.003170085.1.Bacteria.Planctomycetota	1956.375	0.0	978.1875
spe	340	339	1604.15	1460.73	1532.44
los	340	339	1604.15	1460.73	1532.44
spe	334	GCA.002338715.1.Bacteria.Planctomycetota	1403.32	0.0	701.66
los	334	GCA.002338715.1.Bacteria.Planctomycetota	1403.32	0.0	701.66
spe	332	GCA.002364485.1.Bacteria.Planctomycetota	994.0835	0.0	497.04175
los	332	GCA.002364485.1.Bacteria.Planctomycetota	994.0835	0.0	497.04175
spe	342	328	2209.56	1796.445	2003.0025
spe	328	327	1796.445	1506.63	1651.5375
hgt	327	GCA.003508595.1.Bacteria.Planctomycetota	1506.63	0.0	753.315
los	327	GCA.003508595.1.Bacteria.Planctomycetota	1506.63	0.0	753.315
spe	327	326	1506.63	1183.194	1344.912
hgt	326	GCA.002404095.1.Bacteria.Planctomycetota	1183.194	0.0	591.597
los	326	GCA.002404095.1.Bacteria.Planctomycetota	1183.194	0.0	591.597
hgt	1128	GCA.002898935.1.Bacteria.CSP1.3	3110.52	0.0	1555.26
los	1128	GCA.002898935.1.Bacteria.CSP1.3	3110.52	0.0	1555.26
dup	1385	1384	2448.17	2016.48	2232.325
dup	1385	1384	2448.17	2016.48	2232.325
spe	1385	1384	2448.17	2016.48	2232.325
spe	1338	GCF.002335525.1.Bacteria.Firmicutes	1582.81	0.0	791.405
los	1338	GCF.002335525.1.Bacteria.Firmicutes	1582.81	0.0	791.405
spe	1337	GCF.001399675.1.Bacteria.Firmicutes	1327.38	0.0	663.69
los	1337	GCF.001399675.1.Bacteria.Firmicutes	1327.38	0.0	663.69
hgt	None	dead	0.0	0.0	0.0
hgt	None	dead	0.0	0.0	0.0
los	None	dead	0.0	0.0	0.0
spe	1384	1383	2016.48	1891.44	1953.96
spe	1341	GCF.001311905.1.Bacteria.Firmicutes	1532.885	0.0	766.4425
los	1341	GCF.001311905.1.Bacteria.Firmicutes	1532.885	0.0	766.4425
spe	1383	1382	1891.44	1778.165	1834.8025
spe	1344	GCA.002159075.1.Bacteria.Firmicutes	1496.385	0.0	748.1925
los	1344	GCA.002159075.1.Bacteria.Firmicutes	1496.385	0.0	748.1925
spe	1381	1351	1661.335	1566.59	1613.9625
los	1381	1351	1661.335	1566.59	1613.9625
spe	1380	GCF.001049895.1.Bacteria.Firmicutes	1558.37	0.0	779.185
los	1380	GCF.001049895.1.Bacteria.Firmicutes	1558.37	0.0	779.185
spe	1379	1378	1484.04	1182.795	1333.4175
los	1379	1378	1484.04	1182.795	1333.4175
spe	1355	GCF.000503775.1.Bacteria.Firmicutes	1246.46	0.0	623.23
los	1355	GCF.000503775.1.Bacteria.Firmicutes	1246.46	0.0	623.23
dup	1385	1384	2448.17	2016.48	2232.325
hgt	400	GCA.002401295.1.Bacteria.SAR324	2337.685	0.0	1168.8425
spe	1385	1384	2448.17	2016.48	2232.325
hgt	515	GCA.002632265.1.Bacteria.Proteobacteria	1939.7	0.0	969.85
spe	1384	1383	2016.48	1891.44	1953.96
spe	1341	GCF.001653195.1.Bacteria.Firmicutes	1532.885	0.0	766.4425
los	1341	GCF.001653195.1.Bacteria.Firmicutes	1532.885	0.0	766.4425
spe	1382	1344	1778.165	1496.385	1637.275
los	1382	1344	1778.165	1496.385	1637.275
spe	1381	1351	1661.335	1566.59	1613.9625
los	1381	1351	1661.335	1566.59	1613.9625
spe	1381	1380	1661.335	1558.37	1609.8525
spe	1379	1378	1484.04	1182.795	1333.4175
los	1379	1378	1484.04	1182.795	1333.4175
spe	1355	GCF.004522215.1.Bacteria.Firmicutes	1246.46	0.0	623.23
los	1355	GCF.004522215.1.Bacteria.Firmicutes	1246.46	0.0	623.23
spe	1384	1338	2016.48	1582.81	1799.645
hgt	1338	1337	1582.81	1327.38	1455.095
los	1338	1337	1582.81	1327.38	1455.095
spe	1351	1347	1566.59	1266.54	1416.565
hgt	1355	GCF.004522215.1.Bacteria.Firmicutes	1246.46	0.0	623.23
hgt	345	GCA.002746235.1.Bacteria.Planctomycetota	1671.41	0.0	835.705
hgt	1407	GCA.002717565.1.Bacteria.Chloroflexota	1694.435	0.0	847.2175
spe	1385	1384	2448.17	2016.48	2232.325
hgt	1384	1338	2016.48	1582.81	1799.645
los	1384	1338	2016.48	1582.81	1799.645
spe	1383	1382	1891.44	1778.165	1834.8025
los	1383	1382	1891.44	1778.165	1834.8025
spe	1341	GCF.001311905.1.Bacteria.Firmicutes	1532.885	0.0	766.4425
los	1341	GCF.001311905.1.Bacteria.Firmicutes	1532.885	0.0	766.4425
spe	1384	1383	2016.48	1891.44	1953.96
los	1384	1383	2016.48	1891.44	1953.96
spe	1338	GCF.002335525.1.Bacteria.Firmicutes	1582.81	0.0	791.405
los	1338	GCF.002335525.1.Bacteria.Firmicutes	1582.81	0.0	791.405
spe	1338	1337	1582.81	1327.38	1455.095
hgt	1226	GCA.003242195.1.Bacteria.Firmicutes.E	1761.44	0.0	880.72
hgt	1198	GCA.002159155.1.Bacteria.Firmicutes.G	2339.625	0.0	1169.8125
hgt	227	GCA.001804315.1.Bacteria.Omnitrophota	2301.915	0.0	1150.9575
spe	901	900	3242.11	3113.87	3177.99
spe	900	716	3113.87	2685.38	2899.625
spe	716	715	2685.38	2518.685	2602.0325
spe	715	714	2518.685	2396.315	2457.5
hgt	714	GCA.002731215.1.Bacteria.Acidobacteriota	2396.315	0.0	1198.1575
los	714	GCA.002731215.1.Bacteria.Acidobacteriota	2396.315	0.0	1198.1575
spe	48	47	1706.4	1547.68	1627.04
spe	714	713	2396.315	2232.07	2314.1925
hgt	None	dead	0.0	0.0	0.0
los	713	712	2232.07	2029.595	2130.8325
hgt	None	dead	0.0	0.0	0.0
los	None	dead	0.0	0.0	0.0
spe	699	681	2103.185	1875.565	1989.375
los	699	681	2103.185	1875.565	1989.375
spe	699	698	2103.185	1863.875	1983.53
spe	698	697	1863.875	1602.385	1733.13
hgt	895	GCA.000739515.1.Bacteria.Moduliflexota	2183.84	0.0	1091.92
spe	697	696	1602.385	1391.24	1496.8125
hgt	692	GCA.003140235.1.Bacteria.Acidobacteriota	1105.2925	0.0	552.64625
spe	696	695	1391.24	1284.94	1338.09
spe	694	692	1206.005	1105.2925	1155.64875
los	694	692	1206.005	1105.2925	1155.64875
spe	698	686	1863.875	1646.29	1755.0825
hgt	686	GCA.002451015.1.Bacteria.Acidobacteriota	1646.29	0.0	823.145
los	686	GCA.002451015.1.Bacteria.Acidobacteriota	1646.29	0.0	823.145
spe	684	GCA.003223975.1.Bacteria.Acidobacteriota	1286.44	0.0	643.22
los	684	GCA.003223975.1.Bacteria.Acidobacteriota	1286.44	0.0	643.22
spe	715	675	2518.685	2161.39	2340.0375
hgt	675	GCA.002789615.1.Bacteria.Acidobacteriota	2161.39	0.0	1080.695
los	675	GCA.002789615.1.Bacteria.Acidobacteriota	2161.39	0.0	1080.695
spe	675	674	2161.39	1880.64	2021.015
hgt	674	GCA.002747255.1.Bacteria.Acidobacteriota	1880.64	0.0	940.32
los	674	GCA.002747255.1.Bacteria.Acidobacteriota	1880.64	0.0	940.32
hgt	65	GCA.001800745.1.Archaea.Thermoplasmatota	1254.445	0.0	627.2225
spe	716	670	2685.38	2337.75	2511.565
hgt	None	dead	0.0	0.0	0.0
los	670	669	2337.75	1783.33	2060.54
hgt	None	dead	0.0	0.0	0.0
los	None	dead	0.0	0.0	0.0
hgt	1454	1446	2138.89	1892.56	2015.725
hgt	116	GCA.001593875.1.Archaea.Thermoproteota	1076.3105	0.0	538.15525
hgt	332	GCA.002364485.1.Bacteria.Planctomycetota	994.0835	0.0	497.04175
spe	1454	1446	2138.89	1892.56	2015.725
spe	1445	1444	1683.66	1493.995	1588.8275
los	1445	1444	1683.66	1493.995	1588.8275
spe	1446	1440	1892.56	1749.24	1820.9
hgt	1440	GCF.001306175.1.Bacteria.Chloroflexota	1749.24	0.0	874.62
los	1440	GCF.001306175.1.Bacteria.Chloroflexota	1749.24	0.0	874.62
hgt	None	dead	0.0	0.0	0.0
hgt	None	dead	0.0	0.0	0.0
los	None	dead	0.0	0.0	0.0
dup	1440	1439	1749.24	1503.92	1626.58
spe	1440	1439	1749.24	1503.92	1626.58
spe	1438	1437	1310.445	1179.4025	1244.92375
los	1438	1437	1310.445	1179.4025	1244.92375
spe	1439	GCF.900187885.1.Bacteria.Chloroflexota	1503.92	0.0	751.96
los	1439	GCF.900187885.1.Bacteria.Chloroflexota	1503.92	0.0	751.96
spe	1438	GCA.002841995.1.Bacteria.Chloroflexota	1310.445	0.0	655.2225
los	1438	GCA.002841995.1.Bacteria.Chloroflexota	1310.445	0.0	655.2225
spe	1438	1437	1310.445	1179.4025	1244.92375
hgt	None	dead	0.0	0.0	0.0
hgt	None	dead	0.0	0.0	0.0
los	None	dead	0.0	0.0	0.0
hgt	None	dead	0.0	0.0	0.0
hgt	None	dead	0.0	0.0	0.0
los	None	dead	0.0	0.0	0.0
spe	817	813	1842.425	1701.895	1772.16
spe	807	GCA.002841945.1.Bacteria.Myxococcota	1480.85	0.0	740.425
los	807	GCA.002841945.1.Bacteria.Myxococcota	1480.85	0.0	740.425
spe	812	811	1577.595	1395.975	1486.785
los	812	811	1577.595	1395.975	1486.785
hgt	None	dead	0.0	0.0	0.0
los	900	899	3113.87	3007.825	3060.8475
hgt	None	dead	0.0	0.0	0.0
los	None	dead	0.0	0.0	0.0
spe	1469	1467	1899.175	1752.37	1825.7725
spe	901	663	3242.11	3154.255	3198.1825
hgt	None	dead	0.0	0.0	0.0
los	663	397	3154.255	2952.9	3053.5775
hgt	None	dead	0.0	0.0	0.0
los	None	dead	0.0	0.0	0.0
spe	663	662	3154.255	3076.16	3115.2075
hgt	None	dead	0.0	0.0	0.0
los	662	400	3076.16	2337.685	2706.9225
hgt	None	dead	0.0	0.0	0.0
los	None	dead	0.0	0.0	0.0
spe	661	660	3025.1	2520.845	2772.9725
los	661	660	3025.1	2520.845	2772.9725
spe	655	403	2961.955	2470.89	2716.4225
los	655	403	2961.955	2470.89	2716.4225
dup	655	654	2961.955	2819.98	2890.9675
spe	655	654	2961.955	2819.98	2890.9675
spe	520	519	2728.775	2563.7	2646.2375
los	520	519	2728.775	2563.7	2646.2375
spe	406	GCF.002795805.1.Bacteria.Proteobacteria	2518.42	0.0	1259.21
los	406	GCF.002795805.1.Bacteria.Proteobacteria	2518.42	0.0	1259.21
spe	653	GCF.001399755.1.Bacteria.Proteobacteria	2511.255	0.0	1255.6275
los	653	GCF.001399755.1.Bacteria.Proteobacteria	2511.255	0.0	1255.6275
spe	652	526	2343.17	2011.455	2177.3125
los	652	526	2343.17	2011.455	2177.3125
dup	652	651	2343.17	2202.31	2272.74
hgt	None	dead	0.0	0.0	0.0
spe	652	651	2343.17	2202.31	2272.74
spe	650	536	2111.655	1835.635	1973.645
los	650	536	2111.655	1835.635	1973.645
spe	650	649	2111.655	2046.605	2079.13
spe	543	539	1880.315	1679.045	1779.68
los	543	539	1880.315	1679.045	1779.68
spe	542	GCA.002352565.1.Bacteria.Proteobacteria	1703.185	0.0	851.5925
los	542	GCA.002352565.1.Bacteria.Proteobacteria	1703.185	0.0	851.5925
spe	649	648	2046.605	1974.705	2010.655
spe	562	561	1813.695	1737.62	1775.6575
los	562	561	1813.695	1737.62	1775.6575
spe	546	GCA.002747435.1.Bacteria.Proteobacteria	1450.69	0.0	725.345
los	546	GCA.002747435.1.Bacteria.Proteobacteria	1450.69	0.0	725.345
spe	648	647	1974.705	1898.035	1936.37
spe	647	571	1898.035	1737.025	1817.53
spe	570	GCA.002255365.1.Bacteria.Proteobacteria	1581.87	0.0	790.935
los	570	GCA.002255365.1.Bacteria.Proteobacteria	1581.87	0.0	790.935
spe	568	GCA.002862435.1.Bacteria.Proteobacteria	1421.955	0.0	710.9775
los	568	GCA.002862435.1.Bacteria.Proteobacteria	1421.955	0.0	710.9775
hgt	None	dead	0.0	0.0	0.0
los	571	565	1737.025	1459.56	1598.2925
hgt	None	dead	0.0	0.0	0.0
los	None	dead	0.0	0.0	0.0
spe	646	588	1850.35	1741.465	1795.9075
los	646	588	1850.35	1741.465	1795.9075
spe	646	645	1850.35	1783.08	1816.715
spe	645	644	1783.08	1640.815	1711.9475
dup	644	643	1640.815	1460.61	1550.7125
spe	643	642	1460.61	1315.1	1387.855
los	643	642	1460.61	1315.1	1387.855
spe	639	GCA.003230085.1.Bacteria.Proteobacteria	1235.875	0.0	617.9375
los	639	GCA.003230085.1.Bacteria.Proteobacteria	1235.875	0.0	617.9375
spe	644	643	1640.815	1460.61	1550.7125
spe	639	GCA.002400775.1.Bacteria.Proteobacteria	1235.875	0.0	617.9375
los	639	GCA.002400775.1.Bacteria.Proteobacteria	1235.875	0.0	617.9375
spe	643	642	1460.61	1315.1	1387.855
hgt	557	GCA.002728355.1.Bacteria.Proteobacteria	1159.506	0.0	579.753
hgt	None	dead	0.0	0.0	0.0
los	644	636	1640.815	1563.065	1601.94
hgt	None	dead	0.0	0.0	0.0
los	None	dead	0.0	0.0	0.0
spe	602	601	1545.47	1388.16	1466.815
spe	600	GCA.002007425.1.Bacteria.Proteobacteria	1178.33	0.0	589.165
los	600	GCA.002007425.1.Bacteria.Proteobacteria	1178.33	0.0	589.165
spe	598	GCA.002292285.1.Bacteria.Proteobacteria	872.755	0.0	436.3775
los	598	GCA.002292285.1.Bacteria.Proteobacteria	872.755	0.0	436.3775
spe	595	GCA.002454015.1.Bacteria.Proteobacteria	1179.98	0.0	589.99
los	595	GCA.002454015.1.Bacteria.Proteobacteria	1179.98	0.0	589.99
spe	631	630	1709.925	1575.32	1642.6225
los	631	630	1709.925	1575.32	1642.6225
spe	631	603	1709.925	1631.14	1670.5325
spe	603	602	1631.14	1545.47	1588.305
spe	601	595	1388.16	1179.98	1284.07
los	601	595	1388.16	1179.98	1284.07
spe	600	598	1178.33	872.755	1025.5425
los	600	598	1178.33	872.755	1025.5425
spe	592	GCF.001720165.1.Bacteria.Proteobacteria	1238.975	0.0	619.4875
los	592	GCF.001720165.1.Bacteria.Proteobacteria	1238.975	0.0	619.4875
spe	533	532	1994.64	1609.445	1802.0425
los	533	532	1994.64	1609.445	1802.0425
spe	533	529	1994.64	1776.585	1885.6125
hgt	644	636	1640.815	1563.065	1601.94
hgt	595	GCA.002454015.1.Bacteria.Proteobacteria	1179.98	0.0	589.99
dup	644	636	1640.815	1563.065	1601.94
spe	636	GCA.002840095.1.Bacteria.Proteobacteria	1563.065	0.0	781.5325
los	636	GCA.002840095.1.Bacteria.Proteobacteria	1563.065	0.0	781.5325
spe	634	GCF.002020875.1.Bacteria.Proteobacteria	1398.775	0.0	699.3875
los	634	GCF.002020875.1.Bacteria.Proteobacteria	1398.775	0.0	699.3875
spe	644	636	1640.815	1563.065	1601.94
spe	634	GCF.001697225.1.Bacteria.Proteobacteria	1398.775	0.0	699.3875
los	634	GCF.001697225.1.Bacteria.Proteobacteria	1398.775	0.0	699.3875
dup	None	dead	0.0	0.0	0.0
hgt	None	dead	0.0	0.0	0.0
los	None	dead	0.0	0.0	0.0
hgt	None	dead	0.0	0.0	0.0
los	None	dead	0.0	0.0	0.0
spe	651	533	2202.31	1994.64	2098.475
los	651	533	2202.31	1994.64	2098.475
spe	650	536	2111.655	1835.635	1973.645
los	650	536	2111.655	1835.635	1973.645
spe	649	543	2046.605	1880.315	1963.46
los	649	543	2046.605	1880.315	1963.46
spe	649	648	2046.605	1974.705	2010.655
spe	647	571	1898.035	1737.025	1817.53
los	647	571	1898.035	1737.025	1817.53
spe	646	645	1850.35	1783.08	1816.715
los	646	645	1850.35	1783.08	1816.715
spe	588	587	1741.465	1367.14	1554.3025
los	588	587	1741.465	1367.14	1554.3025
spe	576	574	1593.015	1337.465	1465.24
los	576	574	1593.015	1337.465	1465.24
spe	648	562	1974.705	1813.695	1894.2
spe	546	GCF.000021985.1.Bacteria.Proteobacteria	1450.69	0.0	725.345
los	546	GCF.000021985.1.Bacteria.Proteobacteria	1450.69	0.0	725.345
spe	562	561	1813.695	1737.62	1775.6575
hgt	None	dead	0.0	0.0	0.0
los	561	553	1737.62	1585.42	1661.52
hgt	None	dead	0.0	0.0	0.0
los	None	dead	0.0	0.0	0.0
spe	560	GCA.001735895.1.Bacteria.Proteobacteria	1548.725	0.0	774.3625
los	560	GCA.001735895.1.Bacteria.Proteobacteria	1548.725	0.0	774.3625
spe	558	557	1383.43	1159.506	1271.468
los	558	557	1383.43	1159.506	1271.468
hgt	None	dead	0.0	0.0	0.0
hgt	None	dead	0.0	0.0	0.0
los	None	dead	0.0	0.0	0.0
spe	614	613	1428.05	1308.6	1368.325
spe	612	GCF.003612015.1.Bacteria.Proteobacteria	1154.76	0.0	577.38
los	612	GCF.003612015.1.Bacteria.Proteobacteria	1154.76	0.0	577.38
spe	611	GCF.003052605.1.Bacteria.Proteobacteria	873.257	0.0	436.6285
los	611	GCF.003052605.1.Bacteria.Proteobacteria	873.257	0.0	436.6285
spe	655	654	2961.955	2819.98	2890.9675
spe	520	406	2728.775	2518.42	2623.5975
los	520	406	2728.775	2518.42	2623.5975
spe	519	GCF.002109495.1.Bacteria.Proteobacteria	2563.7	0.0	1281.85
los	519	GCF.002109495.1.Bacteria.Proteobacteria	2563.7	0.0	1281.85
spe	518	GCA.002689455.1.Bacteria.Proteobacteria	2336.69	0.0	1168.345
los	518	GCA.002689455.1.Bacteria.Proteobacteria	2336.69	0.0	1168.345
spe	518	517	2336.69	2143.98	2240.335
hgt	514	513	1792.55	1728.66	1760.605
hgt	495	GCA.002796975.1.Bacteria.Proteobacteria	1115.4635	0.0	557.73175
hgt	415	GCA.002717245.1.Bacteria.Proteobacteria	1236.27	0.0	618.135
spe	514	513	1792.55	1728.66	1760.605
spe	512	511	1614.755	1534.63	1574.6925
los	512	511	1614.755	1534.63	1574.6925
spe	486	GCA.002721365.1.Bacteria.Proteobacteria	1342.71	0.0	671.355
los	486	GCA.002721365.1.Bacteria.Proteobacteria	1342.71	0.0	671.355
spe	513	483	1728.66	1679.37	1704.015
spe	482	481	1587.505	1510.43	1548.9675
los	482	481	1587.505	1510.43	1548.9675
spe	458	GCA.002340345.1.Bacteria.Proteobacteria	1466.17	0.0	733.085
los	458	GCA.002340345.1.Bacteria.Proteobacteria	1466.17	0.0	733.085
spe	456	GCF.002148795.1.Bacteria.Proteobacteria	1288.015	0.0	644.0075
los	456	GCF.002148795.1.Bacteria.Proteobacteria	1288.015	0.0	644.0075
spe	455	GCF.900102465.1.Bacteria.Proteobacteria	945.418	0.0	472.709
los	455	GCF.900102465.1.Bacteria.Proteobacteria	945.418	0.0	472.709
spe	454	GCA.002709155.1.Bacteria.Proteobacteria	825.9765	0.0	412.98825
los	454	GCA.002709155.1.Bacteria.Proteobacteria	825.9765	0.0	412.98825
spe	453	GCA.002457765.1.Bacteria.Proteobacteria	706.861	0.0	353.4305
los	453	GCA.002457765.1.Bacteria.Proteobacteria	706.861	0.0	353.4305
spe	447	446	1537.685	1337.995	1437.84
los	447	446	1537.685	1337.995	1437.84
spe	439	GCA.002723345.1.Bacteria.Proteobacteria	1378.685	0.0	689.3425
los	439	GCA.002723345.1.Bacteria.Proteobacteria	1378.685	0.0	689.3425
spe	516	428	2063.06	1947.315	2005.1875
los	516	428	2063.06	1947.315	2005.1875
spe	515	GCA.002632265.1.Bacteria.Proteobacteria	1939.7	0.0	969.85
los	515	GCA.002632265.1.Bacteria.Proteobacteria	1939.7	0.0	969.85
spe	515	514	1939.7	1792.55	1866.125
spe	513	512	1728.66	1614.755	1671.7075
los	513	512	1728.66	1614.755	1671.7075
spe	483	482	1679.37	1587.505	1633.4375
los	483	482	1679.37	1587.505	1633.4375
spe	483	447	1679.37	1537.685	1608.5275
spe	446	GCA.002717185.1.Bacteria.Proteobacteria	1337.995	0.0	668.9975
los	446	GCA.002717185.1.Bacteria.Proteobacteria	1337.995	0.0	668.9975
spe	445	GCA.002717225.1.Bacteria.Proteobacteria	1219.785	0.0	609.8925
los	445	GCA.002717225.1.Bacteria.Proteobacteria	1219.785	0.0	609.8925
spe	444	GCA.002686135.1.Bacteria.Proteobacteria	1051.014	0.0	525.507
los	444	GCA.002686135.1.Bacteria.Proteobacteria	1051.014	0.0	525.507
spe	447	439	1537.685	1378.685	1458.185
hgt	439	GCF.001613805.1.Bacteria.Proteobacteria	1378.685	0.0	689.3425
los	439	GCF.001613805.1.Bacteria.Proteobacteria	1378.685	0.0	689.3425
spe	514	436	1792.55	1682.45	1737.5
hgt	None	dead	0.0	0.0	0.0
los	436	435	1682.45	1491.68	1587.065
hgt	None	dead	0.0	0.0	0.0
los	None	dead	0.0	0.0	0.0
spe	654	653	2819.98	2511.255	2665.6175
spe	652	526	2343.17	2011.455	2177.3125
los	652	526	2343.17	2011.455	2177.3125
spe	652	651	2343.17	2202.31	2272.74
spe	650	536	2111.655	1835.635	1973.645
los	650	536	2111.655	1835.635	1973.645
spe	649	543	2046.605	1880.315	1963.46
los	649	543	2046.605	1880.315	1963.46
spe	648	562	1974.705	1813.695	1894.2
los	648	562	1974.705	1813.695	1894.2
spe	647	646	1898.035	1850.35	1874.1925
los	647	646	1898.035	1850.35	1874.1925
spe	571	565	1737.025	1459.56	1598.2925
los	571	565	1737.025	1459.56	1598.2925
spe	570	568	1581.87	1421.955	1501.9125
los	570	568	1581.87	1421.955	1501.9125
spe	533	532	1994.64	1609.445	1802.0425
los	533	532	1994.64	1609.445	1802.0425
spe	529	GCA.002420425.1.Bacteria.Proteobacteria	1776.585	0.0	888.2925
los	529	GCA.002420425.1.Bacteria.Proteobacteria	1776.585	0.0	888.2925
hgt	None	dead	0.0	0.0	0.0
hgt	None	dead	0.0	0.0	0.0
los	None	dead	0.0	0.0	0.0
hgt	None	dead	0.0	0.0	0.0
hgt	None	dead	0.0	0.0	0.0
hgt	None	dead	0.0	0.0	0.0
spe	902	390	3336.1	3073.69	3204.895
spe	389	371	2696.585	2464.19	2580.3875
los	389	371	2696.585	2464.19	2580.3875
spe	388	387	2486.95	2281.005	2383.9775
los	388	387	2486.95	2281.005	2383.9775
spe	376	374	2123.16	1638.665	1880.9125
los	376	374	2123.16	1638.665	1880.9125
hgt	None	dead	0.0	0.0	0.0
los	None	dead	0.0	0.0	0.0
spe	1324	1308	2099.855	1873.47	1986.6625
spe	1307	1305	1657.525	1479.61	1568.5675
los	1307	1305	1657.525	1479.61	1568.5675
spe	1308	1300	1873.47	1522.13	1697.8
hgt	1300	GCF.000620305.1.Bacteria.Firmicutes.B	1522.13	0.0	761.065
los	1300	GCF.000620305.1.Bacteria.Firmicutes.B	1522.13	0.0	761.065
hgt	35	GCA.001587715.1.Archaea.Methanobacteriota.B	2226.53	0.0	1113.265
hgt	140	GCF.000019605.1.Archaea.Thermoproteota	2557.41	0.0	1278.705
hgt	52	GCA.001595945.1.Archaea.Thermoplasmatota	1285.845	0.0	642.9225
hgt	832	GCA.002696345.1.Bacteria.Myxococcota	1570.54	0.0	785.27
hgt	None	dead	0.0	0.0	0.0
los	None	dead	0.0	0.0	0.0
spe	753	751	2050.24	1894.43	1972.335
spe	751	749	1894.43	1737.095	1815.7625
hgt	749	GCA.003229375.1.Bacteria.Nitrospinota	1737.095	0.0	868.5475
los	749	GCA.003229375.1.Bacteria.Nitrospinota	1737.095	0.0	868.5475
hgt	861	GCA.001304105.1.Bacteria.Desulfobacterota	1594.73	0.0	797.365
hgt	853	GCA.001797415.1.Bacteria.Desulfobacterota	2005.945	0.0	1002.9725
hgt	727	GCA.001805205.1.Bacteria.Nitrospirota	1736.985	0.0	868.4925
hgt	47	GCA.002494765.1.Archaea.Thermoplasmatota	1547.68	0.0	773.84
dup	None	dead	0.0	0.0	0.0
hgt	None	dead	0.0	0.0	0.0
los	None	dead	0.0	0.0	0.0
hgt	None	dead	0.0	0.0	0.0
los	None	dead	0.0	0.0	0.0
spe	812	811	1577.595	1395.975	1486.785
hgt	386	GCA.002450905.1.Bacteria.Spirochaetota	1962.46	0.0	981.23
hgt	966	GCA.003167015.1.Bacteria.Bacteroidota	1413.085	0.0	706.5425
hgt	1305	GCF.002207765.1.Bacteria.Firmicutes.B	1479.61	0.0	739.805
spe	278	262	3383.28	3129.85	3256.565
los	278	262	3383.28	3129.85	3256.565
spe	278	277	3383.28	3121.045	3252.1625
spe	276	270	3066.185	2744.13	2905.1575
los	276	270	3066.185	2744.13	2905.1575
spe	275	274	2803.71	2054.16	2428.935
los	275	274	2803.71	2054.16	2428.935
spe	277	267	3121.045	2714.255	2917.65
hgt	None	dead	0.0	0.0	0.0
los	267	265	2714.255	1925.84	2320.0475
hgt	None	dead	0.0	0.0	0.0
los	None	dead	0.0	0.0	0.0
hgt	374	GCF.000266885.1.Bacteria.Spirochaetota	1638.665	0.0	819.3325
spe	1726	1725	3776.22	3726.035	3751.1275
hgt	None	dead	0.0	0.0	0.0
los	1725	1393	3726.035	3573.7	3649.8675
hgt	None	dead	0.0	0.0	0.0
los	None	dead	0.0	0.0	0.0
spe	1725	1724	3726.035	3611.965	3669.0
hgt	None	dead	0.0	0.0	0.0
los	1724	1642	3611.965	3511.74	3561.8525
hgt	None	dead	0.0	0.0	0.0
los	None	dead	0.0	0.0	0.0
spe	1724	1723	3611.965	3457.54	3534.7525
hgt	None	dead	0.0	0.0	0.0
los	1723	1657	3457.54	3284.32	3370.93
hgt	None	dead	0.0	0.0	0.0
los	None	dead	0.0	0.0	0.0
spe	1723	1722	3457.54	3243.33	3350.435
hgt	None	dead	0.0	0.0	0.0
los	1722	1664	3243.33	2786.595	3014.9625
hgt	None	dead	0.0	0.0	0.0
los	None	dead	0.0	0.0	0.0
spe	588	587	1741.465	1367.14	1554.3025
spe	586	GCA.003228965.1.Bacteria.Proteobacteria	1254.4	0.0	627.2
los	586	GCA.003228965.1.Bacteria.Proteobacteria	1254.4	0.0	627.2
spe	585	GCA.002338605.1.Bacteria.Proteobacteria	1064.929	0.0	532.4645
los	585	GCA.002338605.1.Bacteria.Proteobacteria	1064.929	0.0	532.4645
spe	581	GCA.002868855.1.Bacteria.Proteobacteria	1215.78	0.0	607.89
los	581	GCA.002868855.1.Bacteria.Proteobacteria	1215.78	0.0	607.89
spe	579	GCA.003137095.1.Bacteria.Proteobacteria	935.164	0.0	467.582
los	579	GCA.003137095.1.Bacteria.Proteobacteria	935.164	0.0	467.582
spe	1722	1721	3243.33	3160.365	3201.8475
spe	1721	1720	3160.365	2612.48	2886.4225
hgt	270	GCA.001567115.1.Bacteria.OLB16	2744.13	0.0	1372.065
hgt	1720	GCF.000484535.1.Bacteria.Cyanobacteria	2612.48	0.0	1306.24
los	1720	GCF.000484535.1.Bacteria.Cyanobacteria	2612.48	0.0	1306.24
spe	1720	1719	2612.48	2501.03	2556.755
spe	1718	1704	2361.38	2246.435	2303.9075
los	1718	1704	2361.38	2246.435	2303.9075
spe	1717	1716	2144.885	1743.295	1944.09
los	1717	1716	2144.885	1743.295	1944.09
hgt	None	dead	0.0	0.0	0.0
hgt	None	dead	0.0	0.0	0.0
los	None	dead	0.0	0.0	0.0
hgt	None	dead	0.0	0.0	0.0
hgt	None	dead	0.0	0.0	0.0
los	None	dead	0.0	0.0	0.0
hgt	None	dead	0.0	0.0	0.0
los	1721	1667	3160.365	2867.145	3013.755
hgt	None	dead	0.0	0.0	0.0
los	None	dead	0.0	0.0	0.0
