event	left_node	right_node	left_date	right_date	midpoint_date
dup	178	177	3153.655	2975.235	3064.445
hgt	None	dead	0.0	0.0	0.0
spe	178	177	3153.655	2975.235	3064.445
spe	176	140	2798.9	2626.73	2712.815
los	176	140	2798.9	2626.73	2712.815
spe	175	143	2653.515	1902.65	2278.0825
los	175	143	2653.515	1902.65	2278.0825
spe	174	173	2527.615	2445.14	2486.3775
los	174	173	2527.615	2445.14	2486.3775
spe	95	94	2751.94	2705.465	2728.7025
los	95	94	2751.94	2705.465	2728.7025
spe	39	38	2176.73	1770.925	1973.8275
los	39	38	2176.73	1770.925	1973.8275
spe	35	GCF.002201895.1.Archaea.Euryarchaeota	1886.455	0.0	943.2275
los	35	GCF.002201895.1.Archaea.Euryarchaeota	1886.455	0.0	943.2275
dup	35	GCA.001587715.1.Archaea.Methanobacteriota.B	1886.455	0.0	943.2275
dup	None	dead	0.0	0.0	0.0
hgt	None	dead	0.0	0.0	0.0
los	None	dead	0.0	0.0	0.0
hgt	None	dead	0.0	0.0	0.0
los	None	dead	0.0	0.0	0.0
spe	178	177	3153.655	2975.235	3064.445
spe	177	95	2975.235	2751.94	2863.5875
spe	39	35	2176.73	1886.455	2031.5925
los	39	35	2176.73	1886.455	2031.5925
spe	38	GCA.001515205.2.Archaea.Hadarchaeota	1770.925	0.0	885.4625
los	38	GCA.001515205.2.Archaea.Hadarchaeota	1770.925	0.0	885.4625
spe	95	94	2751.94	2705.465	2728.7025
spe	42	GCA.002502135.1.Archaea.Undinarchaeota	2027.525	0.0	1013.7625
los	42	GCA.002502135.1.Archaea.Undinarchaeota	2027.525	0.0	1013.7625
spe	93	92	2558.825	2447.115	2502.97
los	93	92	2558.825	2447.115	2502.97
hgt	None	dead	0.0	0.0	0.0
hgt	None	dead	0.0	0.0	0.0
los	None	dead	0.0	0.0	0.0
hgt	390	GCA.002780065.1.Bacteria.UBA8481	3029.745	0.0	1514.8725
spe	177	176	2975.235	2798.9	2887.0675
spe	176	140	2798.9	2626.73	2712.815
hgt	140	GCF.000019605.1.Archaea.Thermoproteota	2626.73	0.0	1313.365
los	140	GCF.000019605.1.Archaea.Thermoproteota	2626.73	0.0	1313.365
spe	92	91	2447.115	2166.265	2306.69
hgt	128	GCA.002011075.1.Archaea.Thermoproteota	925.9285	0.0	462.96425
spe	90	74	1969.495	1616.7	1793.0975
los	90	74	1969.495	1616.7	1793.0975
spe	90	89	1969.495	1812.405	1890.95
spe	89	77	1812.405	1412.42	1612.4125
spe	88	80	1663.625	1371.305	1517.465
los	88	80	1663.625	1371.305	1517.465
spe	87	GCA.002256595.1.Archaea.Halobacteriota	1542.125	0.0	771.0625
los	87	GCA.002256595.1.Archaea.Halobacteriota	1542.125	0.0	771.0625
spe	86	GCA.001412335.1.Archaea.Halobacteriota	1366.345	0.0	683.1725
los	86	GCA.001412335.1.Archaea.Halobacteriota	1366.345	0.0	683.1725
spe	86	84	1366.345	1169.197	1267.771
spe	140	139	2626.73	2517.75	2572.24
spe	138	137	2383.655	2168.41	2276.0325
los	138	137	2383.655	2168.41	2276.0325
spe	124	GCA.002495485.1.Archaea.Thermoproteota	2123.145	0.0	1061.5725
los	124	GCA.002495485.1.Archaea.Thermoproteota	2123.145	0.0	1061.5725
spe	124	123	2123.145	1998.805	2060.975
spe	113	GCA.001593865.1.Archaea.Thermoproteota	1643.05	0.0	821.525
los	113	GCA.001593865.1.Archaea.Thermoproteota	1643.05	0.0	821.525
spe	123	122	1998.805	1853.335	1926.07
spe	118	116	1643.115	1108.5585	1375.83675
los	118	116	1643.115	1108.5585	1375.83675
spe	121	GCA.001273335.1.Archaea.Thermoproteota	1422.225	0.0	711.1125
los	121	GCA.001273335.1.Archaea.Thermoproteota	1422.225	0.0	711.1125
spe	109	103	2214.8	1798.43	2006.615
los	109	103	2214.8	1798.43	2006.615
spe	109	108	2214.8	1863.195	2038.9975
spe	108	107	1863.195	1515.18	1689.1875
hgt	107	GCA.001717025.1.Archaea.Thermoproteota	1515.18	0.0	757.59
los	107	GCA.001717025.1.Archaea.Thermoproteota	1515.18	0.0	757.59
hgt	899	743	2936.525	2681.09	2808.8075
spe	176	175	2798.9	2653.515	2726.2075
spe	175	174	2653.515	2527.615	2590.565
spe	173	172	2445.14	1813.355	2129.2475
los	173	172	2445.14	1813.355	2129.2475
spe	151	150	2127.23	1481.835	1804.5325
los	151	150	2127.23	1481.835	1804.5325
spe	147	GCA.001940755.1.Archaea.Asgardarchaeota	1579.1	0.0	789.55
los	147	GCA.001940755.1.Archaea.Asgardarchaeota	1579.1	0.0	789.55
hgt	174	GCA.001940665.1.Archaea.Asgardarchaeota	2527.615	0.0	1263.8075
los	174	GCA.001940665.1.Archaea.Asgardarchaeota	2527.615	0.0	1263.8075
spe	136	134	2026.55	1807.525	1917.0375
spe	130	GCA.001510295.1.Archaea.Thermoproteota	1643.645	0.0	821.8225
los	130	GCA.001510295.1.Archaea.Thermoproteota	1643.645	0.0	821.8225
spe	128	GCA.002011075.1.Archaea.Thermoproteota	925.9285	0.0	462.96425
los	128	GCA.002011075.1.Archaea.Thermoproteota	925.9285	0.0	462.96425
spe	133	GCA.000405685.1.Archaea.Thermoproteota	1484.13	0.0	742.065
los	133	GCA.000405685.1.Archaea.Thermoproteota	1484.13	0.0	742.065
spe	175	143	2653.515	1902.65	2278.0825
hgt	143	GCA.001563325.1.Archaea.Asgardarchaeota	1902.65	0.0	951.325
los	143	GCA.001563325.1.Archaea.Asgardarchaeota	1902.65	0.0	951.325
spe	61	60	1811.47	1534.115	1672.7925
spe	59	GCA.002011395.1.Archaea.Thermoplasmatota	1276.445	0.0	638.2225
los	59	GCA.002011395.1.Archaea.Thermoplasmatota	1276.445	0.0	638.2225
hgt	86	GCA.001412335.1.Archaea.Halobacteriota	1366.345	0.0	683.1725
spe	899	743	2936.525	2681.09	2808.8075
spe	743	742	2681.09	2393.59	2537.34
hgt	70	54	2126.625	1938.605	2032.615
spe	742	741	2393.59	1693.345	2043.4675
hgt	137	GCA.002255045.1.Archaea.Thermoproteota	2168.41	0.0	1084.205
hgt	741	GCA.003220615.1.Bacteria.Methylomirabilota	1693.345	0.0	846.6725
los	741	GCA.003220615.1.Bacteria.Methylomirabilota	1693.345	0.0	846.6725
spe	101	99	1577.935	1356.82	1467.3775
hgt	1426	GCF.001953175.1.Bacteria.Chloroflexota	1994.025	0.0	997.0125
hgt	185	GCA.001791795.1.Bacteria.Wallbacteria	3017.615	0.0	1508.8075
spe	70	54	2126.625	1938.605	2032.615
spe	53	52	1580.44	1320.27	1450.355
los	53	52	1580.44	1320.27	1450.355
spe	48	GCA.003009755.1.Archaea.Thermoplasmatota	1716.14	0.0	858.07
los	48	GCA.003009755.1.Archaea.Thermoplasmatota	1716.14	0.0	858.07
spe	48	47	1716.14	1480.595	1598.3675
hgt	107	GCA.001717025.1.Archaea.Thermoproteota	1515.18	0.0	757.59
hgt	118	116	1643.115	1108.5585	1375.83675
spe	118	116	1643.115	1108.5585	1375.83675
hgt	473	GCA.002257235.1.Bacteria.Proteobacteria	1176.189	0.0	588.0945
hgt	356	GCA.001828445.1.Bacteria.Planctomycetota	1629.915	0.0	814.9575
hgt	188	GCA.001787855.1.Bacteria.Riflebacteria	2641.665	0.0	1320.8325
hgt	276	275	2570.7	2298.405	2434.5525
hgt	None	dead	0.0	0.0	0.0
hgt	None	dead	0.0	0.0	0.0
los	None	dead	0.0	0.0	0.0
hgt	None	dead	0.0	0.0	0.0
hgt	None	dead	0.0	0.0	0.0
los	None	dead	0.0	0.0	0.0
spe	742	738	2393.59	2076.07	2234.83
spe	738	737	2076.07	1863.46	1969.765
spe	736	GCA.003454665.1.Bacteria.Nitrospirota	1526.965	0.0	763.4825
los	736	GCA.003454665.1.Bacteria.Nitrospirota	1526.965	0.0	763.4825
hgt	737	733	1863.46	1467.515	1665.4875
los	737	733	1863.46	1467.515	1665.4875
spe	738	728	2076.07	1746.94	1911.505
spe	727	GCA.001805205.1.Bacteria.Nitrospirota	1484.11	0.0	742.055
los	727	GCA.001805205.1.Bacteria.Nitrospirota	1484.11	0.0	742.055
hgt	728	724	1746.94	1396.405	1571.6725
los	728	724	1746.94	1396.405	1571.6725
spe	32	26	2402.345	790.375	1596.36
spe	276	275	2570.7	2298.405	2434.5525
hgt	798	797	2124.995	1832.825	1978.91
hgt	270	GCA.001567115.1.Bacteria.OLB16	2158.53	0.0	1079.265
hgt	None	dead	0.0	0.0	0.0
hgt	653	GCF.001399755.1.Bacteria.Proteobacteria	2587.485	0.0	1293.7425
hgt	839	829	2054.51	2001.85	2028.18
hgt	529	GCA.002451085.1.Bacteria.Proteobacteria	1606.235	0.0	803.1175
hgt	345	GCA.002746235.1.Bacteria.Planctomycetota	1540.73	0.0	770.365
hgt	634	GCF.001697225.1.Bacteria.Proteobacteria	1386.92	0.0	693.46
hgt	648	647	2020.585	1948.805	1984.695
spe	839	829	2054.51	2001.85	2028.18
hgt	515	514	2084.22	1954.11	2019.165
spe	817	816	1835.155	1328.145	1581.65
los	817	816	1835.155	1328.145	1581.65
spe	817	813	1835.155	1676.35	1755.7525
spe	812	811	1516.905	1313.225	1415.065
los	812	811	1516.905	1313.225	1415.065
spe	813	807	1676.35	1389.97	1533.16
hgt	807	GCA.002789955.1.Bacteria.Myxococcota	1389.97	0.0	694.985
los	807	GCA.002789955.1.Bacteria.Myxococcota	1389.97	0.0	694.985
hgt	None	dead	0.0	0.0	0.0
hgt	None	dead	0.0	0.0	0.0
los	None	dead	0.0	0.0	0.0
spe	515	514	2084.22	1954.11	2019.165
spe	514	436	1954.11	1751.05	1852.58
spe	435	GCA.006969625.1.Bacteria.Proteobacteria	1536.91	0.0	768.455
los	435	GCA.006969625.1.Bacteria.Proteobacteria	1536.91	0.0	768.455
spe	434	GCA.002238885.1.Bacteria.Proteobacteria	1353.935	0.0	676.9675
los	434	GCA.002238885.1.Bacteria.Proteobacteria	1353.935	0.0	676.9675
hgt	436	GCA.002722885.1.Bacteria.Proteobacteria	1751.05	0.0	875.525
los	436	GCA.002722885.1.Bacteria.Proteobacteria	1751.05	0.0	875.525
spe	812	811	1516.905	1313.225	1415.065
dup	514	513	1954.11	1885.97	1920.04
spe	514	513	1954.11	1885.97	1920.04
spe	483	447	1836.685	1643.315	1740.0
los	483	447	1836.685	1643.315	1740.0
spe	482	481	1750.105	1674.98	1712.5425
los	482	481	1750.105	1674.98	1712.5425
spe	458	GCA.002340345.1.Bacteria.Proteobacteria	1624.365	0.0	812.1825
los	458	GCA.002340345.1.Bacteria.Proteobacteria	1624.365	0.0	812.1825
spe	458	456	1624.365	1476.57	1550.4675
spe	456	455	1476.57	1226.72	1351.645
spe	455	454	1226.72	1094.241	1160.4805
hgt	454	453	1094.241	948.5585	1021.39975
los	454	453	1094.241	948.5585	1021.39975
hgt	462	GCF.000315795.1.Bacteria.Proteobacteria	1117.2015	0.0	558.60075
hgt	468	GCF.900167455.1.Bacteria.Proteobacteria	1359.195	0.0	679.5975
hgt	434	GCA.002238885.1.Bacteria.Proteobacteria	1353.935	0.0	676.9675
hgt	415	GCA.002717245.1.Bacteria.Proteobacteria	1297.065	0.0	648.5325
spe	512	486	1775.885	1397.735	1586.81
los	512	486	1775.885	1397.735	1586.81
spe	512	511	1775.885	1694.565	1735.225
spe	510	509	1636.78	1544.73	1590.755
los	510	509	1636.78	1544.73	1590.755
spe	492	GCF.900172325.1.Bacteria.Proteobacteria	1312.7	0.0	656.35
los	492	GCF.900172325.1.Bacteria.Proteobacteria	1312.7	0.0	656.35
hgt	None	dead	0.0	0.0	0.0
hgt	None	dead	0.0	0.0	0.0
los	None	dead	0.0	0.0	0.0
spe	511	489	1694.565	1316.195	1505.38
spe	514	513	1954.11	1885.97	1920.04
spe	513	483	1885.97	1836.685	1861.3275
spe	483	482	1836.685	1750.105	1793.395
spe	482	458	1750.105	1624.365	1687.235
hgt	435	GCA.006969625.1.Bacteria.Proteobacteria	1536.91	0.0	768.455
hgt	None	dead	0.0	0.0	0.0
hgt	None	dead	0.0	0.0	0.0
los	None	dead	0.0	0.0	0.0
hgt	458	456	1624.365	1476.57	1550.4675
los	458	456	1624.365	1476.57	1550.4675
hgt	1041	GCA.002686955.1.Bacteria.Gemmatimonadota.A	2350.395	0.0	1175.1975
spe	482	481	1750.105	1674.98	1712.5425
hgt	None	dead	0.0	0.0	0.0
los	481	480	1674.98	1549.46	1612.22
hgt	None	dead	0.0	0.0	0.0
los	None	dead	0.0	0.0	0.0
spe	446	445	1453.89	1339.17	1396.53
spe	444	GCA.002348425.1.Bacteria.Proteobacteria	1137.223	0.0	568.6115
los	444	GCA.002348425.1.Bacteria.Proteobacteria	1137.223	0.0	568.6115
spe	469	468	1543.27	1359.195	1451.2325
los	469	468	1543.27	1359.195	1451.2325
spe	469	463	1543.27	1394.155	1468.7125
spe	462	GCF.000315795.1.Bacteria.Proteobacteria	1117.2015	0.0	558.60075
los	462	GCF.000315795.1.Bacteria.Proteobacteria	1117.2015	0.0	558.60075
hgt	486	GCA.002721365.1.Bacteria.Proteobacteria	1397.735	0.0	698.8675
spe	483	447	1836.685	1643.315	1740.0
hgt	804	GCA.002731275.1.Bacteria.Myxococcota	1824.305	0.0	912.1525
hgt	None	dead	0.0	0.0	0.0
los	447	446	1643.315	1453.89	1548.6025
hgt	None	dead	0.0	0.0	0.0
los	None	dead	0.0	0.0	0.0
spe	447	439	1643.315	1422.265	1532.79
hgt	439	GCA.002723345.1.Bacteria.Proteobacteria	1422.265	0.0	711.1325
los	439	GCA.002723345.1.Bacteria.Proteobacteria	1422.265	0.0	711.1325
spe	513	512	1885.97	1775.885	1830.9275
spe	512	486	1775.885	1397.735	1586.81
hgt	486	GCA.002721365.1.Bacteria.Proteobacteria	1397.735	0.0	698.8675
los	486	GCA.002721365.1.Bacteria.Proteobacteria	1397.735	0.0	698.8675
spe	511	489	1694.565	1316.195	1505.38
los	511	489	1694.565	1316.195	1505.38
spe	511	510	1694.565	1636.78	1665.6725
spe	510	492	1636.78	1312.7	1474.74
hgt	492	GCF.002798435.1.Bacteria.Proteobacteria	1312.7	0.0	656.35
los	492	GCF.002798435.1.Bacteria.Proteobacteria	1312.7	0.0	656.35
hgt	439	GCA.002723345.1.Bacteria.Proteobacteria	1422.265	0.0	711.1325
hgt	828	GCA.002699025.1.Bacteria.Myxococcota	1750.53	0.0	875.265
hgt	436	GCA.002722885.1.Bacteria.Proteobacteria	1751.05	0.0	875.525
spe	509	495	1544.73	1237.1635	1390.94675
los	509	495	1544.73	1237.1635	1390.94675
spe	509	508	1544.73	1436.825	1490.7775
spe	508	507	1436.825	1269.025	1352.925
spe	503	GCA.002280485.1.Bacteria.Proteobacteria	1116.0495	0.0	558.02475
los	503	GCA.002280485.1.Bacteria.Proteobacteria	1116.0495	0.0	558.02475
spe	501	GCA.003158585.1.Bacteria.Proteobacteria	884.6055	0.0	442.30275
los	501	GCA.003158585.1.Bacteria.Proteobacteria	884.6055	0.0	442.30275
spe	507	506	1269.025	1217.64	1243.3325
hgt	498	GCF.000192575.1.Bacteria.Proteobacteria	1261.48	0.0	630.74
hgt	503	GCA.002280485.1.Bacteria.Proteobacteria	1116.0495	0.0	558.02475
spe	508	498	1436.825	1261.48	1349.1525
hgt	498	GCF.000192575.1.Bacteria.Proteobacteria	1261.48	0.0	630.74
los	498	GCF.000192575.1.Bacteria.Proteobacteria	1261.48	0.0	630.74
spe	828	GCA.002699025.1.Bacteria.Myxococcota	1750.53	0.0	875.265
los	828	GCA.002699025.1.Bacteria.Myxococcota	1750.53	0.0	875.265
spe	828	827	1750.53	1617.135	1683.8325
spe	826	GCA.002747355.1.Bacteria.Myxococcota	1444.855	0.0	722.4275
los	826	GCA.002747355.1.Bacteria.Myxococcota	1444.855	0.0	722.4275
spe	825	GCA.003170275.1.Bacteria.Myxococcota	1134.553	0.0	567.2765
los	825	GCA.003170275.1.Bacteria.Myxococcota	1134.553	0.0	567.2765
spe	821	GCA.002841825.1.Bacteria.Myxococcota	1377.535	0.0	688.7675
los	821	GCA.002841825.1.Bacteria.Myxococcota	1377.535	0.0	688.7675
spe	648	647	2020.585	1948.805	1984.695
spe	647	646	1948.805	1902.685	1925.745
spe	588	587	1773.33	1495.94	1634.635
los	588	587	1773.33	1495.94	1634.635
spe	588	576	1773.33	1581.265	1677.2975
spe	574	GCF.000374645.1.Bacteria.Proteobacteria	1330.6	0.0	665.3
los	574	GCF.000374645.1.Bacteria.Proteobacteria	1330.6	0.0	665.3
spe	646	645	1902.685	1840.255	1871.47
spe	644	636	1647.11	1555.685	1601.3975
los	644	636	1647.11	1555.685	1601.3975
spe	643	639	1467.95	1269.845	1368.8975
los	643	639	1467.95	1269.845	1368.8975
spe	642	GCA.001447805.1.Bacteria.Proteobacteria	1332.36	0.0	666.18
los	642	GCA.001447805.1.Bacteria.Proteobacteria	1332.36	0.0	666.18
spe	645	631	1840.255	1777.47	1808.8625
hgt	562	561	1844.995	1768.445	1806.72
hgt	None	dead	0.0	0.0	0.0
hgt	None	dead	0.0	0.0	0.0
los	None	dead	0.0	0.0	0.0
hgt	None	dead	0.0	0.0	0.0
los	631	630	1777.47	1673.23	1725.35
hgt	None	dead	0.0	0.0	0.0
los	None	dead	0.0	0.0	0.0
spe	600	598	1276.255	953.337	1114.796
spe	562	561	1844.995	1768.445	1806.72
spe	553	552	1596.945	1380.83	1488.8875
los	553	552	1596.945	1380.83	1488.8875
spe	561	560	1768.445	1588.765	1678.605
spe	560	558	1588.765	1434.31	1511.5375
hgt	558	557	1434.31	1225.2445	1329.77725
los	558	557	1434.31	1225.2445	1329.77725
spe	631	603	1777.47	1696.92	1737.195
hgt	None	dead	0.0	0.0	0.0
hgt	None	dead	0.0	0.0	0.0
los	None	dead	0.0	0.0	0.0
hgt	1703	1679	2001.35	1509.135	1755.2425
hgt	592	GCF.000024725.1.Bacteria.Proteobacteria	1273.215	0.0	636.6075
hgt	None	dead	0.0	0.0	0.0
hgt	None	dead	0.0	0.0	0.0
los	None	dead	0.0	0.0	0.0
spe	1703	1679	2001.35	1509.135	1755.2425
spe	1679	1678	1509.135	796.3525	1152.74375
hgt	1702	GCF.003838225.1.Bacteria.Cyanobacteria	1938.175	0.0	969.0875
hgt	546	GCA.002747435.1.Bacteria.Proteobacteria	1417.275	0.0	708.6375
hgt	1678	1676	796.3525	163.12655	479.73952
los	1678	1676	796.3525	163.12655	479.73952
dup	1685	GCF.000018105.1.Bacteria.Cyanobacteria	1635.52	0.0	817.76
spe	603	602	1696.92	1612.41	1654.665
spe	602	592	1612.41	1273.215	1442.8125
hgt	592	GCF.000024725.1.Bacteria.Proteobacteria	1273.215	0.0	636.6075
los	592	GCF.000024725.1.Bacteria.Proteobacteria	1273.215	0.0	636.6075
spe	602	601	1612.41	1475.48	1543.945
spe	601	600	1475.48	1276.255	1375.8675
hgt	600	598	1276.255	953.337	1114.796
los	600	598	1276.255	953.337	1114.796
spe	601	595	1475.48	1266.66	1371.07
hgt	557	GCA.002728355.1.Bacteria.Proteobacteria	1225.2445	0.0	612.62225
hgt	595	GCA.002454015.1.Bacteria.Proteobacteria	1266.66	0.0	633.33
los	595	GCA.002454015.1.Bacteria.Proteobacteria	1266.66	0.0	633.33
hgt	None	dead	0.0	0.0	0.0
dup	None	dead	0.0	0.0	0.0
hgt	None	dead	0.0	0.0	0.0
los	None	dead	0.0	0.0	0.0
hgt	None	dead	0.0	0.0	0.0
los	None	dead	0.0	0.0	0.0
spe	647	571	1948.805	1706.635	1827.72
spe	571	565	1706.635	1414.39	1560.5125
hgt	565	GCF.000239355.1.Bacteria.Proteobacteria	1414.39	0.0	707.195
los	565	GCF.000239355.1.Bacteria.Proteobacteria	1414.39	0.0	707.195
spe	613	612	1391.71	1256.25	1323.98
hgt	832	GCA.002696345.1.Bacteria.Myxococcota	1444.88	0.0	722.44
hgt	642	GCA.001447805.1.Bacteria.Proteobacteria	1332.36	0.0	666.18
hgt	568	GCA.002862435.1.Bacteria.Proteobacteria	1379.435	0.0	689.7175
hgt	636	GCA.002840095.1.Bacteria.Proteobacteria	1555.685	0.0	777.8425
hgt	536	GCF.002940605.1.Bacteria.Proteobacteria	1675.53	0.0	837.765
spe	612	611	1256.25	936.1675	1096.20875
hgt	542	GCA.002352565.1.Bacteria.Proteobacteria	1583.705	0.0	791.8525
hgt	613	GCF.003097315.1.Bacteria.Proteobacteria	1391.71	0.0	695.855
hgt	574	GCF.000374645.1.Bacteria.Proteobacteria	1330.6	0.0	665.3
spe	571	570	1706.635	1535.435	1621.035
spe	570	568	1535.435	1379.435	1457.435
hgt	568	GCA.002862435.1.Bacteria.Proteobacteria	1379.435	0.0	689.7175
los	568	GCA.002862435.1.Bacteria.Proteobacteria	1379.435	0.0	689.7175
dup	None	dead	0.0	0.0	0.0
hgt	None	dead	0.0	0.0	0.0
los	None	dead	0.0	0.0	0.0
hgt	None	dead	0.0	0.0	0.0
los	None	dead	0.0	0.0	0.0
hgt	68	GCA.002495185.1.Archaea.Thermoplasmatota	1695.025	0.0	847.5125
hgt	681	GCA.002712885.1.Bacteria.Acidobacteriota	1727.015	0.0	863.5075
hgt	741	GCA.003220615.1.Bacteria.Methylomirabilota	1693.345	0.0	846.6725
hgt	326	GCF.900129635.1.Bacteria.Planctomycetota	1208.648	0.0	604.324
hgt	1119	GCF.002973605.1.Bacteria.Armatimonadota	1519.685	0.0	759.8425
hgt	1128	GCA.002898935.1.Bacteria.CSP1.3	2537.965	0.0	1268.9825
hgt	1180	GCF.001029505.1.Bacteria.Actinobacteriota	1876.995	0.0	938.4975
hgt	825	GCA.003170275.1.Bacteria.Myxococcota	1134.553	0.0	567.2765
hgt	1383	1382	1971.49	1907.445	1939.4675
hgt	None	dead	0.0	0.0	0.0
hgt	None	dead	0.0	0.0	0.0
los	None	dead	0.0	0.0	0.0
hgt	None	dead	0.0	0.0	0.0
dup	None	dead	0.0	0.0	0.0
hgt	None	dead	0.0	0.0	0.0
los	None	dead	0.0	0.0	0.0
hgt	None	dead	0.0	0.0	0.0
los	None	dead	0.0	0.0	0.0
spe	798	797	2124.995	1832.825	1978.91
hgt	None	dead	0.0	0.0	0.0
dup	None	dead	0.0	0.0	0.0
hgt	None	dead	0.0	0.0	0.0
los	None	dead	0.0	0.0	0.0
hgt	None	dead	0.0	0.0	0.0
los	None	dead	0.0	0.0	0.0
spe	797	796	1832.825	1652.795	1742.81
spe	795	794	1481.005	1350.25	1415.6275
los	795	794	1481.005	1350.25	1415.6275
spe	791	GCA.002050235.1.Bacteria.Desulfobacterota.B	1228.3465	0.0	614.17325
los	791	GCA.002050235.1.Bacteria.Desulfobacterota.B	1228.3465	0.0	614.17325
hgt	711	709	1691.09	1397.765	1544.4275
spe	711	709	1691.09	1397.765	1544.4275
hgt	1702	1701	1938.175	1887.235	1912.705
hgt	None	dead	0.0	0.0	0.0
hgt	None	dead	0.0	0.0	0.0
hgt	None	dead	0.0	0.0	0.0
los	None	dead	0.0	0.0	0.0
spe	1383	1382	1971.49	1907.445	1939.4675
spe	1344	GCA.002159075.1.Bacteria.Firmicutes	1520.89	0.0	760.445
los	1344	GCA.002159075.1.Bacteria.Firmicutes	1520.89	0.0	760.445
spe	1382	1381	1907.445	1843.345	1875.395
hgt	None	dead	0.0	0.0	0.0
los	1381	1351	1843.345	1688.26	1765.8025
hgt	None	dead	0.0	0.0	0.0
los	None	dead	0.0	0.0	0.0
spe	1381	1380	1843.345	1785.675	1814.51
spe	1380	1379	1785.675	1743.235	1764.455
hgt	None	dead	0.0	0.0	0.0
los	1379	1378	1743.235	1618.42	1680.8275
hgt	None	dead	0.0	0.0	0.0
los	None	dead	0.0	0.0	0.0
spe	1355	GCF.000503775.1.Bacteria.Firmicutes	1426.77	0.0	713.385
los	1355	GCF.000503775.1.Bacteria.Firmicutes	1426.77	0.0	713.385
dup	None	dead	0.0	0.0	0.0
dup	None	dead	0.0	0.0	0.0
hgt	None	dead	0.0	0.0	0.0
los	None	dead	0.0	0.0	0.0
hgt	None	dead	0.0	0.0	0.0
los	None	dead	0.0	0.0	0.0
hgt	None	dead	0.0	0.0	0.0
los	None	dead	0.0	0.0	0.0
spe	1469	1467	1574.225	1431.56	1502.8925
hgt	746	GCA.002238965.1.Bacteria.UBA8248	1667.435	0.0	833.7175
hgt	1032	GCA.002727195.1.Bacteria.Latescibacterota	1430.62	0.0	715.31
hgt	332	GCA.002704825.1.Bacteria.Planctomycetota	1114.632	0.0	557.316
hgt	None	dead	0.0	0.0	0.0
hgt	None	dead	0.0	0.0	0.0
los	None	dead	0.0	0.0	0.0
spe	1702	1701	1938.175	1887.235	1912.705
spe	1701	1685	1887.235	1635.52	1761.3775
hgt	1685	GCF.000018105.1.Bacteria.Cyanobacteria	1635.52	0.0	817.76
los	1685	GCF.000018105.1.Bacteria.Cyanobacteria	1635.52	0.0	817.76
spe	1685	1684	1635.52	1444.79	1540.155
hgt	1678	GCF.000017845.1.Bacteria.Cyanobacteria	796.3525	0.0	398.17625
spe	1701	1700	1887.235	1825.65	1856.4425
spe	1699	GCF.000317045.1.Bacteria.Cyanobacteria	1773.275	0.0	886.6375
los	1699	GCF.000317045.1.Bacteria.Cyanobacteria	1773.275	0.0	886.6375
spe	1698	1692	1634.795	34.435	834.615
los	1698	1692	1634.795	34.435	834.615
spe	1698	1697	1634.795	920.2075	1277.50125
spe	1697	1695	920.2075	795.37	857.78875
spe	1700	1688	1825.65	1436.775	1631.2125
spe	275	274	2298.405	1625.32	1961.8625
hgt	807	GCA.002789955.1.Bacteria.Myxococcota	1389.97	0.0	694.985
hgt	1437	GCA.002702065.1.Bacteria.Chloroflexota	1158.264	0.0	579.132
hgt	1444	GCA.003451595.1.Bacteria.Chloroflexota	1386.06	0.0	693.03
hgt	1227	GCA.003242675.1.Bacteria.Firmicutes.E	1509.365	0.0	754.6825
hgt	65	GCA.001800745.1.Archaea.Thermoplasmatota	1261.09	0.0	630.545
hgt	1116	GCA.002898575.1.Bacteria.Armatimonadota	1799.18	0.0	899.59
hgt	794	GCA.003161515.1.Bacteria.Desulfobacterota.B	1350.25	0.0	675.125
spe	743	721	2681.09	2277.575	2479.3325
spe	720	GCA.001775255.1.Bacteria.Desulfobacterota.D	1930.555	0.0	965.2775
los	720	GCA.001775255.1.Bacteria.Desulfobacterota.D	1930.555	0.0	965.2775
hgt	721	GCA.003230535.1.Bacteria.SZUA.182	2277.575	0.0	1138.7875
los	721	GCA.003230535.1.Bacteria.SZUA.182	2277.575	0.0	1138.7875
hgt	None	dead	0.0	0.0	0.0
hgt	None	dead	0.0	0.0	0.0
los	None	dead	0.0	0.0	0.0
hgt	91	90	2166.265	1969.495	2067.88
hgt	883	GCA.000961655.1.Bacteria.Desulfobacterota	1311.85	0.0	655.925
spe	91	90	2166.265	1969.495	2067.88
spe	89	77	1812.405	1412.42	1612.4125
los	89	77	1812.405	1412.42	1612.4125
spe	89	88	1812.405	1663.625	1738.015
spe	88	87	1663.625	1542.125	1602.875
hgt	87	86	1542.125	1366.345	1454.235
los	87	86	1542.125	1366.345	1454.235
spe	88	80	1663.625	1371.305	1517.465
hgt	80	GCF.002114285.1.Archaea.Halobacteriota	1371.305	0.0	685.6525
los	80	GCF.002114285.1.Archaea.Halobacteriota	1371.305	0.0	685.6525
spe	90	74	1969.495	1616.7	1793.0975
hgt	113	GCA.001593865.1.Archaea.Thermoproteota	1643.05	0.0	821.525
hgt	140	GCF.000019605.1.Archaea.Thermoproteota	2626.73	0.0	1313.365
