event	left_node	right_node	left_date	right_date	midpoint_date
hgt	None	dead	0.0	0.0	0.0
hgt	None	dead	0.0	0.0	0.0
los	None	dead	0.0	0.0	0.0
spe	1042	1041	2551.86	2350.395	2451.1275
spe	1040	1039	2193.615	2147.32	2170.4675
los	1040	1039	2193.615	2147.32	2170.4675
spe	1026	GCA.002084765.1.Bacteria.4572.55	1817.455	0.0	908.7275
los	1026	GCA.002084765.1.Bacteria.4572.55	1817.455	0.0	908.7275
hgt	807	GCA.002841945.1.Bacteria.Myxococcota	1389.97	0.0	694.985
spe	1728	1727	0.0	3922.83	1961.415
spe	189	188	3225.865	2641.665	2933.765
los	189	188	3225.865	2641.665	2933.765
spe	185	183	3017.615	2699.305	2858.46
los	185	183	3017.615	2699.305	2858.46
hgt	None	dead	0.0	0.0	0.0
hgt	None	dead	0.0	0.0	0.0
los	None	dead	0.0	0.0	0.0
hgt	None	dead	0.0	0.0	0.0
hgt	None	dead	0.0	0.0	0.0
los	None	dead	0.0	0.0	0.0
spe	1477	1476	2723.605	2416.915	2570.26
spe	1476	1454	2416.915	1996.555	2206.735
hgt	None	dead	0.0	0.0	0.0
los	1454	1453	1996.555	1862.655	1929.605
hgt	None	dead	0.0	0.0	0.0
los	None	dead	0.0	0.0	0.0
spe	1454	1446	1996.555	1803.385	1899.97
spe	1446	1445	1803.385	1577.91	1690.6475
spe	1444	GCA.003451595.1.Bacteria.Chloroflexota	1386.06	0.0	693.03
los	1444	GCA.003451595.1.Bacteria.Chloroflexota	1386.06	0.0	693.03
spe	1446	1440	1803.385	1679.715	1741.55
spe	1440	1439	1679.715	1492.005	1585.86
spe	1439	1438	1492.005	1317.205	1404.605
hgt	1438	1437	1317.205	1158.264	1237.7345
los	1438	1437	1317.205	1158.264	1237.7345
spe	1475	1474	2249.485	2094.15	2171.8175
los	1475	1474	2249.485	2094.15	2171.8175
spe	1475	1463	2249.485	1987.575	2118.53
spe	1457	GCA.002404055.1.Bacteria.Chloroflexota	1538.99	0.0	769.495
los	1457	GCA.002404055.1.Bacteria.Chloroflexota	1538.99	0.0	769.495
spe	1463	1462	1987.575	1858.705	1923.14
hgt	1462	GCA.002436065.1.Bacteria.Chloroflexota	1858.705	0.0	929.3525
los	1462	GCA.002436065.1.Bacteria.Chloroflexota	1858.705	0.0	929.3525
dup	895	GCA.000739515.1.Bacteria.Moduliflexota	1810.42	0.0	905.21
spe	1462	1461	1858.705	1519.02	1688.8625
hgt	1461	GCA.002347925.1.Bacteria.Chloroflexota	1519.02	0.0	759.51
los	1461	GCA.002347925.1.Bacteria.Chloroflexota	1519.02	0.0	759.51
spe	1727	1726	3922.83	3874.525	3898.6775
spe	1726	1094	3874.525	3784.185	3829.355
spe	1048	1047	3607.975	3589.185	3598.58
los	1048	1047	3607.975	3589.185	3598.58
spe	278	262	3314.9	3036.86	3175.88
los	278	262	3314.9	3036.86	3175.88
spe	278	277	3314.9	2637.64	2976.27
spe	277	276	2637.64	2570.7	2604.17
spe	275	274	2298.405	1625.32	1961.8625
los	275	274	2298.405	1625.32	1961.8625
hgt	276	270	2570.7	2158.53	2364.615
los	276	270	2570.7	2158.53	2364.615
spe	919	918	2365.695	2149.595	2257.645
spe	916	GCA.002215665.1.Bacteria.WOR.3	1975.925	0.0	987.9625
los	916	GCA.002215665.1.Bacteria.WOR.3	1975.925	0.0	987.9625
spe	914	GCA.002256535.1.Bacteria.WOR.3	1658.67	0.0	829.335
los	914	GCA.002256535.1.Bacteria.WOR.3	1658.67	0.0	829.335
hgt	946	GCA.002347855.1.Bacteria.Marinisomatota	1643.22	0.0	821.61
hgt	675	GCA.002789615.1.Bacteria.Acidobacteriota	1949.475	0.0	974.7375
hgt	188	GCA.002869225.1.Bacteria.Muirbacteria	2641.665	0.0	1320.8325
spe	277	267	2637.64	2213.055	2425.3475
hgt	284	GCA.003164675.1.Bacteria.Verrucomicrobiota	1696.525	0.0	848.2625
spe	267	265	2213.055	1568.825	1890.94
hgt	151	150	2127.23	1481.835	1804.5325
hgt	None	dead	0.0	0.0	0.0
hgt	None	dead	0.0	0.0	0.0
los	None	dead	0.0	0.0	0.0
hgt	38	GCA.001515205.2.Archaea.Hadarchaeota	1770.925	0.0	885.4625
spe	151	150	2127.23	1481.835	1804.5325
hgt	147	GCA.001940725.1.Archaea.Asgardarchaeota	1579.1	0.0	789.55
hgt	265	GCA.003501375.1.Bacteria.Sumerlaeota	1568.825	0.0	784.4125
los	265	GCA.003501375.1.Bacteria.Sumerlaeota	1568.825	0.0	784.4125
spe	249	248	1764.145	1250.934	1507.5395
hgt	821	GCA.002841825.1.Bacteria.Myxococcota	1377.535	0.0	688.7675
hgt	834	GCA.001798605.1.Bacteria.Myxococcota	1729.09	0.0	864.545
hgt	188	GCA.001787855.1.Bacteria.Riflebacteria	2641.665	0.0	1320.8325
spe	1093	1055	3252.63	2857.665	3055.1475
los	1093	1055	3252.63	2857.665	3055.1475
spe	1092	1058	2976.645	1931.1	2453.8725
los	1092	1058	2976.645	1931.1	2453.8725
spe	1092	1091	2976.645	2844.735	2910.69
spe	1091	1090	2844.735	2540.54	2692.6375
hgt	1090	GCA.000353875.1.Bacteria.Atribacterota	2540.54	0.0	1270.27
los	1090	GCA.000353875.1.Bacteria.Atribacterota	2540.54	0.0	1270.27
spe	1090	1088	2540.54	1715.27	2127.905
spe	1087	GCA.001778455.1.Bacteria.Bipolaricaulota	1366.82	0.0	683.41
los	1087	GCA.001778455.1.Bacteria.Bipolaricaulota	1366.82	0.0	683.41
spe	1091	1083	2844.735	2641.845	2743.29
hgt	None	dead	0.0	0.0	0.0
los	1083	1082	2641.845	2433.75	2537.7975
hgt	None	dead	0.0	0.0	0.0
los	None	dead	0.0	0.0	0.0
spe	1071	1070	2420.035	2141.115	2280.575
los	1071	1070	2420.035	2141.115	2280.575
spe	1071	1063	2420.035	1607.785	2013.91
dup	1063	1061	1607.785	1271.3955	1439.59025
spe	1061	GCF.000021285.1.Bacteria.Thermotogota	1271.3955	0.0	635.69775
los	1061	GCF.000021285.1.Bacteria.Thermotogota	1271.3955	0.0	635.69775
hgt	1259	1253	1686.58	1548.89	1617.735
spe	1063	1061	1607.785	1271.3955	1439.59025
hgt	1061	GCA.003538775.1.Bacteria.Thermotogota	1271.3955	0.0	635.69775
los	1061	GCA.003538775.1.Bacteria.Thermotogota	1271.3955	0.0	635.69775
hgt	1372	GCA.003245625.1.Bacteria.Firmicutes	953.708	0.0	476.854
spe	1259	1253	1686.58	1548.89	1617.735
hgt	1287	1285	1424.27	1338.6	1381.435
hgt	1251	GCA.900066305.1.Bacteria.Firmicutes.A	1206.9915	0.0	603.49575
spe	1287	1285	1424.27	1338.6	1381.435
spe	1284	GCF.000425045.1.Bacteria.Firmicutes.C	1065.8455	0.0	532.92275
los	1284	GCF.000425045.1.Bacteria.Firmicutes.C	1065.8455	0.0	532.92275
hgt	None	dead	0.0	0.0	0.0
hgt	None	dead	0.0	0.0	0.0
los	None	dead	0.0	0.0	0.0
hgt	1312	GCF.002607855.1.Bacteria.Firmicutes.B	1284.875	0.0	642.4375
spe	1285	1281	1338.6	1109.4215	1224.01075
spe	1281	1280	1109.4215	950.2895	1029.8555
hgt	1280	GCF.900104455.1.Bacteria.Firmicutes.C	950.2895	0.0	475.14475
los	1280	GCF.900104455.1.Bacteria.Firmicutes.C	950.2895	0.0	475.14475
hgt	1319	GCF.900100785.1.Bacteria.Firmicutes.B	1607.725	0.0	803.8625
hgt	1300	GCF.000620305.1.Bacteria.Firmicutes.B	1333.34	0.0	666.67
spe	1253	1252	1548.89	1387.715	1468.3025
hgt	1252	1251	1387.715	1206.9915	1297.35325
los	1252	1251	1387.715	1206.9915	1297.35325
spe	1726	1725	3874.525	3797.605	3836.065
hgt	None	dead	0.0	0.0	0.0
dup	None	dead	0.0	0.0	0.0
hgt	None	dead	0.0	0.0	0.0
los	None	dead	0.0	0.0	0.0
hgt	None	dead	0.0	0.0	0.0
los	None	dead	0.0	0.0	0.0
hgt	None	dead	0.0	0.0	0.0
hgt	None	dead	0.0	0.0	0.0
los	None	dead	0.0	0.0	0.0
hgt	None	dead	0.0	0.0	0.0
hgt	None	dead	0.0	0.0	0.0
los	None	dead	0.0	0.0	0.0
hgt	None	dead	0.0	0.0	0.0
los	1725	1724	3797.605	3674.455	3736.03
hgt	None	dead	0.0	0.0	0.0
los	None	dead	0.0	0.0	0.0
spe	48	47	1716.14	1480.595	1598.3675
spe	1393	1392	3319.26	3133.075	3226.1675
los	1393	1392	3319.26	3133.075	3226.1675
spe	1129	1128	2723.85	2537.965	2630.9075
los	1129	1128	2723.85	2537.965	2630.9075
spe	1101	GCA.002410925.1.Bacteria.UBP13	2538.56	0.0	1269.28
los	1101	GCA.002410925.1.Bacteria.UBP13	2538.56	0.0	1269.28
spe	1101	1099	2538.56	2247.565	2393.0625
hgt	380	GCA.002406055.1.Bacteria.Spirochaetota	1262.3525	0.0	631.17625
hgt	759	GCA.001799195.1.Bacteria.Bdellovibrionota	1793.69	0.0	896.845
hgt	674	GCA.002747255.1.Bacteria.Acidobacteriota	1626.005	0.0	813.0025
hgt	807	GCA.002789955.1.Bacteria.Myxococcota	1389.97	0.0	694.985
hgt	390	GCA.002780065.1.Bacteria.UBA8481	3029.745	0.0	1514.8725
hgt	613	GCF.003097315.1.Bacteria.Proteobacteria	1391.71	0.0	695.855
spe	1099	1098	2247.565	1440.925	1844.245
hgt	1098	GCA.003244105.1.Bacteria.Eremiobacterota	1440.925	0.0	720.4625
los	1098	GCA.003244105.1.Bacteria.Eremiobacterota	1440.925	0.0	720.4625
