event	left_node	right_node	left_date	right_date	midpoint_date
spe	1726	1725	3776.22	3726.035	3751.1275
spe	1725	1724	3726.035	3611.965	3669.0
spe	1642	1641	3511.74	3146.265	3329.0025
los	1642	1641	3511.74	3146.265	3329.0025
spe	1478	1396	3209.465	2023.82	2616.6425
los	1478	1396	3209.465	2023.82	2616.6425
spe	1478	1477	3209.465	2951.08	3080.2725
spe	1477	1431	2951.08	2599.01	2775.045
spe	1430	GCA.002239025.1.Bacteria.Chloroflexota	2141.86	0.0	1070.93
los	1430	GCA.002239025.1.Bacteria.Chloroflexota	2141.86	0.0	1070.93
hgt	None	dead	0.0	0.0	0.0
los	1431	1427	2599.01	2362.135	2480.5725
hgt	None	dead	0.0	0.0	0.0
los	None	dead	0.0	0.0	0.0
dup	1449	GCA.002400365.1.Bacteria.Chloroflexota	1825.905	0.0	912.9525
spe	1477	1476	2951.08	2705.185	2828.1325
hgt	742	741	2637.165	2052.975	2345.07
spe	1476	1475	2705.185	2571.35	2638.2675
spe	1475	1474	2571.35	2422.145	2496.7475
hgt	1474	1473	2422.145	1376.695	1899.42
los	1474	1473	2422.145	1376.695	1899.42
spe	1470	1469	2082.735	1899.175	1990.955
los	1470	1469	2082.735	1899.175	1990.955
hgt	1385	1384	2448.17	2016.48	2232.325
spe	1475	1463	2571.35	2342.68	2457.015
spe	1463	1457	2342.68	1912.015	2127.3475
spe	1463	1462	2342.68	2240.595	2291.6375
hgt	463	462	1268.17	1029.85	1149.01
hgt	883	GCA.000961655.1.Bacteria.Desulfobacterota	1384.92	0.0	692.46
spe	463	462	1268.17	1029.85	1149.01
hgt	1169	1168	2330.49	2240.195	2285.3425
hgt	1474	1470	2422.145	2082.735	2252.44
spe	1461	GCA.002347925.1.Bacteria.Chloroflexota	1858.39	0.0	929.195
los	1461	GCA.002347925.1.Bacteria.Chloroflexota	1858.39	0.0	929.195
spe	1474	1470	2422.145	2082.735	2252.44
spe	1469	1467	1899.175	1752.37	1825.7725
los	1469	1467	1899.175	1752.37	1825.7725
hgt	None	dead	0.0	0.0	0.0
hgt	None	dead	0.0	0.0	0.0
los	None	dead	0.0	0.0	0.0
hgt	None	dead	0.0	0.0	0.0
hgt	None	dead	0.0	0.0	0.0
los	None	dead	0.0	0.0	0.0
spe	1169	1168	2330.49	2240.195	2285.3425
spe	1168	1148	2240.195	1798.435	2019.315
spe	1167	GCA.002413185.1.Bacteria.Actinobacteriota	2045.68	0.0	1022.84
los	1167	GCA.002413185.1.Bacteria.Actinobacteriota	2045.68	0.0	1022.84
spe	1167	1166	2045.68	1407.48	1726.58
spe	1166	1165	1407.48	1265.28	1336.38
spe	1155	GCF.003443735.1.Bacteria.Actinobacteriota	1138.4215	0.0	569.21075
los	1155	GCF.003443735.1.Bacteria.Actinobacteriota	1138.4215	0.0	569.21075
spe	1154	GCF.003047285.1.Bacteria.Actinobacteriota	863.8915	0.0	431.94575
los	1154	GCF.003047285.1.Bacteria.Actinobacteriota	863.8915	0.0	431.94575
spe	1164	1163	1123.5635	951.694	1037.62875
los	1164	1163	1123.5635	951.694	1037.62875
spe	1160	GCF.000015025.1.Bacteria.Actinobacteriota	971.4955	0.0	485.74775
los	1160	GCF.000015025.1.Bacteria.Actinobacteriota	971.4955	0.0	485.74775
spe	1158	GCF.900106035.1.Bacteria.Actinobacteriota	864.931	0.0	432.4655
los	1158	GCF.900106035.1.Bacteria.Actinobacteriota	864.931	0.0	432.4655
spe	1385	1384	2448.17	2016.48	2232.325
spe	1383	1341	1891.44	1532.885	1712.1625
los	1383	1341	1891.44	1532.885	1712.1625
spe	1382	1381	1778.165	1661.335	1719.75
los	1382	1381	1778.165	1661.335	1719.75
spe	1344	GCA.002159075.1.Bacteria.Firmicutes	1496.385	0.0	748.1925
los	1344	GCA.002159075.1.Bacteria.Firmicutes	1496.385	0.0	748.1925
spe	1384	1338	2016.48	1582.81	1799.645
hgt	None	dead	0.0	0.0	0.0
los	1338	1337	1582.81	1327.38	1455.095
hgt	None	dead	0.0	0.0	0.0
los	None	dead	0.0	0.0	0.0
dup	1355	GCF.004522215.1.Bacteria.Firmicutes	1246.46	0.0	623.23
hgt	None	dead	0.0	0.0	0.0
hgt	None	dead	0.0	0.0	0.0
los	None	dead	0.0	0.0	0.0
spe	742	741	2637.165	2052.975	2345.07
hgt	1476	1454	2705.185	2138.89	2422.0375
los	1476	1454	2705.185	2138.89	2422.0375
spe	743	742	2880.765	2637.165	2758.965
spe	741	GCA.003220615.1.Bacteria.Methylomirabilota	2052.975	0.0	1026.4875
los	741	GCA.003220615.1.Bacteria.Methylomirabilota	2052.975	0.0	1026.4875
spe	742	738	2637.165	2317.13	2477.1475
spe	737	733	2105.695	1608.54	1857.1175
los	737	733	2105.695	1608.54	1857.1175
spe	736	GCA.003454665.1.Bacteria.Nitrospirota	1826.19	0.0	913.095
los	736	GCA.003454665.1.Bacteria.Nitrospirota	1826.19	0.0	913.095
spe	728	724	1980.89	1584.32	1782.605
los	728	724	1980.89	1584.32	1782.605
spe	727	GCA.001805205.1.Bacteria.Nitrospirota	1736.985	0.0	868.4925
los	727	GCA.001805205.1.Bacteria.Nitrospirota	1736.985	0.0	868.4925
spe	1724	1723	3611.965	3457.54	3534.7525
spe	1657	1656	3284.32	3020.24	3152.28
los	1657	1656	3284.32	3020.24	3152.28
spe	1645	GCA.002050035.1.Bacteria.4484.113	3083.735	0.0	1541.8675
los	1645	GCA.002050035.1.Bacteria.4484.113	3083.735	0.0	1541.8675
dup	1645	GCF.000212395.1.Bacteria.Thermodesulfobiota	3083.735	0.0	1541.8675
spe	1723	1722	3457.54	3243.33	3350.435
spe	1722	1721	3243.33	3160.365	3201.8475
hgt	None	dead	0.0	0.0	0.0
los	1721	1667	3160.365	2867.145	3013.755
hgt	None	dead	0.0	0.0	0.0
los	None	dead	0.0	0.0	0.0
spe	1720	1719	2612.48	2501.03	2556.755
los	1720	1719	2612.48	2501.03	2556.755
hgt	None	dead	0.0	0.0	0.0
dup	None	dead	0.0	0.0	0.0
hgt	None	dead	0.0	0.0	0.0
los	None	dead	0.0	0.0	0.0
dup	None	dead	0.0	0.0	0.0
hgt	None	dead	0.0	0.0	0.0
los	None	dead	0.0	0.0	0.0
hgt	None	dead	0.0	0.0	0.0
los	None	dead	0.0	0.0	0.0
hgt	None	dead	0.0	0.0	0.0
hgt	None	dead	0.0	0.0	0.0
los	None	dead	0.0	0.0	0.0
hgt	None	dead	0.0	0.0	0.0
los	1722	1664	3243.33	2786.595	3014.9625
hgt	None	dead	0.0	0.0	0.0
los	None	dead	0.0	0.0	0.0
spe	1393	1129	3573.7	3300.21	3436.955
los	1393	1129	3573.7	3300.21	3436.955
spe	1393	1392	3573.7	3456.59	3515.145
spe	1392	1391	3456.59	3155.64	3306.115
spe	1391	1211	3155.64	2902.885	3029.2625
spe	1199	1198	2616.05	2339.625	2477.8375
los	1199	1198	2616.05	2339.625	2477.8375
spe	1191	GCA.002399235.1.Bacteria.Firmicutes.G	2182.46	0.0	1091.23
los	1191	GCA.002399235.1.Bacteria.Firmicutes.G	2182.46	0.0	1091.23
hgt	None	dead	0.0	0.0	0.0
los	1211	1210	2902.885	2730.93	2816.9075
hgt	None	dead	0.0	0.0	0.0
los	None	dead	0.0	0.0	0.0
spe	1382	1381	1778.165	1661.335	1719.75
spe	1351	1347	1566.59	1266.54	1416.565
los	1351	1347	1566.59	1266.54	1416.565
spe	1350	GCF.000942395.1.Bacteria.Firmicutes	1380.55	0.0	690.275
los	1350	GCF.000942395.1.Bacteria.Firmicutes	1380.55	0.0	690.275
spe	1381	1380	1661.335	1558.37	1609.8525
spe	1380	1379	1558.37	1484.04	1521.205
hgt	1379	1378	1484.04	1182.795	1333.4175
los	1379	1378	1484.04	1182.795	1333.4175
spe	1355	GCF.000503775.1.Bacteria.Firmicutes	1246.46	0.0	623.23
los	1355	GCF.000503775.1.Bacteria.Firmicutes	1246.46	0.0	623.23
spe	1390	1218	3037.655	2844.535	2941.095
los	1390	1218	3037.655	2844.535	2941.095
spe	1389	1237	2954.69	2499.645	2727.1675
los	1389	1237	2954.69	2499.645	2727.1675
spe	1388	1274	2796.04	2556.69	2676.365
los	1388	1274	2796.04	2556.69	2676.365
spe	1387	1386	2728.885	2546.81	2637.8475
los	1387	1386	2728.885	2546.81	2637.8475
spe	1327	1289	2593.555	2267.365	2430.46
los	1327	1289	2593.555	2267.365	2430.46
spe	1327	1326	2593.555	2394.985	2494.27
spe	1292	GCF.000024605.1.Bacteria.Firmicutes.B	1918.11	0.0	959.055
los	1292	GCF.000024605.1.Bacteria.Firmicutes.B	1918.11	0.0	959.055
spe	1325	1324	2206.925	2099.855	2153.39
los	1325	1324	2206.925	2099.855	2153.39
spe	1325	1297	2206.925	1941.385	2074.155
spe	1297	1296	1941.385	1757.76	1849.5725
hgt	1296	GCF.900176005.1.Bacteria.Firmicutes.B	1757.76	0.0	878.88
los	1296	GCF.900176005.1.Bacteria.Firmicutes.B	1757.76	0.0	878.88
spe	1188	GCA.002779205.1.Bacteria.Actinobacteriota	3093.335	0.0	1546.6675
los	1188	GCA.002779205.1.Bacteria.Actinobacteriota	3093.335	0.0	1546.6675
spe	1188	1187	3093.335	3023.46	3058.3975
hgt	None	dead	0.0	0.0	0.0
hgt	None	dead	0.0	0.0	0.0
los	None	dead	0.0	0.0	0.0
hgt	None	dead	0.0	0.0	0.0
dup	None	dead	0.0	0.0	0.0
hgt	None	dead	0.0	0.0	0.0
los	None	dead	0.0	0.0	0.0
hgt	None	dead	0.0	0.0	0.0
los	None	dead	0.0	0.0	0.0
spe	1387	1327	2728.885	2593.555	2661.22
spe	1327	1289	2593.555	2267.365	2430.46
hgt	1289	1288	2267.365	1693.72	1980.5425
los	1289	1288	2267.365	1693.72	1980.5425
hgt	1216	GCF.000020005.1.Bacteria.Firmicutes.D	2236.855	0.0	1118.4275
spe	1327	1326	2593.555	2394.985	2494.27
spe	1292	GCF.001950325.1.Bacteria.Firmicutes.B	1918.11	0.0	959.055
los	1292	GCF.001950325.1.Bacteria.Firmicutes.B	1918.11	0.0	959.055
spe	1325	1297	2206.925	1941.385	2074.155
los	1325	1297	2206.925	1941.385	2074.155
spe	1325	1324	2206.925	2099.855	2153.39
spe	1323	1322	2012.64	1664.355	1838.4975
los	1323	1322	2012.64	1664.355	1838.4975
spe	1319	GCF.900100785.1.Bacteria.Firmicutes.B	1887.42	0.0	943.71
los	1319	GCF.900100785.1.Bacteria.Firmicutes.B	1887.42	0.0	943.71
spe	1318	1317	1776.335	1176.776	1476.5555
los	1318	1317	1776.335	1176.776	1476.5555
spe	1312	GCF.000019165.1.Bacteria.Firmicutes.B	1489.285	0.0	744.6425
los	1312	GCF.000019165.1.Bacteria.Firmicutes.B	1489.285	0.0	744.6425
spe	1308	1300	1873.47	1522.13	1697.8
los	1308	1300	1873.47	1522.13	1697.8
spe	1307	GCA.000987045.1.Bacteria.Firmicutes.B	1657.525	0.0	828.7625
los	1307	GCA.000987045.1.Bacteria.Firmicutes.B	1657.525	0.0	828.7625
spe	1305	1304	1479.61	1181.512	1330.561
los	1305	1304	1479.61	1181.512	1330.561
spe	1187	1186	3023.46	2887.55	2955.505
spe	1136	GCA.003157385.1.Bacteria.Actinobacteriota	2343.38	0.0	1171.69
los	1136	GCA.003157385.1.Bacteria.Actinobacteriota	2343.38	0.0	1171.69
spe	1185	1169	2722.52	2330.49	2526.505
los	1185	1169	2722.52	2330.49	2526.505
spe	1184	1180	2566.03	2135.205	2350.6175
los	1184	1180	2566.03	2135.205	2350.6175
spe	1183	GCA.000434775.1.Bacteria.Actinobacteriota	1976.055	0.0	988.0275
los	1183	GCA.000434775.1.Bacteria.Actinobacteriota	1976.055	0.0	988.0275
spe	1187	1133	3023.46	2425.095	2724.2775
hgt	1133	GCA.001871795.1.Bacteria.Actinobacteriota	2425.095	0.0	1212.5475
los	1133	GCA.001871795.1.Bacteria.Actinobacteriota	2425.095	0.0	1212.5475
hgt	888	887	2447.185	2263.805	2355.495
hgt	714	713	2396.315	2232.07	2314.1925
spe	888	887	2447.185	2263.805	2355.495
spe	887	863	2263.805	2054.51	2159.1575
spe	862	GCA.002782605.1.Bacteria.Desulfobacterota	1719.125	0.0	859.5625
los	862	GCA.002782605.1.Bacteria.Desulfobacterota	1719.125	0.0	859.5625
spe	861	GCA.002327985.1.Bacteria.Desulfobacterota	1594.73	0.0	797.365
los	861	GCA.002327985.1.Bacteria.Desulfobacterota	1594.73	0.0	797.365
hgt	863	857	2054.51	1926.135	1990.3225
los	863	857	2054.51	1926.135	1990.3225
spe	887	886	2263.805	1999.475	2131.64
hgt	None	dead	0.0	0.0	0.0
los	886	885	1999.475	1880.5	1939.9875
hgt	None	dead	0.0	0.0	0.0
los	None	dead	0.0	0.0	0.0
hgt	None	dead	0.0	0.0	0.0
hgt	None	dead	0.0	0.0	0.0
los	None	dead	0.0	0.0	0.0
hgt	None	dead	0.0	0.0	0.0
hgt	None	dead	0.0	0.0	0.0
los	None	dead	0.0	0.0	0.0
spe	886	874	1999.475	1902.135	1950.805
spe	874	868	1902.135	1695.53	1798.8325
hgt	883	GCA.000961655.1.Bacteria.Desulfobacterota	1384.92	0.0	692.46
hgt	868	GCA.002347095.1.Bacteria.Desulfobacterota	1695.53	0.0	847.765
los	868	GCA.002347095.1.Bacteria.Desulfobacterota	1695.53	0.0	847.765
hgt	737	733	2105.695	1608.54	1857.1175
spe	866	GCA.003194485.1.Bacteria.Desulfobacterota	1370.345	0.0	685.1725
los	866	GCA.003194485.1.Bacteria.Desulfobacterota	1370.345	0.0	685.1725
spe	737	733	2105.695	1608.54	1857.1175
hgt	395	GCA.002402635.1.Bacteria.Deferribacterota	1495.105	0.0	747.5525
hgt	892	GCA.001873285.1.Bacteria.CG2.30.53.67	2105.205	0.0	1052.6025
hgt	877	GCF.000620765.1.Bacteria.Desulfobacterota.I	1769.305	0.0	884.6525
spe	733	732	1608.54	1363.035	1485.7875
hgt	732	GCA.002011735.1.Bacteria.Nitrospirota	1363.035	0.0	681.5175
los	732	GCA.002011735.1.Bacteria.Nitrospirota	1363.035	0.0	681.5175
dup	874	873	1902.135	1746.56	1824.3475
hgt	None	dead	0.0	0.0	0.0
hgt	None	dead	0.0	0.0	0.0
los	None	dead	0.0	0.0	0.0
hgt	850	849	2241.395	1883.095	2062.245
spe	874	873	1902.135	1746.56	1824.3475
spe	873	871	1746.56	1489.29	1617.925
hgt	871	GCA.002899795.1.Bacteria.Desulfobacterota	1489.29	0.0	744.645
los	871	GCA.002899795.1.Bacteria.Desulfobacterota	1489.29	0.0	744.645
dup	850	849	2241.395	1883.095	2062.245
spe	849	GCA.001896555.1.Bacteria.Desulfobacterota	1883.095	0.0	941.5475
los	849	GCA.001896555.1.Bacteria.Desulfobacterota	1883.095	0.0	941.5475
spe	850	849	2241.395	1883.095	2062.245
spe	873	GCA.002011835.1.Bacteria.Desulfobacterota	1746.56	0.0	873.28
los	873	GCA.002011835.1.Bacteria.Desulfobacterota	1746.56	0.0	873.28
spe	873	871	1746.56	1489.29	1617.925
hgt	877	GCA.001797675.1.Bacteria.Desulfobacterota	1769.305	0.0	884.6525
hgt	861	GCA.002327985.1.Bacteria.Desulfobacterota	1594.73	0.0	797.365
spe	714	713	2396.315	2232.07	2314.1925
hgt	None	dead	0.0	0.0	0.0
hgt	None	dead	0.0	0.0	0.0
los	None	dead	0.0	0.0	0.0
spe	713	699	2232.07	2103.185	2167.6275
spe	699	681	2103.185	1875.565	1989.375
hgt	None	dead	0.0	0.0	0.0
los	681	680	1875.565	1688.545	1782.055
hgt	None	dead	0.0	0.0	0.0
los	None	dead	0.0	0.0	0.0
dup	681	GCA.002712885.1.Bacteria.Acidobacteriota	1875.565	0.0	937.7825
spe	698	686	1863.875	1646.29	1755.0825
los	698	686	1863.875	1646.29	1755.0825
spe	698	697	1863.875	1602.385	1733.13
spe	696	GCA.003224665.1.Bacteria.Acidobacteriota	1391.24	0.0	695.62
los	696	GCA.003224665.1.Bacteria.Acidobacteriota	1391.24	0.0	695.62
spe	696	695	1391.24	1284.94	1338.09
spe	694	GCA.001767075.1.Bacteria.Acidobacteriota	1206.005	0.0	603.0025
los	694	GCA.001767075.1.Bacteria.Acidobacteriota	1206.005	0.0	603.0025
spe	692	GCA.003152325.1.Bacteria.Acidobacteriota	1105.2925	0.0	552.64625
los	692	GCA.003152325.1.Bacteria.Acidobacteriota	1105.2925	0.0	552.64625
hgt	481	469	1510.43	1404.34	1457.385
hgt	702	GCA.003223635.1.Bacteria.Acidobacteriota	1307.095	0.0	653.5475
hgt	670	GCA.002898535.1.Bacteria.Acidobacteriota	2337.75	0.0	1168.875
hgt	837	GCA.001768075.1.Bacteria.Myxococcota	1589.61	0.0	794.805
spe	481	469	1510.43	1404.34	1457.385
spe	469	463	1404.34	1268.17	1336.255
hgt	463	GCF.002251795.1.Bacteria.Proteobacteria	1268.17	0.0	634.085
los	463	GCF.002251795.1.Bacteria.Proteobacteria	1268.17	0.0	634.085
spe	462	GCF.000315795.1.Bacteria.Proteobacteria	1029.85	0.0	514.925
los	462	GCF.000315795.1.Bacteria.Proteobacteria	1029.85	0.0	514.925
spe	469	468	1404.34	1227.095	1315.7175
spe	467	GCA.002291925.1.Bacteria.Proteobacteria	1071.506	0.0	535.753
los	467	GCA.002291925.1.Bacteria.Proteobacteria	1071.506	0.0	535.753
hgt	568	GCF.001051235.1.Bacteria.Proteobacteria	1421.955	0.0	710.9775
hgt	579	GCA.003137095.1.Bacteria.Proteobacteria	935.164	0.0	467.582
spe	713	712	2232.07	2029.595	2130.8325
spe	712	706	2029.595	1754.72	1892.1575
hgt	706	704	1754.72	1564.51	1659.615
los	706	704	1754.72	1564.51	1659.615
hgt	None	dead	0.0	0.0	0.0
hgt	None	dead	0.0	0.0	0.0
los	None	dead	0.0	0.0	0.0
hgt	712	711	2029.595	1840.1	1934.8475
los	712	711	2029.595	1840.1	1934.8475
