event	left_node	right_node	left_date	right_date	midpoint_date
spe	1727	1726	3794.005	3776.22	3785.1125
spe	1726	1725	3776.22	3726.035	3751.1275
spe	1725	1724	3726.035	3611.965	3669.0
hgt	None	dead	0.0	0.0	0.0
los	1724	1642	3611.965	3511.74	3561.8525
hgt	None	dead	0.0	0.0	0.0
los	None	dead	0.0	0.0	0.0
spe	1724	1723	3611.965	3457.54	3534.7525
hgt	None	dead	0.0	0.0	0.0
los	1723	1722	3457.54	3243.33	3350.435
hgt	None	dead	0.0	0.0	0.0
los	None	dead	0.0	0.0	0.0
spe	1723	1657	3457.54	3284.32	3370.93
spe	1657	1645	3284.32	3083.735	3184.0275
hgt	1645	GCF.000212395.1.Bacteria.Thermodesulfobiota	3083.735	0.0	1541.8675
los	1645	GCF.000212395.1.Bacteria.Thermodesulfobiota	3083.735	0.0	1541.8675
spe	352	350	1718.42	1478.92	1598.67
hgt	None	dead	0.0	0.0	0.0
los	1657	1656	3284.32	3020.24	3152.28
hgt	None	dead	0.0	0.0	0.0
los	None	dead	0.0	0.0	0.0
spe	874	873	1902.135	1746.56	1824.3475
hgt	801	GCA.001797815.1.Bacteria.RBG.13.61.14	2014.795	0.0	1007.3975
hgt	857	GCA.002010915.1.Bacteria.Desulfobacterota	1926.135	0.0	963.0675
hgt	86	GCA.001412335.1.Archaea.Halobacteriota	1362.965	0.0	681.4825
hgt	849	GCF.000266945.1.Bacteria.Desulfobacterota	1883.095	0.0	941.5475
spe	873	871	1746.56	1489.29	1617.925
hgt	741	GCA.001771285.1.Bacteria.Methylomirabilota	2052.975	0.0	1026.4875
hgt	746	GCF.900079095.1.Bacteria.Tectomicrobia	1971.165	0.0	985.5825
hgt	None	dead	0.0	0.0	0.0
hgt	None	dead	0.0	0.0	0.0
los	None	dead	0.0	0.0	0.0
hgt	None	dead	0.0	0.0	0.0
hgt	None	dead	0.0	0.0	0.0
los	None	dead	0.0	0.0	0.0
dup	1297	GCA.002329495.1.Bacteria.Firmicutes.B	1941.385	0.0	970.6925
spe	1725	1393	3726.035	3573.7	3649.8675
spe	1393	1129	3573.7	3300.21	3436.955
hgt	None	dead	0.0	0.0	0.0
los	1129	1101	3300.21	3147.445	3223.8275
hgt	None	dead	0.0	0.0	0.0
los	None	dead	0.0	0.0	0.0
spe	1129	1128	3300.21	3110.52	3205.365
hgt	None	dead	0.0	0.0	0.0
los	1128	1127	3110.52	2984.585	3047.5525
hgt	None	dead	0.0	0.0	0.0
los	None	dead	0.0	0.0	0.0
spe	1392	1188	3456.59	3093.335	3274.9625
los	1392	1188	3456.59	3093.335	3274.9625
spe	1392	1391	3456.59	3155.64	3306.115
spe	1211	1210	2902.885	2730.93	2816.9075
los	1211	1210	2902.885	2730.93	2816.9075
spe	1199	1198	2616.05	2339.625	2477.8375
los	1199	1198	2616.05	2339.625	2477.8375
spe	1191	GCA.002399235.1.Bacteria.Firmicutes.G	2182.46	0.0	1091.23
los	1191	GCA.002399235.1.Bacteria.Firmicutes.G	2182.46	0.0	1091.23
spe	1391	1390	3155.64	3037.655	3096.6475
hgt	None	dead	0.0	0.0	0.0
los	1390	1218	3037.655	2844.535	2941.095
hgt	None	dead	0.0	0.0	0.0
los	None	dead	0.0	0.0	0.0
spe	1390	1389	3037.655	2954.69	2996.1725
spe	1389	1237	2954.69	2499.645	2727.1675
spe	1221	GCA.002375925.1.Bacteria.Firmicutes.E	2008.115	0.0	1004.0575
los	1221	GCA.002375925.1.Bacteria.Firmicutes.E	2008.115	0.0	1004.0575
spe	1237	1236	2499.645	2327.67	2413.6575
spe	1228	1227	2160.575	1913.92	2037.2475
los	1228	1227	2160.575	1913.92	2037.2475
hgt	None	dead	0.0	0.0	0.0
los	1236	1235	2327.67	2052.91	2190.29
hgt	None	dead	0.0	0.0	0.0
los	None	dead	0.0	0.0	0.0
spe	1388	1274	2796.04	2556.69	2676.365
los	1388	1274	2796.04	2556.69	2676.365
spe	1388	1387	2796.04	2728.885	2762.4625
spe	1387	1327	2728.885	2593.555	2661.22
spe	1327	1289	2593.555	2267.365	2430.46
hgt	1289	GCA.002345475.1.Bacteria.Firmicutes.H	2267.365	0.0	1133.6825
los	1289	GCA.002345475.1.Bacteria.Firmicutes.H	2267.365	0.0	1133.6825
spe	1288	GCA.002411145.1.Bacteria.Firmicutes.C	1693.72	0.0	846.86
los	1288	GCA.002411145.1.Bacteria.Firmicutes.C	1693.72	0.0	846.86
spe	1287	GCA.002329525.1.Bacteria.Firmicutes.C	1417.98	0.0	708.99
los	1287	GCA.002329525.1.Bacteria.Firmicutes.C	1417.98	0.0	708.99
spe	1285	1284	1310.93	1020.5295	1165.72975
los	1285	1284	1310.93	1020.5295	1165.72975
spe	1285	1281	1310.93	1090.0515	1200.49075
dup	1281	GCF.002257705.1.Bacteria.Firmicutes.C	1090.0515	0.0	545.02575
spe	1280	GCF.000430605.1.Bacteria.Firmicutes.C	922.663	0.0	461.3315
los	1280	GCF.000430605.1.Bacteria.Firmicutes.C	922.663	0.0	461.3315
dup	1280	GCF.900104455.1.Bacteria.Firmicutes.C	922.663	0.0	461.3315
spe	1326	1292	2394.985	1918.11	2156.5475
los	1326	1292	2394.985	1918.11	2156.5475
spe	1325	1297	2206.925	1941.385	2074.155
los	1325	1297	2206.925	1941.385	2074.155
spe	1325	1324	2206.925	2099.855	2153.39
spe	1324	1323	2099.855	2012.64	2056.2475
spe	1323	1322	2012.64	1664.355	1838.4975
hgt	1333	GCF.900111575.1.Bacteria.Firmicutes.D	2067.36	0.0	1033.68
hgt	1300	GCF.000620305.1.Bacteria.Firmicutes.B	1522.13	0.0	761.065
hgt	1322	GCA.001512665.1.Bacteria.Firmicutes.B	1664.355	0.0	832.1775
los	1322	GCA.001512665.1.Bacteria.Firmicutes.B	1664.355	0.0	832.1775
spe	1285	1281	1310.93	1090.0515	1200.49075
spe	1280	GCF.900104455.1.Bacteria.Firmicutes.C	922.663	0.0	461.3315
los	1280	GCF.900104455.1.Bacteria.Firmicutes.C	922.663	0.0	461.3315
dup	1281	GCF.002257705.1.Bacteria.Firmicutes.C	1090.0515	0.0	545.02575
dup	1281	GCF.002257705.1.Bacteria.Firmicutes.C	1090.0515	0.0	545.02575
spe	1323	1319	2012.64	1887.42	1950.03
spe	1319	1318	1887.42	1776.335	1831.8775
hgt	1318	1312	1776.335	1489.285	1632.81
los	1318	1312	1776.335	1489.285	1632.81
spe	1318	1317	1776.335	1176.776	1476.5555
spe	1315	GCA.002482535.1.Bacteria.Firmicutes.B	994.8405	0.0	497.42025
los	1315	GCA.002482535.1.Bacteria.Firmicutes.B	994.8405	0.0	497.42025
hgt	1317	GCA.002398485.1.Bacteria.Firmicutes.B	1176.776	0.0	588.388
los	1317	GCA.002398485.1.Bacteria.Firmicutes.B	1176.776	0.0	588.388
spe	1324	1308	2099.855	1873.47	1986.6625
hgt	1308	1300	1873.47	1522.13	1697.8
los	1308	1300	1873.47	1522.13	1697.8
spe	1308	1307	1873.47	1657.525	1765.4975
spe	1307	1305	1657.525	1479.61	1568.5675
hgt	1305	1304	1479.61	1181.512	1330.561
los	1305	1304	1479.61	1181.512	1330.561
hgt	1292	GCF.001950325.1.Bacteria.Firmicutes.B	1918.11	0.0	959.055
spe	1386	1330	2546.81	1974.4	2260.605
los	1386	1330	2546.81	1974.4	2260.605
spe	1385	1333	2448.17	2067.36	2257.765
los	1385	1333	2448.17	2067.36	2257.765
dup	1385	1384	2448.17	2016.48	2232.325
spe	1385	1384	2448.17	2016.48	2232.325
spe	1338	GCF.002335525.1.Bacteria.Firmicutes	1582.81	0.0	791.405
los	1338	GCF.002335525.1.Bacteria.Firmicutes	1582.81	0.0	791.405
spe	1337	GCF.001399675.1.Bacteria.Firmicutes	1327.38	0.0	663.69
los	1337	GCF.001399675.1.Bacteria.Firmicutes	1327.38	0.0	663.69
spe	1383	1382	1891.44	1778.165	1834.8025
los	1383	1382	1891.44	1778.165	1834.8025
spe	1341	GCF.001311905.1.Bacteria.Firmicutes	1532.885	0.0	766.4425
los	1341	GCF.001311905.1.Bacteria.Firmicutes	1532.885	0.0	766.4425
dup	1341	GCF.001653195.1.Bacteria.Firmicutes	1532.885	0.0	766.4425
spe	1385	1384	2448.17	2016.48	2232.325
spe	1384	1338	2016.48	1582.81	1799.645
spe	1337	GCF.000092905.1.Bacteria.Firmicutes	1327.38	0.0	663.69
los	1337	GCF.000092905.1.Bacteria.Firmicutes	1327.38	0.0	663.69
spe	1384	1383	2016.48	1891.44	1953.96
spe	1341	GCF.001653195.1.Bacteria.Firmicutes	1532.885	0.0	766.4425
los	1341	GCF.001653195.1.Bacteria.Firmicutes	1532.885	0.0	766.4425
dup	1383	1382	1891.44	1778.165	1834.8025
dup	1383	1382	1891.44	1778.165	1834.8025
spe	1382	1344	1778.165	1496.385	1637.275
los	1382	1344	1778.165	1496.385	1637.275
spe	1382	1381	1778.165	1661.335	1719.75
spe	1380	GCF.001049895.1.Bacteria.Firmicutes	1558.37	0.0	779.185
los	1380	GCF.001049895.1.Bacteria.Firmicutes	1558.37	0.0	779.185
spe	1379	1378	1484.04	1182.795	1333.4175
los	1379	1378	1484.04	1182.795	1333.4175
spe	1355	GCF.004522215.1.Bacteria.Firmicutes	1246.46	0.0	623.23
los	1355	GCF.004522215.1.Bacteria.Firmicutes	1246.46	0.0	623.23
spe	1351	1350	1566.59	1380.55	1473.57
los	1351	1350	1566.59	1380.55	1473.57
spe	1347	GCF.001561915.1.Bacteria.Firmicutes	1266.54	0.0	633.27
los	1347	GCF.001561915.1.Bacteria.Firmicutes	1266.54	0.0	633.27
spe	1383	1382	1891.44	1778.165	1834.8025
spe	1344	GCA.002159075.1.Bacteria.Firmicutes	1496.385	0.0	748.1925
los	1344	GCA.002159075.1.Bacteria.Firmicutes	1496.385	0.0	748.1925
spe	1382	1381	1778.165	1661.335	1719.75
spe	1351	1347	1566.59	1266.54	1416.565
los	1351	1347	1566.59	1266.54	1416.565
spe	1350	GCF.000942395.1.Bacteria.Firmicutes	1380.55	0.0	690.275
los	1350	GCF.000942395.1.Bacteria.Firmicutes	1380.55	0.0	690.275
hgt	None	dead	0.0	0.0	0.0
hgt	None	dead	0.0	0.0	0.0
los	None	dead	0.0	0.0	0.0
spe	1381	1380	1661.335	1558.37	1609.8525
spe	1379	1378	1484.04	1182.795	1333.4175
los	1379	1378	1484.04	1182.795	1333.4175
spe	1355	GCF.000503775.1.Bacteria.Firmicutes	1246.46	0.0	623.23
los	1355	GCF.000503775.1.Bacteria.Firmicutes	1246.46	0.0	623.23
spe	1382	1344	1778.165	1496.385	1637.275
los	1382	1344	1778.165	1496.385	1637.275
spe	1382	1381	1778.165	1661.335	1719.75
spe	1380	GCF.001049895.1.Bacteria.Firmicutes	1558.37	0.0	779.185
los	1380	GCF.001049895.1.Bacteria.Firmicutes	1558.37	0.0	779.185
spe	1379	1378	1484.04	1182.795	1333.4175
los	1379	1378	1484.04	1182.795	1333.4175
spe	1355	GCF.000503775.1.Bacteria.Firmicutes	1246.46	0.0	623.23
los	1355	GCF.000503775.1.Bacteria.Firmicutes	1246.46	0.0	623.23
spe	1351	1350	1566.59	1380.55	1473.57
los	1351	1350	1566.59	1380.55	1473.57
spe	1347	GCF.001561915.1.Bacteria.Firmicutes	1266.54	0.0	633.27
los	1347	GCF.001561915.1.Bacteria.Firmicutes	1266.54	0.0	633.27
spe	1726	1094	3776.22	3702.045	3739.1325
spe	1094	1048	3702.045	3522.85	3612.4475
hgt	None	dead	0.0	0.0	0.0
los	1048	278	3522.85	3383.28	3453.065
hgt	None	dead	0.0	0.0	0.0
los	None	dead	0.0	0.0	0.0
spe	588	576	1741.465	1593.015	1667.24
hgt	1178	1177	1623.895	1403.585	1513.74
spe	576	574	1593.015	1337.465	1465.24
hgt	1087	GCA.001778455.1.Bacteria.Bipolaricaulota	1296.36	0.0	648.18
hgt	536	GCF.900111015.1.Bacteria.Proteobacteria	1835.635	0.0	917.8175
hgt	892	GCA.001873295.1.Bacteria.CG2.30.70.394	2105.205	0.0	1052.6025
hgt	574	GCF.900112605.1.Bacteria.Proteobacteria	1337.465	0.0	668.7325
los	574	GCF.900112605.1.Bacteria.Proteobacteria	1337.465	0.0	668.7325
spe	1178	1177	1623.895	1403.585	1513.74
dup	1177	GCA.001464275.1.Bacteria.Actinobacteriota	1403.585	0.0	701.7925
dup	1177	GCA.003138355.1.Bacteria.Actinobacteriota	1403.585	0.0	701.7925
hgt	768	767	1703.165	1544.31	1623.7375
hgt	1663	GCA.001464165.1.Bacteria.Cyanobacteria	2465.64	0.0	1232.82
hgt	136	GCA.000375685.1.Archaea.Thermoproteota	1983.8	0.0	991.9
hgt	1008	GCA.000447245.1.Bacteria.Zixibacteria	1888.32	0.0	944.16
spe	768	767	1703.165	1544.31	1623.7375
spe	767	766	1544.31	1359.65	1451.98
hgt	768	GCA.001798715.1.Bacteria.UBA10199	1703.165	0.0	851.5825
hgt	961	GCA.001769385.1.Bacteria.Bacteroidota	648.9575	0.0	324.47875
hgt	227	GCA.001804315.1.Bacteria.Omnitrophota	2301.915	0.0	1150.9575
dup	1008	GCA.000447245.1.Bacteria.Zixibacteria	1888.32	0.0	944.16
hgt	220	GCA.001805375.1.Bacteria.Omnitrophota	1293.03	0.0	646.515
hgt	1082	GCA.002011615.1.Bacteria.WOR.3	2820.665	0.0	1410.3325
hgt	1078	GCA.002898315.1.Bacteria.Calescibacterota	1937.95	0.0	968.975
hgt	982	GCF.001535965.1.Bacteria.Bacteroidota	1868.295	0.0	934.1475
hgt	1015	GCA.002790835.1.Bacteria.Krumholzibacteriota	2028.76	0.0	1014.38
hgt	270	GCA.001567115.1.Bacteria.OLB16	2744.13	0.0	1372.065
hgt	926	GCA.001780825.1.Bacteria.Gemmatimonadota	2323.795	0.0	1161.8975
dup	926	GCA.001780825.1.Bacteria.Gemmatimonadota	2323.795	0.0	1161.8975
hgt	551	GCA.002699105.1.Bacteria.Bacteroidota	1073.1825	0.0	536.59125
spe	1048	1047	3522.85	3506.08	3514.465
spe	1047	365	3506.08	3237.46	3371.77
spe	365	364	3237.46	3137.4	3187.43
spe	364	363	3137.4	2571.645	2854.5225
hgt	None	dead	0.0	0.0	0.0
los	363	321	2571.645	2405.83	2488.7375
hgt	None	dead	0.0	0.0	0.0
los	None	dead	0.0	0.0	0.0
spe	363	362	2571.645	2406.61	2489.1275
spe	362	342	2406.61	2209.56	2308.085
spe	341	GCA.003170085.1.Bacteria.Planctomycetota	1956.375	0.0	978.1875
los	341	GCA.003170085.1.Bacteria.Planctomycetota	1956.375	0.0	978.1875
spe	341	340	1956.375	1604.15	1780.2625
spe	339	337	1460.73	1295.535	1378.1325
los	339	337	1460.73	1295.535	1378.1325
spe	334	332	1403.32	994.0835	1198.70175
los	334	332	1403.32	994.0835	1198.70175
spe	342	328	2209.56	1796.445	2003.0025
spe	328	327	1796.445	1506.63	1651.5375
spe	326	GCA.002404095.1.Bacteria.Planctomycetota	1183.194	0.0	591.597
los	326	GCA.002404095.1.Bacteria.Planctomycetota	1183.194	0.0	591.597
hgt	326	GCA.002404095.1.Bacteria.Planctomycetota	1183.194	0.0	591.597
hgt	834	GCA.001798605.1.Bacteria.Myxococcota	1804.155	0.0	902.0775
hgt	328	GCF.002277955.1.Bacteria.Planctomycetota	1796.445	0.0	898.2225
los	328	GCF.002277955.1.Bacteria.Planctomycetota	1796.445	0.0	898.2225
spe	362	361	2406.61	2290.69	2348.65
spe	361	360	2290.69	2039.94	2165.315
hgt	None	dead	0.0	0.0	0.0
hgt	None	dead	0.0	0.0	0.0
los	None	dead	0.0	0.0	0.0
hgt	935	GCA.001789205.1.Bacteria.Fibrobacterota	2051.05	0.0	1025.525
spe	360	359	2039.94	1819.66	1929.8
hgt	220	GCA.003451585.1.Bacteria.Omnitrophota	1293.03	0.0	646.515
hgt	669	GCA.002335385.1.Bacteria.Acidobacteriota	1783.33	0.0	891.665
hgt	751	GCA.002500605.1.Bacteria.Nitrospinota	1894.43	0.0	947.215
hgt	270	GCA.002746185.1.Bacteria.Hydrogenedentota	2744.13	0.0	1372.065
hgt	293	GCA.003246265.1.Bacteria.Verrucomicrobiota	1814.28	0.0	907.14
hgt	360	356	2039.94	1770.21	1905.075
los	360	356	2039.94	1770.21	1905.075
spe	711	709	1840.1	1543.01	1691.555
hgt	229	GCA.002791075.1.Bacteria.Ratteibacteria	2503.665	0.0	1251.8325
hgt	361	353	2290.69	2130.965	2210.8275
los	361	353	2290.69	2130.965	2210.8275
spe	713	699	2232.07	2103.185	2167.6275
spe	681	GCA.002712885.1.Bacteria.Acidobacteriota	1875.565	0.0	937.7825
los	681	GCA.002712885.1.Bacteria.Acidobacteriota	1875.565	0.0	937.7825
spe	680	GCA.003155335.1.Bacteria.Acidobacteriota	1688.545	0.0	844.2725
los	680	GCA.003155335.1.Bacteria.Acidobacteriota	1688.545	0.0	844.2725
spe	699	698	2103.185	1863.875	1983.53
spe	698	697	1863.875	1602.385	1733.13
spe	697	696	1602.385	1391.24	1496.8125
spe	695	694	1284.94	1206.005	1245.4725
los	695	694	1284.94	1206.005	1245.4725
hgt	None	dead	0.0	0.0	0.0
hgt	None	dead	0.0	0.0	0.0
los	None	dead	0.0	0.0	0.0
hgt	695	694	1284.94	1206.005	1245.4725
spe	695	694	1284.94	1206.005	1245.4725
spe	692	GCA.003152325.1.Bacteria.Acidobacteriota	1105.2925	0.0	552.64625
los	692	GCA.003152325.1.Bacteria.Acidobacteriota	1105.2925	0.0	552.64625
dup	694	GCA.001767075.1.Bacteria.Acidobacteriota	1206.005	0.0	603.0025
spe	698	686	1863.875	1646.29	1755.0825
spe	686	684	1646.29	1286.44	1466.365
spe	316	315	2946.705	2800.015	2873.36
los	316	315	2946.705	2800.015	2873.36
spe	316	308	2946.705	2475.615	2711.16
spe	308	290	2475.615	2080.08	2277.8475
spe	289	GCA.002708005.1.Bacteria.Verrucomicrobiota	1912.585	0.0	956.2925
los	289	GCA.002708005.1.Bacteria.Verrucomicrobiota	1912.585	0.0	956.2925
spe	288	GCA.002323895.1.Bacteria.Verrucomicrobiota	1623.24	0.0	811.62
los	288	GCA.002323895.1.Bacteria.Verrucomicrobiota	1623.24	0.0	811.62
spe	284	GCA.003164675.1.Bacteria.Verrucomicrobiota	1735.725	0.0	867.8625
los	284	GCA.003164675.1.Bacteria.Verrucomicrobiota	1735.725	0.0	867.8625
spe	282	GCA.003219195.1.Bacteria.Verrucomicrobiota	1352.755	0.0	676.3775
los	282	GCA.003219195.1.Bacteria.Verrucomicrobiota	1352.755	0.0	676.3775
spe	308	307	2475.615	2367.435	2421.525
spe	307	306	2367.435	1826.22	2096.8275
hgt	306	GCA.001804805.1.Bacteria.Verrucomicrobiota	1826.22	0.0	913.11
los	306	GCA.001804805.1.Bacteria.Verrucomicrobiota	1826.22	0.0	913.11
spe	306	305	1826.22	1611.655	1718.9375
hgt	711	GCA.001664505.1.Bacteria.Acidobacteriota	1840.1	0.0	920.05
hgt	1015	GCA.002790835.1.Bacteria.Krumholzibacteriota	2028.76	0.0	1014.38
hgt	1119	GCA.002779825.1.Bacteria.Armatimonadota	1968.115	0.0	984.0575
hgt	932	GCA.002414805.1.Bacteria.Fibrobacterota	1648.045	0.0	824.0225
hgt	846	GCA.002327765.1.Bacteria.Desulfobacterota.E	1968.67	0.0	984.335
hgt	None	dead	0.0	0.0	0.0
hgt	None	dead	0.0	0.0	0.0
los	None	dead	0.0	0.0	0.0
spe	305	303	1611.655	1541.925	1576.79
hgt	967	966	1788.815	1413.085	1600.95
spe	303	302	1541.925	1366.155	1454.04
hgt	588	587	1741.465	1367.14	1554.3025
spe	588	587	1741.465	1367.14	1554.3025
spe	586	GCA.003228965.1.Bacteria.Proteobacteria	1254.4	0.0	627.2
los	586	GCA.003228965.1.Bacteria.Proteobacteria	1254.4	0.0	627.2
spe	586	585	1254.4	1064.929	1159.6645
spe	581	GCA.002868855.1.Bacteria.Proteobacteria	1215.78	0.0	607.89
los	581	GCA.002868855.1.Bacteria.Proteobacteria	1215.78	0.0	607.89
spe	581	579	1215.78	935.164	1075.472
hgt	778	GCA.002715375.1.Bacteria.Bdellovibrionota	1573.38	0.0	786.69
hgt	1026	GCA.002084765.1.Bacteria.4572.55	2235.5	0.0	1117.75
hgt	302	GCA.002340265.1.Bacteria.Verrucomicrobiota	1366.155	0.0	683.0775
los	302	GCA.002340265.1.Bacteria.Verrucomicrobiota	1366.155	0.0	683.0775
hgt	403	GCF.900177345.1.Bacteria.Proteobacteria	2470.89	0.0	1235.445
hgt	320	GCA.002746535.1.Bacteria.Planctomycetota	2201.875	0.0	1100.9375
hgt	None	dead	0.0	0.0	0.0
hgt	None	dead	0.0	0.0	0.0
los	None	dead	0.0	0.0	0.0
spe	967	966	1788.815	1413.085	1600.95
spe	965	964	1194.08	1047.5345	1120.80725
los	965	964	1194.08	1047.5345	1120.80725
spe	955	GCA.001769655.1.Bacteria.Bacteroidota	1061.248	0.0	530.624
los	955	GCA.001769655.1.Bacteria.Bacteroidota	1061.248	0.0	530.624
hgt	288	GCA.002323895.1.Bacteria.Verrucomicrobiota	1623.24	0.0	811.62
hgt	1719	GCF.000013205.1.Bacteria.Cyanobacteria	2501.03	0.0	1250.515
hgt	1717	GCF.001870225.1.Bacteria.Cyanobacteria	2144.885	0.0	1072.4425
hgt	293	GCA.002429065.1.Bacteria.Verrucomicrobiota	1814.28	0.0	907.14
hgt	759	GCA.003170555.1.Bacteria.FEN.1099	2012.25	0.0	1006.125
hgt	386	GCA.002450905.1.Bacteria.Spirochaetota	1962.46	0.0	981.23
hgt	374	GCF.000266885.1.Bacteria.Spirochaetota	1638.665	0.0	819.3325
hgt	None	dead	0.0	0.0	0.0
hgt	None	dead	0.0	0.0	0.0
los	None	dead	0.0	0.0	0.0
hgt	307	297	2367.435	2095.445	2231.44
los	307	297	2367.435	2095.445	2231.44
spe	353	347	2130.965	1965.575	2048.27
hgt	334	332	1403.32	994.0835	1198.70175
hgt	321	GCA.003136555.1.Bacteria.Planctomycetota	2405.83	0.0	1202.915
spe	334	332	1403.32	994.0835	1198.70175
hgt	None	dead	0.0	0.0	0.0
hgt	None	dead	0.0	0.0	0.0
los	None	dead	0.0	0.0	0.0
spe	347	345	1965.575	1671.41	1818.4925
hgt	782	781	2215.715	2015.825	2115.77
hgt	365	GCA.001730085.1.Bacteria.GCA.001730085	3237.46	0.0	1618.73
los	365	GCA.001730085.1.Bacteria.GCA.001730085	3237.46	0.0	1618.73
spe	1006	1004	1667.645	1471.43	1569.5375
hgt	940	GCA.002127415.1.Bacteria.AABM5.125.24	1851.48	0.0	925.74
hgt	None	dead	0.0	0.0	0.0
hgt	None	dead	0.0	0.0	0.0
los	None	dead	0.0	0.0	0.0
spe	782	781	2215.715	2015.825	2115.77
spe	781	780	2015.825	1753.025	1884.425
hgt	None	dead	0.0	0.0	0.0
los	780	778	1753.025	1573.38	1663.2025
hgt	None	dead	0.0	0.0	0.0
los	None	dead	0.0	0.0	0.0
hgt	518	GCA.002689455.1.Bacteria.Proteobacteria	2336.69	0.0	1168.345
spe	781	775	2015.825	1808.405	1912.115
hgt	775	773	1808.405	1687.08	1747.7425
los	775	773	1808.405	1687.08	1747.7425
hgt	568	GCA.002862435.1.Bacteria.Proteobacteria	1421.955	0.0	710.9775
hgt	None	dead	0.0	0.0	0.0
hgt	1642	1478	3511.74	3209.465	3360.6025
hgt	None	dead	0.0	0.0	0.0
hgt	None	dead	0.0	0.0	0.0
los	None	dead	0.0	0.0	0.0
spe	652	651	2343.17	2202.31	2272.74
spe	651	650	2202.31	2111.655	2156.9825
spe	650	649	2111.655	2046.605	2079.13
spe	649	543	2046.605	1880.315	1963.46
hgt	None	dead	0.0	0.0	0.0
los	543	539	1880.315	1679.045	1779.68
hgt	None	dead	0.0	0.0	0.0
los	None	dead	0.0	0.0	0.0
spe	543	542	1880.315	1703.185	1791.75
hgt	542	GCA.002631715.1.Bacteria.Proteobacteria	1703.185	0.0	851.5925
los	542	GCA.002631715.1.Bacteria.Proteobacteria	1703.185	0.0	851.5925
hgt	568	GCA.002862435.1.Bacteria.Proteobacteria	1421.955	0.0	710.9775
spe	649	648	2046.605	1974.705	2010.655
spe	647	571	1898.035	1737.025	1817.53
los	647	571	1898.035	1737.025	1817.53
spe	647	646	1898.035	1850.35	1874.1925
spe	588	587	1741.465	1367.14	1554.3025
los	588	587	1741.465	1367.14	1554.3025
spe	576	GCA.002432655.1.Bacteria.Proteobacteria	1593.015	0.0	796.5075
los	576	GCA.002432655.1.Bacteria.Proteobacteria	1593.015	0.0	796.5075
spe	574	GCF.000374645.1.Bacteria.Proteobacteria	1337.465	0.0	668.7325
los	574	GCF.000374645.1.Bacteria.Proteobacteria	1337.465	0.0	668.7325
hgt	741	GCA.003220615.1.Bacteria.Methylomirabilota	2052.975	0.0	1026.4875
hgt	519	GCF.002109495.1.Bacteria.Proteobacteria	2563.7	0.0	1281.85
hgt	None	dead	0.0	0.0	0.0
hgt	None	dead	0.0	0.0	0.0
los	None	dead	0.0	0.0	0.0
hgt	None	dead	0.0	0.0	0.0
spe	646	645	1850.35	1783.08	1816.715
spe	631	630	1709.925	1575.32	1642.6225
los	631	630	1709.925	1575.32	1642.6225
spe	631	603	1709.925	1631.14	1670.5325
spe	603	602	1631.14	1545.47	1588.305
spe	602	601	1545.47	1388.16	1466.815
spe	601	600	1388.16	1178.33	1283.245
spe	598	GCA.002170535.1.Bacteria.Proteobacteria	872.755	0.0	436.3775
los	598	GCA.002170535.1.Bacteria.Proteobacteria	872.755	0.0	436.3775
hgt	558	GCA.002386945.1.Bacteria.Proteobacteria	1383.43	0.0	691.715
hgt	600	GCA.002007425.1.Bacteria.Proteobacteria	1178.33	0.0	589.165
los	600	GCA.002007425.1.Bacteria.Proteobacteria	1178.33	0.0	589.165
spe	601	595	1388.16	1179.98	1284.07
hgt	595	GCA.002454015.1.Bacteria.Proteobacteria	1179.98	0.0	589.99
los	595	GCA.002454015.1.Bacteria.Proteobacteria	1179.98	0.0	589.99
spe	602	592	1545.47	1238.975	1392.2225
hgt	546	GCA.002747435.1.Bacteria.Proteobacteria	1450.69	0.0	725.345
hgt	598	GCA.002170535.1.Bacteria.Proteobacteria	872.755	0.0	436.3775
hgt	529	GCA.002420425.1.Bacteria.Proteobacteria	1776.585	0.0	888.2925
hgt	581	GCA.002868855.1.Bacteria.Proteobacteria	1215.78	0.0	607.89
spe	644	643	1640.815	1460.61	1550.7125
los	644	643	1640.815	1460.61	1550.7125
spe	644	636	1640.815	1563.065	1601.94
hgt	562	546	1813.695	1450.69	1632.1925
spe	634	GCF.001697225.1.Bacteria.Proteobacteria	1398.775	0.0	699.3875
los	634	GCF.001697225.1.Bacteria.Proteobacteria	1398.775	0.0	699.3875
spe	562	546	1813.695	1450.69	1632.1925
hgt	None	dead	0.0	0.0	0.0
los	None	dead	0.0	0.0	0.0
spe	553	552	1585.42	1355.9	1470.66
spe	552	551	1355.9	1073.1825	1214.54125
hgt	551	GCA.002699105.1.Bacteria.Bacteroidota	1073.1825	0.0	536.59125
los	551	GCA.002699105.1.Bacteria.Bacteroidota	1073.1825	0.0	536.59125
hgt	612	GCF.003612015.1.Bacteria.Proteobacteria	1154.76	0.0	577.38
spe	648	562	1974.705	1813.695	1894.2
hgt	None	dead	0.0	0.0	0.0
los	562	546	1813.695	1450.69	1632.1925
hgt	None	dead	0.0	0.0	0.0
los	None	dead	0.0	0.0	0.0
hgt	328	GCF.002277955.1.Bacteria.Planctomycetota	1796.445	0.0	898.2225
hgt	515	514	1939.7	1792.55	1866.125
spe	562	561	1813.695	1737.62	1775.6575
hgt	426	416	1758.225	1460.0	1609.1125
hgt	647	571	1898.035	1737.025	1817.53
spe	561	560	1737.62	1548.725	1643.1725
spe	560	558	1548.725	1383.43	1466.0775
hgt	558	GCA.002386945.1.Bacteria.Proteobacteria	1383.43	0.0	691.715
los	558	GCA.002386945.1.Bacteria.Proteobacteria	1383.43	0.0	691.715
spe	558	557	1383.43	1159.506	1271.468
hgt	557	GCA.002728355.1.Bacteria.Proteobacteria	1159.506	0.0	579.753
los	557	GCA.002728355.1.Bacteria.Proteobacteria	1159.506	0.0	579.753
hgt	None	dead	0.0	0.0	0.0
spe	647	571	1898.035	1737.025	1817.53
spe	570	568	1581.87	1421.955	1501.9125
los	570	568	1581.87	1421.955	1501.9125
spe	565	GCF.000239355.1.Bacteria.Proteobacteria	1459.56	0.0	729.78
los	565	GCF.000239355.1.Bacteria.Proteobacteria	1459.56	0.0	729.78
hgt	None	dead	0.0	0.0	0.0
los	None	dead	0.0	0.0	0.0
spe	643	642	1460.61	1315.1	1387.855
hgt	529	GCA.002420425.1.Bacteria.Proteobacteria	1776.585	0.0	888.2925
hgt	612	611	1154.76	873.257	1014.0085
spe	612	611	1154.76	873.257	1014.0085
hgt	613	GCF.003097315.1.Bacteria.Proteobacteria	1308.6	0.0	654.3
hgt	517	GCA.002937675.1.Bacteria.Proteobacteria	2143.98	0.0	1071.99
spe	426	416	1758.225	1460.0	1609.1125
spe	415	GCA.003213135.1.Bacteria.Proteobacteria	1236.27	0.0	618.135
los	415	GCA.003213135.1.Bacteria.Proteobacteria	1236.27	0.0	618.135
spe	561	553	1737.62	1585.42	1661.52
spe	552	551	1355.9	1073.1825	1214.54125
los	552	551	1355.9	1073.1825	1214.54125
hgt	585	GCA.002338605.1.Bacteria.Proteobacteria	1064.929	0.0	532.4645
hgt	None	dead	0.0	0.0	0.0
dup	None	dead	0.0	0.0	0.0
hgt	None	dead	0.0	0.0	0.0
los	None	dead	0.0	0.0	0.0
dup	463	462	1268.17	1029.85	1149.01
spe	462	GCF.000315795.1.Bacteria.Proteobacteria	1029.85	0.0	514.925
los	462	GCF.000315795.1.Bacteria.Proteobacteria	1029.85	0.0	514.925
spe	463	462	1268.17	1029.85	1149.01
dup	None	dead	0.0	0.0	0.0
hgt	None	dead	0.0	0.0	0.0
los	None	dead	0.0	0.0	0.0
hgt	None	dead	0.0	0.0	0.0
los	None	dead	0.0	0.0	0.0
dup	515	514	1939.7	1792.55	1866.125
hgt	None	dead	0.0	0.0	0.0
hgt	None	dead	0.0	0.0	0.0
los	None	dead	0.0	0.0	0.0
hgt	None	dead	0.0	0.0	0.0
hgt	None	dead	0.0	0.0	0.0
los	None	dead	0.0	0.0	0.0
hgt	None	dead	0.0	0.0	0.0
hgt	None	dead	0.0	0.0	0.0
spe	515	514	1939.7	1792.55	1866.125
spe	514	436	1792.55	1682.45	1737.5
spe	435	434	1491.68	1283.94	1387.81
los	435	434	1491.68	1283.94	1387.81
hgt	None	dead	0.0	0.0	0.0
hgt	None	dead	0.0	0.0	0.0
los	None	dead	0.0	0.0	0.0
spe	514	513	1792.55	1728.66	1760.605
spe	512	486	1614.755	1342.71	1478.7325
los	512	486	1614.755	1342.71	1478.7325
spe	511	510	1534.63	1468.305	1501.4675
los	511	510	1534.63	1468.305	1501.4675
spe	489	GCA.002701885.1.Bacteria.Proteobacteria	1174.55	0.0	587.275
los	489	GCA.002701885.1.Bacteria.Proteobacteria	1174.55	0.0	587.275
spe	513	483	1728.66	1679.37	1704.015
spe	482	481	1587.505	1510.43	1548.9675
los	482	481	1587.505	1510.43	1548.9675
spe	458	GCA.002340345.1.Bacteria.Proteobacteria	1466.17	0.0	733.085
los	458	GCA.002340345.1.Bacteria.Proteobacteria	1466.17	0.0	733.085
spe	458	456	1466.17	1288.015	1377.0925
spe	455	GCF.900102465.1.Bacteria.Proteobacteria	945.418	0.0	472.709
los	455	GCF.900102465.1.Bacteria.Proteobacteria	945.418	0.0	472.709
spe	454	453	825.9765	706.861	766.41875
los	454	453	825.9765	706.861	766.41875
spe	483	447	1679.37	1537.685	1608.5275
spe	446	GCA.002717185.1.Bacteria.Proteobacteria	1337.995	0.0	668.9975
los	446	GCA.002717185.1.Bacteria.Proteobacteria	1337.995	0.0	668.9975
spe	446	445	1337.995	1219.785	1278.89
spe	445	444	1219.785	1051.014	1135.3995
spe	447	439	1537.685	1378.685	1458.185
hgt	439	GCF.001613805.1.Bacteria.Proteobacteria	1378.685	0.0	689.3425
los	439	GCF.001613805.1.Bacteria.Proteobacteria	1378.685	0.0	689.3425
spe	463	462	1268.17	1029.85	1149.01
hgt	None	dead	0.0	0.0	0.0
los	None	dead	0.0	0.0	0.0
spe	510	492	1468.305	1215.16	1341.7325
hgt	434	GCA.002238885.1.Bacteria.Proteobacteria	1283.94	0.0	641.97
hgt	None	dead	0.0	0.0	0.0
los	None	dead	0.0	0.0	0.0
spe	456	455	1288.015	945.418	1116.7165
spe	454	GCA.002709155.1.Bacteria.Proteobacteria	825.9765	0.0	412.98825
los	454	GCA.002709155.1.Bacteria.Proteobacteria	825.9765	0.0	412.98825
spe	453	GCA.002457765.1.Bacteria.Proteobacteria	706.861	0.0	353.4305
los	453	GCA.002457765.1.Bacteria.Proteobacteria	706.861	0.0	353.4305
spe	515	514	1939.7	1792.55	1866.125
spe	436	GCA.002722885.1.Bacteria.Proteobacteria	1682.45	0.0	841.225
los	436	GCA.002722885.1.Bacteria.Proteobacteria	1682.45	0.0	841.225
spe	435	GCA.006969625.1.Bacteria.Proteobacteria	1491.68	0.0	745.84
los	435	GCA.006969625.1.Bacteria.Proteobacteria	1491.68	0.0	745.84
spe	434	GCA.002238885.1.Bacteria.Proteobacteria	1283.94	0.0	641.97
los	434	GCA.002238885.1.Bacteria.Proteobacteria	1283.94	0.0	641.97
spe	514	513	1792.55	1728.66	1760.605
spe	513	512	1728.66	1614.755	1671.7075
spe	486	GCA.002721365.1.Bacteria.Proteobacteria	1342.71	0.0	671.355
los	486	GCA.002721365.1.Bacteria.Proteobacteria	1342.71	0.0	671.355
hgt	None	dead	0.0	0.0	0.0
los	512	511	1614.755	1534.63	1574.6925
hgt	None	dead	0.0	0.0	0.0
los	None	dead	0.0	0.0	0.0
spe	483	447	1679.37	1537.685	1608.5275
los	483	447	1679.37	1537.685	1608.5275
spe	482	458	1587.505	1466.17	1526.8375
los	482	458	1587.505	1466.17	1526.8375
spe	481	480	1510.43	1386.405	1448.4175
los	481	480	1510.43	1386.405	1448.4175
spe	481	469	1510.43	1404.34	1457.385
spe	468	GCF.900167455.1.Bacteria.Proteobacteria	1227.095	0.0	613.5475
los	468	GCF.900167455.1.Bacteria.Proteobacteria	1227.095	0.0	613.5475
spe	467	GCA.002291925.1.Bacteria.Proteobacteria	1071.506	0.0	535.753
los	467	GCA.002291925.1.Bacteria.Proteobacteria	1071.506	0.0	535.753
spe	469	463	1404.34	1268.17	1336.255
spe	462	GCF.006980715.1.Bacteria.Proteobacteria	1029.85	0.0	514.925
los	462	GCF.006980715.1.Bacteria.Proteobacteria	1029.85	0.0	514.925
spe	650	536	2111.655	1835.635	1973.645
hgt	536	GCF.900111015.1.Bacteria.Proteobacteria	1835.635	0.0	917.8175
los	536	GCF.900111015.1.Bacteria.Proteobacteria	1835.635	0.0	917.8175
hgt	636	GCA.002840095.1.Bacteria.Proteobacteria	1563.065	0.0	781.5325
spe	651	533	2202.31	1994.64	2098.475
spe	532	GCA.002405475.1.Bacteria.Proteobacteria	1609.445	0.0	804.7225
los	532	GCA.002405475.1.Bacteria.Proteobacteria	1609.445	0.0	804.7225
spe	533	529	1994.64	1776.585	1885.6125
hgt	529	GCA.002420425.1.Bacteria.Proteobacteria	1776.585	0.0	888.2925
los	529	GCA.002420425.1.Bacteria.Proteobacteria	1776.585	0.0	888.2925
hgt	653	GCF.001399755.1.Bacteria.Proteobacteria	2511.255	0.0	1255.6275
hgt	1106	GCA.003134215.1.Bacteria.Armatimonadota	1625.995	0.0	812.9975
hgt	1296	GCF.900176005.1.Bacteria.Firmicutes.B	1757.76	0.0	878.88
hgt	None	dead	0.0	0.0	0.0
dup	None	dead	0.0	0.0	0.0
hgt	None	dead	0.0	0.0	0.0
los	None	dead	0.0	0.0	0.0
hgt	None	dead	0.0	0.0	0.0
los	None	dead	0.0	0.0	0.0
spe	1185	1169	2722.52	2330.49	2526.505
spe	1169	1145	2330.49	1977.205	2153.8475
hgt	1141	GCA.003140175.1.Bacteria.Actinobacteriota	1400.775	0.0	700.3875
spe	1145	1143	1977.205	1774.67	1875.9375
spe	1141	GCA.003140175.1.Bacteria.Actinobacteriota	1400.775	0.0	700.3875
los	1141	GCA.003140175.1.Bacteria.Actinobacteriota	1400.775	0.0	700.3875
spe	1140	GCA.003162395.1.Bacteria.Actinobacteriota	1175.5635	0.0	587.78175
los	1140	GCA.003162395.1.Bacteria.Actinobacteriota	1175.5635	0.0	587.78175
spe	1169	1168	2330.49	2240.195	2285.3425
hgt	None	dead	0.0	0.0	0.0
los	1168	1148	2240.195	1798.435	2019.315
hgt	None	dead	0.0	0.0	0.0
los	None	dead	0.0	0.0	0.0
spe	1168	1167	2240.195	2045.68	2142.9375
spe	1167	1166	2045.68	1407.48	1726.58
spe	1166	1165	1407.48	1265.28	1336.38
spe	1165	1155	1265.28	1138.4215	1201.85075
spe	1154	GCF.001591405.1.Bacteria.Actinobacteria	863.8915	0.0	431.94575
los	1154	GCF.001591405.1.Bacteria.Actinobacteria	863.8915	0.0	431.94575
spe	1165	1164	1265.28	1123.5635	1194.42175
spe	1164	1163	1123.5635	951.694	1037.62875
hgt	1158	GCF.001942305.1.Bacteria.Actinobacteriota	864.931	0.0	432.4655
spe	1164	1160	1123.5635	971.4955	1047.5295
spe	1158	GCF.001942305.1.Bacteria.Actinobacteriota	864.931	0.0	432.4655
los	1158	GCF.001942305.1.Bacteria.Actinobacteriota	864.931	0.0	432.4655
hgt	1168	1148	2240.195	1798.435	2019.315
spe	1168	1148	2240.195	1798.435	2019.315
hgt	1158	GCF.001942305.1.Bacteria.Actinobacteriota	864.931	0.0	432.4655
hgt	None	dead	0.0	0.0	0.0
spe	1047	1046	3506.08	3444.34	3475.21
hgt	None	dead	0.0	0.0	0.0
hgt	None	dead	0.0	0.0	0.0
dup	None	dead	0.0	0.0	0.0
hgt	None	dead	0.0	0.0	0.0
los	None	dead	0.0	0.0	0.0
dup	None	dead	0.0	0.0	0.0
hgt	None	dead	0.0	0.0	0.0
los	None	dead	0.0	0.0	0.0
hgt	None	dead	0.0	0.0	0.0
los	None	dead	0.0	0.0	0.0
hgt	None	dead	0.0	0.0	0.0
dup	None	dead	0.0	0.0	0.0
hgt	None	dead	0.0	0.0	0.0
los	None	dead	0.0	0.0	0.0
spe	1478	1477	3209.465	2951.08	3080.2725
spe	1477	1431	2951.08	2599.01	2775.045
spe	1431	1430	2599.01	2141.86	2370.435
spe	1431	1427	2599.01	2362.135	2480.5725
spe	1427	1413	2362.135	2076.485	2219.31
spe	1413	1399	2076.485	1765.22	1920.8525
hgt	1399	GCA.002708145.1.Bacteria.Chloroflexota	1765.22	0.0	882.61
los	1399	GCA.002708145.1.Bacteria.Chloroflexota	1765.22	0.0	882.61
hgt	1438	GCA.002841995.1.Bacteria.Chloroflexota	1310.445	0.0	655.2225
hgt	None	dead	0.0	0.0	0.0
hgt	None	dead	0.0	0.0	0.0
los	None	dead	0.0	0.0	0.0
spe	1413	1412	2076.485	1844.64	1960.5625
spe	1408	1407	1782.47	1694.435	1738.4525
los	1408	1407	1782.47	1694.435	1738.4525
spe	1402	GCA.002721445.1.Bacteria.Chloroflexota	1674.055	0.0	837.0275
los	1402	GCA.002721445.1.Bacteria.Chloroflexota	1674.055	0.0	837.0275
spe	1412	1411	1844.64	1573.655	1709.1475
hgt	1399	GCA.002708145.1.Bacteria.Chloroflexota	1765.22	0.0	882.61
hgt	1402	GCA.002721445.1.Bacteria.Chloroflexota	1674.055	0.0	837.0275
spe	1426	GCF.001953175.1.Bacteria.Chloroflexota	2179.07	0.0	1089.535
los	1426	GCF.001953175.1.Bacteria.Chloroflexota	2179.07	0.0	1089.535
spe	1426	1425	2179.07	1957.375	2068.2225
spe	1425	1424	1957.375	1821.17	1889.2725
spe	1422	GCA.003484395.1.Bacteria.Chloroflexota	1675.19	0.0	837.595
los	1422	GCA.003484395.1.Bacteria.Chloroflexota	1675.19	0.0	837.595
spe	1421	GCA.002347295.1.Bacteria.Chloroflexota	1634.78	0.0	817.39
los	1421	GCA.002347295.1.Bacteria.Chloroflexota	1634.78	0.0	817.39
spe	1419	GCA.002352365.1.Bacteria.Chloroflexota	1500.065	0.0	750.0325
los	1419	GCA.002352365.1.Bacteria.Chloroflexota	1500.065	0.0	750.0325
dup	1425	GCA.003229915.1.Bacteria.Chloroflexota	1957.375	0.0	978.6875
spe	1477	1476	2951.08	2705.185	2828.1325
spe	1476	1454	2705.185	2138.89	2422.0375
spe	1454	1446	2138.89	1892.56	2015.725
spe	1445	1444	1683.66	1493.995	1588.8275
los	1445	1444	1683.66	1493.995	1588.8275
spe	1446	1440	1892.56	1749.24	1820.9
hgt	1440	1439	1749.24	1503.92	1626.58
los	1440	1439	1749.24	1503.92	1626.58
dup	1469	GCA.001898225.1.Bacteria.Chloroflexota	1899.175	0.0	949.5875
spe	1454	1453	2138.89	2041.27	2090.08
spe	1453	1449	2041.27	1825.905	1933.5875
spe	1453	1452	2041.27	1560.03	1800.65
spe	1476	1475	2705.185	2571.35	2638.2675
spe	1474	1473	2422.145	1376.695	1899.42
los	1474	1473	2422.145	1376.695	1899.42
spe	1470	1469	2082.735	1899.175	1990.955
los	1470	1469	2082.735	1899.175	1990.955
spe	1463	1462	2342.68	2240.595	2291.6375
los	1463	1462	2342.68	2240.595	2291.6375
spe	1457	GCA.002404055.1.Bacteria.Chloroflexota	1912.015	0.0	956.0075
los	1457	GCA.002404055.1.Bacteria.Chloroflexota	1912.015	0.0	956.0075
hgt	None	dead	0.0	0.0	0.0
los	None	dead	0.0	0.0	0.0
spe	1438	1437	1310.445	1179.4025	1244.92375
hgt	None	dead	0.0	0.0	0.0
hgt	None	dead	0.0	0.0	0.0
los	None	dead	0.0	0.0	0.0
spe	275	274	2803.71	2054.16	2428.935
hgt	None	dead	0.0	0.0	0.0
hgt	None	dead	0.0	0.0	0.0
los	None	dead	0.0	0.0	0.0
spe	1046	902	3444.34	3336.1	3390.22
hgt	1392	1188	3456.59	3093.335	3274.9625
spe	902	390	3336.1	3073.69	3204.895
hgt	1004	GCA.001775395.1.Bacteria.Zixibacteria	1471.43	0.0	735.715
hgt	832	GCA.002721815.1.Bacteria.Myxococcota	1570.54	0.0	785.27
hgt	732	GCA.002011735.1.Bacteria.Nitrospirota	1363.035	0.0	681.5175
hgt	849	GCA.001896555.1.Bacteria.Desulfobacterota	1883.095	0.0	941.5475
spe	390	389	3073.69	2696.585	2885.1375
spe	388	387	2486.95	2281.005	2383.9775
los	388	387	2486.95	2281.005	2383.9775
spe	376	374	2123.16	1638.665	1880.9125
los	376	374	2123.16	1638.665	1880.9125
hgt	1082	1080	2820.665	2542.65	2681.6575
hgt	183	GCA.002402105.1.Bacteria.UBP17	2942.325	0.0	1471.1625
hgt	389	371	2696.585	2464.19	2580.3875
los	389	371	2696.585	2464.19	2580.3875
spe	397	396	2952.9	2591.83	2772.365
spe	395	GCF.000487995.1.Bacteria.Deferribacterota	1495.105	0.0	747.5525
los	395	GCF.000487995.1.Bacteria.Deferribacterota	1495.105	0.0	747.5525
hgt	997	941	2492.33	2279.38	2385.855
dup	183	GCA.002402105.1.Bacteria.UBP17	2942.325	0.0	1471.1625
hgt	188	GCA.002869225.1.Bacteria.Muirbacteria	3243.665	0.0	1621.8325
hgt	1645	GCF.000212395.1.Bacteria.Thermodesulfobiota	3083.735	0.0	1541.8675
dup	1645	GCF.000212395.1.Bacteria.Thermodesulfobiota	3083.735	0.0	1541.8675
hgt	1004	GCA.002791595.1.Bacteria.Zixibacteria	1471.43	0.0	735.715
hgt	1216	GCF.000020005.1.Bacteria.Firmicutes.D	2236.855	0.0	1118.4275
hgt	396	395	2591.83	1495.105	2043.4675
dup	183	GCA.002402105.1.Bacteria.UBP17	2942.325	0.0	1471.1625
dup	183	GCA.002402105.1.Bacteria.UBP17	2942.325	0.0	1471.1625
hgt	1651	GCA.003242895.1.Bacteria.Margulisbacteria	2128.215	0.0	1064.1075
hgt	None	dead	0.0	0.0	0.0
hgt	None	dead	0.0	0.0	0.0
los	None	dead	0.0	0.0	0.0
hgt	None	dead	0.0	0.0	0.0
hgt	None	dead	0.0	0.0	0.0
los	None	dead	0.0	0.0	0.0
spe	396	395	2591.83	1495.105	2043.4675
spe	997	941	2492.33	2279.38	2385.855
hgt	1655	GCA.001771505.1.Bacteria.Margulisbacteria	2252.155	0.0	1126.0775
hgt	370	GCF.000092845.1.Bacteria.Spirochaetota	2080.07	0.0	1040.035
spe	941	940	2279.38	1851.48	2065.43
hgt	674	GCA.002747255.1.Bacteria.Acidobacteriota	1880.64	0.0	940.32
hgt	940	GCA.002127415.1.Bacteria.AABM5.125.24	1851.48	0.0	925.74
los	940	GCA.002127415.1.Bacteria.AABM5.125.24	1851.48	0.0	925.74
dup	1063	GCA.002878315.1.Bacteria.Thermotogota	1761.17	0.0	880.585
spe	1082	1080	2820.665	2542.65	2681.6575
spe	1079	GCF.000421485.1.Bacteria.Aquificota	2204.53	0.0	1102.265
los	1079	GCF.000421485.1.Bacteria.Aquificota	2204.53	0.0	1102.265
spe	1078	GCA.002898315.1.Bacteria.Calescibacterota	1937.95	0.0	968.975
los	1078	GCA.002898315.1.Bacteria.Calescibacterota	1937.95	0.0	968.975
spe	1078	1076	1937.95	1416.635	1677.2925
hgt	660	659	2520.845	1438.4	1979.6225
spe	660	659	2520.845	1438.4	1979.6225
hgt	None	dead	0.0	0.0	0.0
hgt	None	dead	0.0	0.0	0.0
los	None	dead	0.0	0.0	0.0
spe	1392	1188	3456.59	3093.335	3274.9625
hgt	749	GCA.003229375.1.Bacteria.Nitrospinota	1737.095	0.0	868.5475
spe	1188	1187	3093.335	3023.46	3058.3975
hgt	None	dead	0.0	0.0	0.0
los	1187	1186	3023.46	2887.55	2955.505
hgt	None	dead	0.0	0.0	0.0
los	None	dead	0.0	0.0	0.0
spe	1187	1133	3023.46	2425.095	2724.2775
hgt	1133	GCA.001871795.1.Bacteria.Actinobacteriota	2425.095	0.0	1212.5475
los	1133	GCA.001871795.1.Bacteria.Actinobacteriota	2425.095	0.0	1212.5475
spe	223	222	1901.1	1623.035	1762.0675
spe	216	GCA.003154195.1.Bacteria.Omnitrophota	1438.35	0.0	719.175
los	216	GCA.003154195.1.Bacteria.Omnitrophota	1438.35	0.0	719.175
spe	221	220	1523.065	1293.03	1408.0475
los	221	220	1523.065	1293.03	1408.0475
hgt	668	GCA.002010665.1.Bacteria.Acidobacteriota	1532.235	0.0	766.1175
spe	902	901	3336.1	3242.11	3289.105
hgt	None	dead	0.0	0.0	0.0
los	901	663	3242.11	3154.255	3198.1825
hgt	None	dead	0.0	0.0	0.0
los	None	dead	0.0	0.0	0.0
spe	900	716	3113.87	2685.38	2899.625
los	900	716	3113.87	2685.38	2899.625
spe	900	899	3113.87	3007.825	3060.8475
spe	898	897	2936.14	2852.85	2894.495
los	898	897	2936.14	2852.85	2894.495
spe	898	756	2936.14	2563.145	2749.6425
spe	756	754	2563.145	2306.035	2434.59
spe	754	746	2306.035	1971.165	2138.6
hgt	746	GCF.900079095.1.Bacteria.Tectomicrobia	1971.165	0.0	985.5825
los	746	GCF.900079095.1.Bacteria.Tectomicrobia	1971.165	0.0	985.5825
spe	754	753	2306.035	2050.24	2178.1375
hgt	None	dead	0.0	0.0	0.0
los	753	751	2050.24	1894.43	1972.335
hgt	None	dead	0.0	0.0	0.0
los	None	dead	0.0	0.0	0.0
hgt	397	GCF.000526155.1.Bacteria.Desulfobacterota	2952.9	0.0	1476.45
hgt	887	863	2263.805	2054.51	2159.1575
hgt	727	GCA.001803815.1.Bacteria.Nitrospirota	1736.985	0.0	868.4925
hgt	853	GCA.001797415.1.Bacteria.Desulfobacterota	2005.945	0.0	1002.9725
spe	887	863	2263.805	2054.51	2159.1575
spe	863	857	2054.51	1926.135	1990.3225
hgt	857	GCA.002010915.1.Bacteria.Desulfobacterota	1926.135	0.0	963.0675
los	857	GCA.002010915.1.Bacteria.Desulfobacterota	1926.135	0.0	963.0675
spe	862	GCA.002782605.1.Bacteria.Desulfobacterota	1719.125	0.0	859.5625
los	862	GCA.002782605.1.Bacteria.Desulfobacterota	1719.125	0.0	859.5625
spe	862	861	1719.125	1594.73	1656.9275
hgt	804	GCA.003247575.1.Bacteria.Myxococcota.A	1962.63	0.0	981.315
spe	743	721	2880.765	2605.855	2743.31
los	743	721	2880.765	2605.855	2743.31
spe	742	741	2637.165	2052.975	2345.07
los	742	741	2637.165	2052.975	2345.07
spe	738	737	2317.13	2105.695	2211.4125
los	738	737	2317.13	2105.695	2211.4125
spe	738	728	2317.13	1980.89	2149.01
spe	727	GCA.001803815.1.Bacteria.Nitrospirota	1736.985	0.0	868.4925
los	727	GCA.001803815.1.Bacteria.Nitrospirota	1736.985	0.0	868.4925
spe	728	724	1980.89	1584.32	1782.605
hgt	746	GCF.900079095.1.Bacteria.Tectomicrobia	1971.165	0.0	985.5825
hgt	None	dead	0.0	0.0	0.0
los	None	dead	0.0	0.0	0.0
spe	1185	1184	2722.52	2566.03	2644.275
hgt	None	dead	0.0	0.0	0.0
hgt	None	dead	0.0	0.0	0.0
los	None	dead	0.0	0.0	0.0
hgt	843	842	2513.665	2402.255	2457.96
spe	1184	1183	2566.03	1976.055	2271.0425
hgt	1183	GCA.000434775.1.Bacteria.Actinobacteriota	1976.055	0.0	988.0275
los	1183	GCA.000434775.1.Bacteria.Actinobacteriota	1976.055	0.0	988.0275
spe	843	842	2513.665	2402.255	2457.96
spe	842	841	2402.255	2321.855	2362.055
spe	841	840	2321.855	2131.765	2226.81
spe	804	GCA.003247575.1.Bacteria.Myxococcota.A	1962.63	0.0	981.315
los	804	GCA.003247575.1.Bacteria.Myxococcota.A	1962.63	0.0	981.315
spe	839	838	2043.565	1875.06	1959.3125
los	839	838	2043.565	1875.06	1959.3125
spe	829	828	1996.235	1753.18	1874.7075
los	829	828	1996.235	1753.18	1874.7075
spe	817	816	1842.425	1315.445	1578.935
los	817	816	1842.425	1315.445	1578.935
spe	817	813	1842.425	1701.895	1772.16
spe	807	GCA.002841945.1.Bacteria.Myxococcota	1480.85	0.0	740.425
los	807	GCA.002841945.1.Bacteria.Myxococcota	1480.85	0.0	740.425
spe	812	811	1577.595	1395.975	1486.785
los	812	811	1577.595	1395.975	1486.785
hgt	1720	GCF.000484535.1.Bacteria.Cyanobacteria	2612.48	0.0	1306.24
hgt	841	801	2321.855	2014.795	2168.325
los	841	801	2321.855	2014.795	2168.325
spe	1704	1703	2246.435	2154.635	2200.535
spe	1703	1679	2154.635	1817.625	1986.13
hgt	1679	1678	1817.625	881.825	1349.725
los	1679	1678	1817.625	881.825	1349.725
hgt	None	dead	0.0	0.0	0.0
hgt	None	dead	0.0	0.0	0.0
los	None	dead	0.0	0.0	0.0
spe	1703	1702	2154.635	2080.605	2117.62
hgt	1698	1697	1614.69	1292.96	1453.825
spe	1698	1697	1614.69	1292.96	1453.825
spe	1697	1695	1292.96	877.811	1085.3855
spe	1702	1701	2080.605	2039.37	2059.9875
spe	1701	1685	2039.37	1871.67	1955.52
spe	1684	GCA.001698445.1.Bacteria.Cyanobacteria	1655.535	0.0	827.7675
los	1684	GCA.001698445.1.Bacteria.Cyanobacteria	1655.535	0.0	827.7675
spe	1701	1700	2039.37	1958.955	1999.1625
spe	1699	1698	1903.47	1614.69	1759.08
los	1699	1698	1903.47	1614.69	1759.08
spe	1700	1688	1958.955	1633.475	1796.215
hgt	1672	GCF.002251945.1.Bacteria.Cyanobacteria	1997.32	0.0	998.66
spe	842	798	2402.255	2140.29	2271.2725
spe	797	GCA.002311335.1.Bacteria.Desulfobacterota.B	1864.035	0.0	932.0175
los	797	GCA.002311335.1.Bacteria.Desulfobacterota.B	1864.035	0.0	932.0175
spe	797	796	1864.035	1703.52	1783.7775
spe	795	791	1521.62	1279.55	1400.585
los	795	791	1521.62	1279.55	1400.585
spe	794	GCA.001798565.1.Bacteria.Desulfobacterota.B	1417.505	0.0	708.7525
los	794	GCA.001798565.1.Bacteria.Desulfobacterota.B	1417.505	0.0	708.7525
hgt	None	dead	0.0	0.0	0.0
hgt	None	dead	0.0	0.0	0.0
los	None	dead	0.0	0.0	0.0
hgt	None	dead	0.0	0.0	0.0
hgt	None	dead	0.0	0.0	0.0
los	None	dead	0.0	0.0	0.0
hgt	None	dead	0.0	0.0	0.0
los	798	786	2140.29	1731.36	1935.825
hgt	None	dead	0.0	0.0	0.0
los	None	dead	0.0	0.0	0.0
spe	1184	1180	2566.03	2135.205	2350.6175
hgt	1180	GCF.001029505.1.Bacteria.Actinobacteriota	2135.205	0.0	1067.6025
los	1180	GCF.001029505.1.Bacteria.Actinobacteriota	2135.205	0.0	1067.6025
hgt	1119	GCF.002973605.1.Bacteria.Armatimonadota	1968.115	0.0	984.0575
spe	1180	1179	2135.205	1811.215	1973.21
spe	1173	GCA.002897715.1.Bacteria.Actinobacteriota	1583.875	0.0	791.9375
los	1173	GCA.002897715.1.Bacteria.Actinobacteriota	1583.875	0.0	791.9375
spe	1178	1177	1623.895	1403.585	1513.74
los	1178	1177	1623.895	1403.585	1513.74
spe	1045	921	3221.015	3032.55	3126.7825
los	1045	921	3221.015	3032.55	3126.7825
spe	1045	1044	3221.015	2991.325	3106.17
spe	936	935	2805.55	2051.05	2428.3
los	936	935	2805.55	2051.05	2428.3
spe	926	GCA.001780825.1.Bacteria.Gemmatimonadota	2323.795	0.0	1161.8975
los	926	GCA.001780825.1.Bacteria.Gemmatimonadota	2323.795	0.0	1161.8975
spe	924	GCA.003221825.1.Bacteria.Gemmatimonadota	1818.875	0.0	909.4375
los	924	GCA.003221825.1.Bacteria.Gemmatimonadota	1818.875	0.0	909.4375
spe	1044	1043	2991.325	2909.195	2950.26
hgt	None	dead	0.0	0.0	0.0
los	1043	1011	2909.195	2725.725	2817.46
hgt	None	dead	0.0	0.0	0.0
los	None	dead	0.0	0.0	0.0
dup	706	GCA.002327305.1.Bacteria.Acidobacteriota	1754.72	0.0	877.36
hgt	769	GCA.001798135.1.Bacteria.UBA10199	1840.365	0.0	920.1825
hgt	1029	GCA.001777915.1.Bacteria.Edwardsbacteria	2028.8	0.0	1014.4
hgt	265	GCA.003290465.1.Bacteria.Sumerlaeota	1925.84	0.0	962.92
hgt	1461	GCA.002347925.1.Bacteria.Chloroflexota	1858.39	0.0	929.195
hgt	1667	GCA.003503675.1.Bacteria.Cyanobacteria	2867.145	0.0	1433.5725
spe	1043	1042	2909.195	2781.98	2845.5875
spe	1022	1016	2556.01	2340.795	2448.4025
los	1022	1016	2556.01	2340.795	2448.4025
spe	1021	1020	2172.51	1596.025	1884.2675
los	1021	1020	2172.51	1596.025	1884.2675
spe	1042	1041	2781.98	2636.74	2709.36
hgt	1041	1040	2636.74	2510.83	2573.785
los	1041	1040	2636.74	2510.83	2573.785
hgt	None	dead	0.0	0.0	0.0
los	None	dead	0.0	0.0	0.0
spe	1476	1475	2705.185	2571.35	2638.2675
spe	1475	1463	2571.35	2342.68	2457.015
spe	1457	GCF.003967555.1.Bacteria.Chloroflexota	1912.015	0.0	956.0075
los	1457	GCF.003967555.1.Bacteria.Chloroflexota	1912.015	0.0	956.0075
spe	1462	GCA.002436065.1.Bacteria.Chloroflexota	2240.595	0.0	1120.2975
los	1462	GCA.002436065.1.Bacteria.Chloroflexota	2240.595	0.0	1120.2975
spe	1461	GCA.002347925.1.Bacteria.Chloroflexota	1858.39	0.0	929.195
los	1461	GCA.002347925.1.Bacteria.Chloroflexota	1858.39	0.0	929.195
spe	1475	1474	2571.35	2422.145	2496.7475
hgt	1474	1470	2422.145	2082.735	2252.44
los	1474	1470	2422.145	2082.735	2252.44
hgt	1439	GCF.900187885.1.Bacteria.Chloroflexota	1503.92	0.0	751.96
spe	1474	1473	2422.145	1376.695	1899.42
hgt	670	GCA.002898535.1.Bacteria.Acidobacteriota	2337.75	0.0	1168.875
hgt	None	dead	0.0	0.0	0.0
hgt	None	dead	0.0	0.0	0.0
los	None	dead	0.0	0.0	0.0
hgt	None	dead	0.0	0.0	0.0
dup	None	dead	0.0	0.0	0.0
hgt	None	dead	0.0	0.0	0.0
los	None	dead	0.0	0.0	0.0
hgt	None	dead	0.0	0.0	0.0
los	None	dead	0.0	0.0	0.0
spe	169	168	1257.45	1203.215	1230.3325
spe	167	GCA.000004985.1.Eukaryota.Heterolobosea	1031.0195	0.0	515.50975
los	167	GCA.000004985.1.Eukaryota.Heterolobosea	1031.0195	0.0	515.50975
spe	167	166	1031.0195	815.5625	923.291
spe	166	165	815.5625	570.5515	693.057
spe	168	160	1203.215	1138.49	1170.8525
spe	159	GCA.002049455.2.Eukaryota.Rhodophyta	1074.125	0.0	537.0625
los	159	GCA.002049455.2.Eukaryota.Rhodophyta	1074.125	0.0	537.0625
spe	1642	1478	3511.74	3209.465	3360.6025
spe	1396	GCA.003244045.1.Bacteria.Dormibacterota	2023.82	0.0	1011.91
los	1396	GCA.003244045.1.Bacteria.Dormibacterota	2023.82	0.0	1011.91
spe	1477	1431	2951.08	2599.01	2775.045
los	1477	1431	2951.08	2599.01	2775.045
spe	1477	1476	2951.08	2705.185	2828.1325
spe	1476	1454	2705.185	2138.89	2422.0375
spe	1453	1449	2041.27	1825.905	1933.5875
los	1453	1449	2041.27	1825.905	1933.5875
spe	1452	GCA.002348045.1.Bacteria.Chloroflexota	1560.03	0.0	780.015
los	1452	GCA.002348045.1.Bacteria.Chloroflexota	1560.03	0.0	780.015
spe	1454	1446	2138.89	1892.56	2015.725
spe	1445	1444	1683.66	1493.995	1588.8275
los	1445	1444	1683.66	1493.995	1588.8275
spe	1446	1440	1892.56	1749.24	1820.9
hgt	1440	1439	1749.24	1503.92	1626.58
los	1440	1439	1749.24	1503.92	1626.58
spe	1475	1463	2571.35	2342.68	2457.015
los	1475	1463	2571.35	2342.68	2457.015
spe	1474	1473	2422.145	1376.695	1899.42
los	1474	1473	2422.145	1376.695	1899.42
spe	1470	GCF.000025005.1.Bacteria.Chloroflexota	2082.735	0.0	1041.3675
los	1470	GCF.000025005.1.Bacteria.Chloroflexota	2082.735	0.0	1041.3675
spe	1470	1469	2082.735	1899.175	1990.955
spe	1469	1467	1899.175	1752.37	1825.7725
hgt	1467	GCA.002440805.1.Bacteria.Chloroflexota	1752.37	0.0	876.185
los	1467	GCA.002440805.1.Bacteria.Chloroflexota	1752.37	0.0	876.185
hgt	None	dead	0.0	0.0	0.0
los	None	dead	0.0	0.0	0.0
spe	842	841	2402.255	2321.855	2362.055
spe	841	801	2321.855	2014.795	2168.325
hgt	801	GCA.002328485.1.Bacteria.Desulfobacterota.G	2014.795	0.0	1007.3975
los	801	GCA.002328485.1.Bacteria.Desulfobacterota.G	2014.795	0.0	1007.3975
hgt	210	GCA.002796105.1.Bacteria.Omnitrophota	1714.94	0.0	857.47
hgt	668	GCA.001775755.1.Bacteria.Acidobacteriota	1532.235	0.0	766.1175
hgt	248	GCA.001799695.1.Bacteria.Elusimicrobiota	1175.891	0.0	587.9455
hgt	282	GCA.003219195.1.Bacteria.Verrucomicrobiota	1352.755	0.0	676.3775
spe	841	840	2321.855	2131.765	2226.81
hgt	None	dead	0.0	0.0	0.0
hgt	None	dead	0.0	0.0	0.0
los	None	dead	0.0	0.0	0.0
spe	840	839	2131.765	2043.565	2087.665
spe	839	838	2043.565	1875.06	1959.3125
hgt	185	GCA.001791795.1.Bacteria.Wallbacteria	3359.525	0.0	1679.7625
hgt	515	514	1939.7	1792.55	1866.125
hgt	None	dead	0.0	0.0	0.0
los	838	837	1875.06	1589.61	1732.335
hgt	None	dead	0.0	0.0	0.0
los	None	dead	0.0	0.0	0.0
spe	509	508	1371.54	1248.66	1310.1
spe	498	GCA.002731375.1.Bacteria.Proteobacteria	1100.442	0.0	550.221
los	498	GCA.002731375.1.Bacteria.Proteobacteria	1100.442	0.0	550.221
spe	508	507	1248.66	1032.028	1140.344
spe	506	GCA.002480495.1.Bacteria.Proteobacteria	986.4985	0.0	493.24925
los	506	GCA.002480495.1.Bacteria.Proteobacteria	986.4985	0.0	493.24925
spe	503	501	904.119	722.0125	813.06575
los	503	501	904.119	722.0125	813.06575
hgt	None	dead	0.0	0.0	0.0
hgt	None	dead	0.0	0.0	0.0
los	None	dead	0.0	0.0	0.0
spe	515	514	1939.7	1792.55	1866.125
spe	436	GCA.002722885.1.Bacteria.Proteobacteria	1682.45	0.0	841.225
los	436	GCA.002722885.1.Bacteria.Proteobacteria	1682.45	0.0	841.225
spe	435	GCA.006969625.1.Bacteria.Proteobacteria	1491.68	0.0	745.84
los	435	GCA.006969625.1.Bacteria.Proteobacteria	1491.68	0.0	745.84
spe	434	GCA.002238885.1.Bacteria.Proteobacteria	1283.94	0.0	641.97
los	434	GCA.002238885.1.Bacteria.Proteobacteria	1283.94	0.0	641.97
hgt	None	dead	0.0	0.0	0.0
dup	514	513	1792.55	1728.66	1760.605
spe	514	513	1792.55	1728.66	1760.605
hgt	None	dead	0.0	0.0	0.0
hgt	None	dead	0.0	0.0	0.0
los	None	dead	0.0	0.0	0.0
hgt	514	436	1792.55	1682.45	1737.5
spe	513	483	1728.66	1679.37	1704.015
spe	447	439	1537.685	1378.685	1458.185
los	447	439	1537.685	1378.685	1458.185
spe	446	445	1337.995	1219.785	1278.89
los	446	445	1337.995	1219.785	1278.89
spe	482	481	1587.505	1510.43	1548.9675
los	482	481	1587.505	1510.43	1548.9675
spe	458	GCA.002340345.1.Bacteria.Proteobacteria	1466.17	0.0	733.085
los	458	GCA.002340345.1.Bacteria.Proteobacteria	1466.17	0.0	733.085
spe	458	456	1466.17	1288.015	1377.0925
spe	456	455	1288.015	945.418	1116.7165
spe	455	454	945.418	825.9765	885.69725
spe	453	GCA.002457765.1.Bacteria.Proteobacteria	706.861	0.0	353.4305
los	453	GCA.002457765.1.Bacteria.Proteobacteria	706.861	0.0	353.4305
spe	514	436	1792.55	1682.45	1737.5
spe	435	434	1491.68	1283.94	1387.81
los	435	434	1491.68	1283.94	1387.81
spe	513	512	1728.66	1614.755	1671.7075
spe	512	486	1614.755	1342.71	1478.7325
hgt	486	GCA.002721365.1.Bacteria.Proteobacteria	1342.71	0.0	671.355
los	486	GCA.002721365.1.Bacteria.Proteobacteria	1342.71	0.0	671.355
hgt	495	GCF.003173035.1.Bacteria.Proteobacteria	1115.4635	0.0	557.73175
spe	512	511	1614.755	1534.63	1574.6925
spe	511	510	1534.63	1468.305	1501.4675
spe	509	508	1371.54	1248.66	1310.1
los	509	508	1371.54	1248.66	1310.1
spe	495	GCF.003173035.1.Bacteria.Proteobacteria	1115.4635	0.0	557.73175
los	495	GCF.003173035.1.Bacteria.Proteobacteria	1115.4635	0.0	557.73175
spe	492	GCF.002798435.1.Bacteria.Proteobacteria	1215.16	0.0	607.58
los	492	GCF.002798435.1.Bacteria.Proteobacteria	1215.16	0.0	607.58
spe	511	489	1534.63	1174.55	1354.59
hgt	489	GCA.002701885.1.Bacteria.Proteobacteria	1174.55	0.0	587.275
los	489	GCA.002701885.1.Bacteria.Proteobacteria	1174.55	0.0	587.275
hgt	None	dead	0.0	0.0	0.0
spe	514	513	1792.55	1728.66	1760.605
spe	512	511	1614.755	1534.63	1574.6925
los	512	511	1614.755	1534.63	1574.6925
spe	486	GCF.000264455.2.Bacteria.Proteobacteria	1342.71	0.0	671.355
los	486	GCF.000264455.2.Bacteria.Proteobacteria	1342.71	0.0	671.355
spe	513	483	1728.66	1679.37	1704.015
spe	447	446	1537.685	1337.995	1437.84
los	447	446	1537.685	1337.995	1437.84
spe	439	GCF.001613805.1.Bacteria.Proteobacteria	1378.685	0.0	689.3425
los	439	GCF.001613805.1.Bacteria.Proteobacteria	1378.685	0.0	689.3425
spe	483	482	1679.37	1587.505	1633.4375
hgt	None	dead	0.0	0.0	0.0
los	482	481	1587.505	1510.43	1548.9675
hgt	None	dead	0.0	0.0	0.0
los	None	dead	0.0	0.0	0.0
spe	482	458	1587.505	1466.17	1526.8375
hgt	None	dead	0.0	0.0	0.0
hgt	None	dead	0.0	0.0	0.0
los	None	dead	0.0	0.0	0.0
hgt	458	456	1466.17	1288.015	1377.0925
los	458	456	1466.17	1288.015	1377.0925
dup	None	dead	0.0	0.0	0.0
hgt	None	dead	0.0	0.0	0.0
los	None	dead	0.0	0.0	0.0
hgt	None	dead	0.0	0.0	0.0
los	None	dead	0.0	0.0	0.0
dup	None	dead	0.0	0.0	0.0
dup	None	dead	0.0	0.0	0.0
hgt	None	dead	0.0	0.0	0.0
los	None	dead	0.0	0.0	0.0
hgt	None	dead	0.0	0.0	0.0
los	None	dead	0.0	0.0	0.0
hgt	None	dead	0.0	0.0	0.0
los	None	dead	0.0	0.0	0.0
spe	469	468	1404.34	1227.095	1315.7175
spe	467	GCA.002291925.1.Bacteria.Proteobacteria	1071.506	0.0	535.753
los	467	GCA.002291925.1.Bacteria.Proteobacteria	1071.506	0.0	535.753
spe	838	834	1875.06	1804.155	1839.6075
spe	832	GCA.002721815.1.Bacteria.Myxococcota	1570.54	0.0	785.27
los	832	GCA.002721815.1.Bacteria.Myxococcota	1570.54	0.0	785.27
hgt	834	GCA.001798605.1.Bacteria.Myxococcota	1804.155	0.0	902.0775
los	834	GCA.001798605.1.Bacteria.Myxococcota	1804.155	0.0	902.0775
spe	829	817	1996.235	1842.425	1919.33
los	829	817	1996.235	1842.425	1919.33
spe	829	828	1996.235	1753.18	1874.7075
hgt	244	GCA.001800075.1.Bacteria.Elusimicrobiota	1459.21	0.0	729.605
hgt	895	GCA.002897695.1.Bacteria.BMS3Abin14	2183.84	0.0	1091.92
hgt	846	GCF.001611275.1.Bacteria.Desulfobacterota	1968.67	0.0	984.335
hgt	1112	GCA.002898555.1.Bacteria.Armatimonadota	2118.02	0.0	1059.01
spe	828	827	1753.18	1632.18	1692.68
spe	821	GCA.002841825.1.Bacteria.Myxococcota	1447.61	0.0	723.805
los	821	GCA.002841825.1.Bacteria.Myxococcota	1447.61	0.0	723.805
spe	827	826	1632.18	1472.31	1552.245
hgt	826	GCA.002747355.1.Bacteria.Myxococcota	1472.31	0.0	736.155
los	826	GCA.002747355.1.Bacteria.Myxococcota	1472.31	0.0	736.155
spe	826	825	1472.31	1177.188	1324.749
hgt	825	GCA.003170275.1.Bacteria.Myxococcota	1177.188	0.0	588.594
los	825	GCA.003170275.1.Bacteria.Myxococcota	1177.188	0.0	588.594
hgt	None	dead	0.0	0.0	0.0
hgt	None	dead	0.0	0.0	0.0
los	None	dead	0.0	0.0	0.0
hgt	353	352	2130.965	1718.42	1924.6925
hgt	188	GCA.001787855.1.Bacteria.Riflebacteria	3243.665	0.0	1621.8325
hgt	840	804	2131.765	1962.63	2047.1975
los	840	804	2131.765	1962.63	2047.1975
spe	353	352	2130.965	1718.42	1924.6925
spe	350	GCA.002402755.1.Bacteria.Planctomycetota	1478.92	0.0	739.46
los	350	GCA.002402755.1.Bacteria.Planctomycetota	1478.92	0.0	739.46
spe	1094	1093	3702.045	3523.93	3612.9875
hgt	None	dead	0.0	0.0	0.0
hgt	None	dead	0.0	0.0	0.0
hgt	1392	1391	3456.59	3155.64	3306.115
hgt	None	dead	0.0	0.0	0.0
hgt	None	dead	0.0	0.0	0.0
los	None	dead	0.0	0.0	0.0
hgt	None	dead	0.0	0.0	0.0
spe	1093	1092	3523.93	3347.57	3435.75
spe	1092	1058	3347.57	2584.325	2965.9475
spe	1092	1091	3347.57	3217.11	3282.34
hgt	None	dead	0.0	0.0	0.0
los	1091	1090	3217.11	2898.955	3058.0325
hgt	None	dead	0.0	0.0	0.0
los	None	dead	0.0	0.0	0.0
spe	1083	1082	3012.98	2820.665	2916.8225
los	1083	1082	3012.98	2820.665	2916.8225
spe	1083	1071	3012.98	2762.345	2887.6625
spe	1070	GCA.002878375.1.Bacteria.Dictyoglomota	2441.355	0.0	1220.6775
los	1070	GCA.002878375.1.Bacteria.Dictyoglomota	2441.355	0.0	1220.6775
spe	1069	1068	2029.205	1762.385	1895.795
los	1069	1068	2029.205	1762.385	1895.795
spe	1063	GCA.002878315.1.Bacteria.Thermotogota	1761.17	0.0	880.585
los	1063	GCA.002878315.1.Bacteria.Thermotogota	1761.17	0.0	880.585
spe	1061	GCF.000021285.1.Bacteria.Thermotogota	1425.15	0.0	712.575
los	1061	GCF.000021285.1.Bacteria.Thermotogota	1425.15	0.0	712.575
dup	None	dead	0.0	0.0	0.0
hgt	None	dead	0.0	0.0	0.0
los	None	dead	0.0	0.0	0.0
dup	None	dead	0.0	0.0	0.0
hgt	None	dead	0.0	0.0	0.0
los	None	dead	0.0	0.0	0.0
hgt	None	dead	0.0	0.0	0.0
los	None	dead	0.0	0.0	0.0
spe	1392	1391	3456.59	3155.64	3306.115
spe	1391	1390	3155.64	3037.655	3096.6475
hgt	None	dead	0.0	0.0	0.0
los	1390	1218	3037.655	2844.535	2941.095
hgt	None	dead	0.0	0.0	0.0
los	None	dead	0.0	0.0	0.0
spe	738	737	2317.13	2105.695	2211.4125
spe	737	736	2105.695	1826.19	1965.9425
hgt	866	GCA.002877985.1.Bacteria.Desulfobacterota	1370.345	0.0	685.1725
hgt	732	GCA.003153275.1.Bacteria.Nitrospirota	1363.035	0.0	681.5175
spe	737	733	2105.695	1608.54	1857.1175
hgt	733	732	1608.54	1363.035	1485.7875
los	733	732	1608.54	1363.035	1485.7875
hgt	None	dead	0.0	0.0	0.0
hgt	None	dead	0.0	0.0	0.0
los	None	dead	0.0	0.0	0.0
spe	1390	1389	3037.655	2954.69	2996.1725
hgt	1477	1476	2951.08	2705.185	2828.1325
hgt	None	dead	0.0	0.0	0.0
hgt	None	dead	0.0	0.0	0.0
los	None	dead	0.0	0.0	0.0
spe	1389	1237	2954.69	2499.645	2727.1675
spe	1221	GCA.002375895.1.Bacteria.Firmicutes.E	2008.115	0.0	1004.0575
los	1221	GCA.002375895.1.Bacteria.Firmicutes.E	2008.115	0.0	1004.0575
spe	1236	1235	2327.67	2052.91	2190.29
los	1236	1235	2327.67	2052.91	2190.29
spe	1228	GCA.003023725.1.Bacteria.Firmicutes.E	2160.575	0.0	1080.2875
los	1228	GCA.003023725.1.Bacteria.Firmicutes.E	2160.575	0.0	1080.2875
spe	1227	1226	1913.92	1761.44	1837.68
los	1227	1226	1913.92	1761.44	1837.68
spe	1477	1476	2951.08	2705.185	2828.1325
spe	1475	1474	2571.35	2422.145	2496.7475
los	1475	1474	2571.35	2422.145	2496.7475
spe	1463	1462	2342.68	2240.595	2291.6375
los	1463	1462	2342.68	2240.595	2291.6375
spe	1457	GCF.003967555.1.Bacteria.Chloroflexota	1912.015	0.0	956.0075
los	1457	GCF.003967555.1.Bacteria.Chloroflexota	1912.015	0.0	956.0075
spe	1454	1453	2138.89	2041.27	2090.08
los	1454	1453	2138.89	2041.27	2090.08
spe	1454	1446	2138.89	1892.56	2015.725
spe	1445	GCA.003130875.1.Bacteria.Chloroflexota	1683.66	0.0	841.83
los	1445	GCA.003130875.1.Bacteria.Chloroflexota	1683.66	0.0	841.83
spe	1444	GCA.002366755.1.Bacteria.Chloroflexota	1493.995	0.0	746.9975
los	1444	GCA.002366755.1.Bacteria.Chloroflexota	1493.995	0.0	746.9975
hgt	1413	1412	2076.485	1844.64	1960.5625
spe	1440	GCF.001306175.1.Bacteria.Chloroflexota	1749.24	0.0	874.62
los	1440	GCF.001306175.1.Bacteria.Chloroflexota	1749.24	0.0	874.62
spe	1440	1439	1749.24	1503.92	1626.58
spe	1438	1437	1310.445	1179.4025	1244.92375
los	1438	1437	1310.445	1179.4025	1244.92375
spe	1413	1412	2076.485	1844.64	1960.5625
spe	1411	GCA.002450515.1.Bacteria.Chloroflexota	1573.655	0.0	786.8275
los	1411	GCA.002450515.1.Bacteria.Chloroflexota	1573.655	0.0	786.8275
hgt	None	dead	0.0	0.0	0.0
hgt	None	dead	0.0	0.0	0.0
los	None	dead	0.0	0.0	0.0
hgt	None	dead	0.0	0.0	0.0
hgt	None	dead	0.0	0.0	0.0
los	None	dead	0.0	0.0	0.0
spe	1412	1408	1844.64	1782.47	1813.555
spe	1407	GCA.002717565.1.Bacteria.Chloroflexota	1694.435	0.0	847.2175
los	1407	GCA.002717565.1.Bacteria.Chloroflexota	1694.435	0.0	847.2175
spe	1406	GCA.002717925.1.Bacteria.Chloroflexota	1589.865	0.0	794.9325
los	1406	GCA.002717925.1.Bacteria.Chloroflexota	1589.865	0.0	794.9325
spe	1402	GCA.003228115.1.Bacteria.Chloroflexota	1674.055	0.0	837.0275
los	1402	GCA.003228115.1.Bacteria.Chloroflexota	1674.055	0.0	837.0275
hgt	None	dead	0.0	0.0	0.0
spe	1389	1388	2954.69	2796.04	2875.365
spe	1388	1274	2796.04	2556.69	2676.365
spe	1274	1240	2556.69	2176.58	2366.635
hgt	None	dead	0.0	0.0	0.0
hgt	None	dead	0.0	0.0	0.0
los	None	dead	0.0	0.0	0.0
hgt	1218	1216	2844.535	2236.855	2540.695
hgt	None	dead	0.0	0.0	0.0
hgt	None	dead	0.0	0.0	0.0
los	None	dead	0.0	0.0	0.0
spe	1382	1381	1778.165	1661.335	1719.75
spe	1381	1380	1661.335	1558.37	1609.8525
hgt	1380	1379	1558.37	1484.04	1521.205
los	1380	1379	1558.37	1484.04	1521.205
spe	1381	1351	1661.335	1566.59	1613.9625
spe	1351	1350	1566.59	1380.55	1473.57
hgt	1322	GCA.000961765.1.Bacteria.Firmicutes.B	1664.355	0.0	832.1775
hgt	1350	GCF.000942395.1.Bacteria.Firmicutes	1380.55	0.0	690.275
los	1350	GCF.000942395.1.Bacteria.Firmicutes	1380.55	0.0	690.275
spe	1351	1347	1566.59	1266.54	1416.565
hgt	1338	GCF.002335525.1.Bacteria.Firmicutes	1582.81	0.0	791.405
hgt	1379	1355	1484.04	1246.46	1365.25
spe	1379	1355	1484.04	1246.46	1365.25
spe	1274	1273	2556.69	2327.63	2442.16
hgt	383	GCA.001829315.1.Bacteria.Spirochaetota	1865.655	0.0	932.8275
hgt	1269	GCF.002252565.1.Bacteria.Firmicutes.A	1505.09	0.0	752.545
spe	1272	1246	2162.05	1810.695	1986.3725
los	1272	1246	2162.05	1810.695	1986.3725
spe	1272	1271	2162.05	1864.085	2013.0675
spe	1271	1259	1864.085	1790.12	1827.1025
spe	1258	1257	1529.515	1329.735	1429.625
los	1258	1257	1529.515	1329.735	1429.625
spe	1259	1253	1790.12	1647.265	1718.6925
spe	1252	GCF.900107485.1.Bacteria.Firmicutes.A	1454.05	0.0	727.025
los	1252	GCF.900107485.1.Bacteria.Firmicutes.A	1454.05	0.0	727.025
spe	1251	GCA.002478485.1.Bacteria.Firmicutes.A	1274.235	0.0	637.1175
los	1251	GCA.002478485.1.Bacteria.Firmicutes.A	1274.235	0.0	637.1175
hgt	1253	GCF.900142265.1.Bacteria.Firmicutes.A	1647.265	0.0	823.6325
los	1253	GCF.900142265.1.Bacteria.Firmicutes.A	1647.265	0.0	823.6325
spe	1271	1270	1864.085	1672.825	1768.455
spe	1269	1268	1505.09	1268.035	1386.5625
los	1269	1268	1505.09	1268.035	1386.5625
hgt	1270	1264	1672.825	1373.43	1523.1275
los	1270	1264	1672.825	1373.43	1523.1275
spe	1218	1216	2844.535	2236.855	2540.695
spe	1216	1215	2236.855	1553.665	1895.26
spe	1387	1386	2728.885	2546.81	2637.8475
los	1387	1386	2728.885	2546.81	2637.8475
spe	1327	1289	2593.555	2267.365	2430.46
los	1327	1289	2593.555	2267.365	2430.46
spe	1327	1326	2593.555	2394.985	2494.27
spe	1292	GCF.000024605.1.Bacteria.Firmicutes.B	1918.11	0.0	959.055
los	1292	GCF.000024605.1.Bacteria.Firmicutes.B	1918.11	0.0	959.055
spe	1326	1325	2394.985	2206.925	2300.955
spe	1325	1324	2206.925	2099.855	2153.39
spe	1324	1323	2099.855	2012.64	2056.2475
hgt	862	GCA.002782605.1.Bacteria.Desulfobacterota	1719.125	0.0	859.5625
hgt	None	dead	0.0	0.0	0.0
los	1323	1322	2012.64	1664.355	1838.4975
hgt	None	dead	0.0	0.0	0.0
los	None	dead	0.0	0.0	0.0
spe	1323	1319	2012.64	1887.42	1950.03
spe	1318	1317	1776.335	1176.776	1476.5555
los	1318	1317	1776.335	1176.776	1476.5555
spe	1312	GCF.000019165.1.Bacteria.Firmicutes.B	1489.285	0.0	744.6425
los	1312	GCF.000019165.1.Bacteria.Firmicutes.B	1489.285	0.0	744.6425
spe	1324	1308	2099.855	1873.47	1986.6625
hgt	1297	1296	1941.385	1757.76	1849.5725
spe	1308	1307	1873.47	1657.525	1765.4975
hgt	1307	1305	1657.525	1479.61	1568.5675
los	1307	1305	1657.525	1479.61	1568.5675
spe	1297	1296	1941.385	1757.76	1849.5725
hgt	1304	GCA.002352935.1.Bacteria.Firmicutes.B	1181.512	0.0	590.756
spe	1308	1300	1873.47	1522.13	1697.8
hgt	1233	GCA.003449495.1.Bacteria.Firmicutes.E	1459.0	0.0	729.5
hgt	1300	GCF.000620305.1.Bacteria.Firmicutes.B	1522.13	0.0	761.065
los	1300	GCF.000620305.1.Bacteria.Firmicutes.B	1522.13	0.0	761.065
spe	1325	1297	2206.925	1941.385	2074.155
hgt	None	dead	0.0	0.0	0.0
los	1297	1296	1941.385	1757.76	1849.5725
hgt	None	dead	0.0	0.0	0.0
los	None	dead	0.0	0.0	0.0
spe	1285	1281	1310.93	1090.0515	1200.49075
spe	1281	1280	1090.0515	922.663	1006.35725
hgt	1280	GCF.900104455.1.Bacteria.Firmicutes.C	922.663	0.0	461.3315
los	1280	GCF.900104455.1.Bacteria.Firmicutes.C	922.663	0.0	461.3315
hgt	1288	GCA.002411145.1.Bacteria.Firmicutes.C	1693.72	0.0	846.86
dup	None	dead	0.0	0.0	0.0
hgt	None	dead	0.0	0.0	0.0
los	None	dead	0.0	0.0	0.0
spe	888	887	2447.185	2263.805	2355.495
spe	887	886	2263.805	1999.475	2131.64
spe	874	868	1902.135	1695.53	1798.8325
los	874	868	1902.135	1695.53	1798.8325
spe	873	GCA.002011835.1.Bacteria.Desulfobacterota	1746.56	0.0	873.28
los	873	GCA.002011835.1.Bacteria.Desulfobacterota	1746.56	0.0	873.28
spe	873	871	1746.56	1489.29	1617.925
hgt	877	GCA.001797675.1.Bacteria.Desulfobacterota	1769.305	0.0	884.6525
spe	886	885	1999.475	1880.5	1939.9875
spe	885	877	1880.5	1769.305	1824.9025
hgt	877	GCA.001797675.1.Bacteria.Desulfobacterota	1769.305	0.0	884.6525
los	877	GCA.001797675.1.Bacteria.Desulfobacterota	1769.305	0.0	884.6525
spe	885	884	1880.5	1765.875	1823.1875
spe	880	GCA.001577715.1.Bacteria.Desulfobacterota	1499.355	0.0	749.6775
los	880	GCA.001577715.1.Bacteria.Desulfobacterota	1499.355	0.0	749.6775
spe	884	883	1765.875	1384.92	1575.3975
hgt	883	GCA.001751085.1.Bacteria.Desulfobacterota	1384.92	0.0	692.46
los	883	GCA.001751085.1.Bacteria.Desulfobacterota	1384.92	0.0	692.46
spe	887	863	2263.805	2054.51	2159.1575
spe	857	GCA.001830835.1.Bacteria.Desulfobacterota	1926.135	0.0	963.0675
los	857	GCA.001830835.1.Bacteria.Desulfobacterota	1926.135	0.0	963.0675
hgt	1133	GCA.001871795.1.Bacteria.Actinobacteriota	2425.095	0.0	1212.5475
hgt	None	dead	0.0	0.0	0.0
los	863	862	2054.51	1719.125	1886.8175
hgt	None	dead	0.0	0.0	0.0
los	None	dead	0.0	0.0	0.0
dup	None	dead	0.0	0.0	0.0
hgt	None	dead	0.0	0.0	0.0
los	None	dead	0.0	0.0	0.0
hgt	None	dead	0.0	0.0	0.0
los	None	dead	0.0	0.0	0.0
spe	1391	1211	3155.64	2902.885	3029.2625
spe	1211	1199	2902.885	2616.05	2759.4675
hgt	1199	1191	2616.05	2182.46	2399.255
los	1199	1191	2616.05	2182.46	2399.255
spe	1099	1098	2846.765	1685.385	2266.075
spe	1199	1198	2616.05	2339.625	2477.8375
hgt	None	dead	0.0	0.0	0.0
los	1198	1197	2339.625	2035.645	2187.635
hgt	None	dead	0.0	0.0	0.0
los	None	dead	0.0	0.0	0.0
spe	1211	1210	2902.885	2730.93	2816.9075
hgt	None	dead	0.0	0.0	0.0
los	1210	1204	2730.93	2477.49	2604.21
hgt	None	dead	0.0	0.0	0.0
los	None	dead	0.0	0.0	0.0
hgt	198	GCA.002478245.1.Bacteria.UBP18	2391.375	0.0	1195.6875
spe	1210	1209	2730.93	2349.065	2539.9975
spe	1208	GCA.900016865.1.Bacteria.Firmicutes.G	2154.735	0.0	1077.3675
los	1208	GCA.900016865.1.Bacteria.Firmicutes.G	2154.735	0.0	1077.3675
hgt	798	797	2140.29	1864.035	2002.1625
hgt	None	dead	0.0	0.0	0.0
hgt	None	dead	0.0	0.0	0.0
los	None	dead	0.0	0.0	0.0
spe	798	797	2140.29	1864.035	2002.1625
spe	797	796	1864.035	1703.52	1783.7775
spe	795	794	1521.62	1417.505	1469.5625
los	795	794	1521.62	1417.505	1469.5625
spe	791	GCA.002050235.1.Bacteria.Desulfobacterota.B	1279.55	0.0	639.775
los	791	GCA.002050235.1.Bacteria.Desulfobacterota.B	1279.55	0.0	639.775
dup	None	dead	0.0	0.0	0.0
dup	None	dead	0.0	0.0	0.0
hgt	None	dead	0.0	0.0	0.0
los	None	dead	0.0	0.0	0.0
spe	643	642	1460.61	1315.1	1387.855
hgt	None	dead	0.0	0.0	0.0
los	None	dead	0.0	0.0	0.0
spe	738	728	2317.13	1980.89	2149.01
spe	727	GCA.001803815.1.Bacteria.Nitrospirota	1736.985	0.0	868.4925
los	727	GCA.001803815.1.Bacteria.Nitrospirota	1736.985	0.0	868.4925
spe	724	GCA.001914955.1.Bacteria.Nitrospirota	1584.32	0.0	792.16
los	724	GCA.001914955.1.Bacteria.Nitrospirota	1584.32	0.0	792.16
hgt	None	dead	0.0	0.0	0.0
los	None	dead	0.0	0.0	0.0
spe	1237	1236	2499.645	2327.67	2413.6575
spe	1235	1234	2052.91	1778.17	1915.54
los	1235	1234	2052.91	1778.17	1915.54
spe	1236	1228	2327.67	2160.575	2244.1225
hgt	1228	1227	2160.575	1913.92	2037.2475
los	1228	1227	2160.575	1913.92	2037.2475
hgt	853	GCA.003232385.1.Bacteria.SZUA.79	2005.945	0.0	1002.9725
dup	None	dead	0.0	0.0	0.0
dup	None	dead	0.0	0.0	0.0
dup	None	dead	0.0	0.0	0.0
hgt	None	dead	0.0	0.0	0.0
los	None	dead	0.0	0.0	0.0
dup	None	dead	0.0	0.0	0.0
hgt	None	dead	0.0	0.0	0.0
los	None	dead	0.0	0.0	0.0
spe	92	91	2403.395	2116.885	2260.14
spe	90	89	1918.545	1761.97	1840.2575
los	90	89	1918.545	1761.97	1840.2575
spe	74	GCF.000194625.1.Archaea.Halobacteriota	1703.245	0.0	851.6225
los	74	GCF.000194625.1.Archaea.Halobacteriota	1703.245	0.0	851.6225
hgt	None	dead	0.0	0.0	0.0
los	None	dead	0.0	0.0	0.0
spe	89	88	1761.97	1623.18	1692.575
spe	88	80	1623.18	1389.95	1506.565
spe	87	GCA.002256595.1.Archaea.Halobacteriota	1522.785	0.0	761.3925
los	87	GCA.002256595.1.Archaea.Halobacteriota	1522.785	0.0	761.3925
spe	86	GCA.001412335.1.Archaea.Halobacteriota	1362.965	0.0	681.4825
los	86	GCA.001412335.1.Archaea.Halobacteriota	1362.965	0.0	681.4825
spe	86	84	1362.965	1194.24	1278.6025
hgt	None	dead	0.0	0.0	0.0
los	None	dead	0.0	0.0	0.0
spe	178	177	3099.385	2898.43	2998.9075
spe	177	176	2898.43	2700.395	2799.4125
spe	176	175	2700.395	2596.565	2648.48
spe	143	GCA.001563325.1.Archaea.Asgardarchaeota	2114.17	0.0	1057.085
los	143	GCA.001563325.1.Archaea.Asgardarchaeota	2114.17	0.0	1057.085
spe	175	174	2596.565	2507.51	2552.0375
spe	174	173	2507.51	2412.845	2460.1775
hgt	173	172	2412.845	1503.255	1958.05
los	173	172	2412.845	1503.255	1958.05
spe	173	151	2412.845	2246.95	2329.8975
spe	150	GCA.003144275.1.Archaea.Asgardarchaeota	1673.05	0.0	836.525
los	150	GCA.003144275.1.Archaea.Asgardarchaeota	1673.05	0.0	836.525
hgt	31	GCA.001723855.1.Archaea.Altiarchaeota	2249.94	0.0	1124.97
hgt	None	dead	0.0	0.0	0.0
los	151	147	2246.95	1821.225	2034.0875
hgt	None	dead	0.0	0.0	0.0
los	None	dead	0.0	0.0	0.0
hgt	None	dead	0.0	0.0	0.0
hgt	None	dead	0.0	0.0	0.0
los	None	dead	0.0	0.0	0.0
spe	89	77	1761.97	1438.885	1600.4275
hgt	93	GCF.000025525.1.Archaea.Methanobacteriota.A	2518.68	0.0	1259.34
hgt	95	39	2719.62	2491.15	2605.385
spe	95	39	2719.62	2491.15	2605.385
spe	38	GCA.001515205.2.Archaea.Hadarchaeota	2097.27	0.0	1048.635
los	38	GCA.001515205.2.Archaea.Hadarchaeota	2097.27	0.0	1048.635
spe	39	35	2491.15	2226.53	2358.84
hgt	35	GCF.002201895.1.Archaea.Euryarchaeota	2226.53	0.0	1113.265
los	35	GCF.002201895.1.Archaea.Euryarchaeota	2226.53	0.0	1113.265
spe	176	140	2700.395	2557.41	2628.9025
hgt	123	122	2043.585	1894.935	1969.26
hgt	None	dead	0.0	0.0	0.0
hgt	None	dead	0.0	0.0	0.0
hgt	None	dead	0.0	0.0	0.0
los	None	dead	0.0	0.0	0.0
spe	123	122	2043.585	1894.935	1969.26
spe	118	116	1695.4	1076.3105	1385.85525
los	118	116	1695.4	1076.3105	1385.85525
spe	121	GCA.001273335.1.Archaea.Thermoproteota	1500.96	0.0	750.48
los	121	GCA.001273335.1.Archaea.Thermoproteota	1500.96	0.0	750.48
hgt	None	dead	0.0	0.0	0.0
los	None	dead	0.0	0.0	0.0
spe	130	128	1634.235	786.4855	1210.36025
spe	140	139	2557.41	2461.325	2509.3675
hgt	None	dead	0.0	0.0	0.0
dup	None	dead	0.0	0.0	0.0
hgt	None	dead	0.0	0.0	0.0
los	None	dead	0.0	0.0	0.0
hgt	None	dead	0.0	0.0	0.0
los	None	dead	0.0	0.0	0.0
spe	139	138	2461.325	2340.985	2401.155
spe	124	GCA.002495485.1.Archaea.Thermoproteota	2144.515	0.0	1072.2575
los	124	GCA.002495485.1.Archaea.Thermoproteota	2144.515	0.0	1072.2575
spe	123	122	2043.585	1894.935	1969.26
los	123	122	2043.585	1894.935	1969.26
spe	113	GCA.001593865.1.Archaea.Thermoproteota	1818.745	0.0	909.3725
los	113	GCA.001593865.1.Archaea.Thermoproteota	1818.745	0.0	909.3725
spe	137	GCA.002255045.1.Archaea.Thermoproteota	2115.72	0.0	1057.86
los	137	GCA.002255045.1.Archaea.Thermoproteota	2115.72	0.0	1057.86
spe	136	GCA.000375685.1.Archaea.Thermoproteota	1983.8	0.0	991.9
los	136	GCA.000375685.1.Archaea.Thermoproteota	1983.8	0.0	991.9
spe	134	130	1773.37	1634.235	1703.8025
los	134	130	1773.37	1634.235	1703.8025
spe	134	133	1773.37	1545.885	1659.6275
hgt	128	GCA.002011075.1.Archaea.Thermoproteota	786.4855	0.0	393.24275
dup	133	GCA.002506605.1.Archaea.Thermoproteota	1545.885	0.0	772.9425
hgt	107	GCA.003019535.1.Archaea.Thermoproteota	1609.36	0.0	804.68
hgt	101	GCF.000011205.1.Archaea.Thermoproteota	1617.2	0.0	808.6
spe	139	109	2461.325	2207.27	2334.2975
hgt	None	dead	0.0	0.0	0.0
los	109	103	2207.27	1834.935	2021.1025
hgt	None	dead	0.0	0.0	0.0
los	None	dead	0.0	0.0	0.0
spe	109	108	2207.27	1901.755	2054.5125
spe	107	GCA.003019535.1.Archaea.Thermoproteota	1609.36	0.0	804.68
los	107	GCA.003019535.1.Archaea.Thermoproteota	1609.36	0.0	804.68
hgt	101	99	1617.2	1407.615	1512.4075
hgt	133	GCA.000405685.1.Archaea.Thermoproteota	1545.885	0.0	772.9425
hgt	61	60	1744.19	1520.155	1632.1725
spe	61	60	1744.19	1520.155	1632.1725
spe	59	GCA.002011395.1.Archaea.Thermoplasmatota	1280.64	0.0	640.32
los	59	GCA.002011395.1.Archaea.Thermoplasmatota	1280.64	0.0	640.32
hgt	113	GCA.001593865.1.Archaea.Thermoproteota	1818.745	0.0	909.3725
spe	101	99	1617.2	1407.615	1512.4075
hgt	108	GCF.000148385.1.Archaea.Thermoproteota	1901.755	0.0	950.8775
spe	177	95	2898.43	2719.62	2809.025
spe	95	39	2719.62	2491.15	2605.385
spe	35	GCF.002201895.1.Archaea.Euryarchaeota	2226.53	0.0	1113.265
los	35	GCF.002201895.1.Archaea.Euryarchaeota	2226.53	0.0	1113.265
hgt	39	38	2491.15	2097.27	2294.21
los	39	38	2491.15	2097.27	2294.21
spe	95	94	2719.62	2684.395	2702.0075
dup	94	93	2684.395	2518.68	2601.5375
spe	94	93	2684.395	2518.68	2601.5375
spe	92	91	2403.395	2116.885	2260.14
los	92	91	2403.395	2116.885	2260.14
spe	92	70	2403.395	2001.665	2202.53
spe	70	69	2001.665	1843.005	1922.335
hgt	69	61	1843.005	1744.19	1793.5975
los	69	61	1843.005	1744.19	1793.5975
spe	69	68	1843.005	1652.035	1747.52
hgt	1116	GCA.002898575.1.Bacteria.Armatimonadota	2323.38	0.0	1161.69
hgt	68	GCA.002495185.1.Archaea.Thermoplasmatota	1652.035	0.0	826.0175
los	68	GCA.002495185.1.Archaea.Thermoplasmatota	1652.035	0.0	826.0175
spe	68	67	1652.035	1480.99	1566.5125
spe	65	GCA.001595885.1.Archaea.Thermoplasmatota	1254.445	0.0	627.2225
los	65	GCA.001595885.1.Archaea.Thermoplasmatota	1254.445	0.0	627.2225
hgt	741	GCA.001771285.1.Bacteria.Methylomirabilota	2052.975	0.0	1026.4875
hgt	67	GCA.001421185.1.Archaea.Thermoplasmatota	1480.99	0.0	740.495
los	67	GCA.001421185.1.Archaea.Thermoplasmatota	1480.99	0.0	740.495
spe	70	54	2001.665	1859.245	1930.455
spe	48	GCA.003009755.1.Archaea.Thermoplasmatota	1706.4	0.0	853.2
los	48	GCA.003009755.1.Archaea.Thermoplasmatota	1706.4	0.0	853.2
spe	48	47	1706.4	1547.68	1627.04
spe	54	53	1859.245	1535.695	1697.47
hgt	None	dead	0.0	0.0	0.0
los	53	52	1535.695	1285.845	1410.77
hgt	None	dead	0.0	0.0	0.0
los	None	dead	0.0	0.0	0.0
hgt	32	26	2666.455	482.601	1574.528
spe	32	26	2666.455	482.601	1574.528
hgt	None	dead	0.0	0.0	0.0
dup	None	dead	0.0	0.0	0.0
hgt	None	dead	0.0	0.0	0.0
los	None	dead	0.0	0.0	0.0
hgt	None	dead	0.0	0.0	0.0
los	None	dead	0.0	0.0	0.0
hgt	None	dead	0.0	0.0	0.0
spe	94	93	2684.395	2518.68	2601.5375
hgt	150	GCA.001940645.1.Archaea.Asgardarchaeota	1673.05	0.0	836.525
spe	92	70	2403.395	2001.665	2202.53
los	92	70	2403.395	2001.665	2202.53
dup	92	91	2403.395	2116.885	2260.14
spe	92	91	2403.395	2116.885	2260.14
hgt	140	GCF.000019605.1.Archaea.Thermoproteota	2557.41	0.0	1278.705
hgt	84	GCF.000011005.1.Archaea.Euryarchaeota	1194.24	0.0	597.12
spe	91	90	2116.885	1918.545	2017.715
spe	89	77	1761.97	1438.885	1600.4275
los	89	77	1761.97	1438.885	1600.4275
spe	88	87	1623.18	1522.785	1572.9825
los	88	87	1623.18	1522.785	1572.9825
spe	80	GCA.003158275.1.Archaea.Halobacteriota	1389.95	0.0	694.975
los	80	GCA.003158275.1.Archaea.Halobacteriota	1389.95	0.0	694.975
spe	90	74	1918.545	1703.245	1810.895
hgt	74	GCF.000194625.1.Archaea.Halobacteriota	1703.245	0.0	851.6225
los	74	GCF.000194625.1.Archaea.Halobacteriota	1703.245	0.0	851.6225
hgt	139	109	2461.325	2207.27	2334.2975
spe	91	GCA.003034855.1.Archaea.Halobacteriota	2116.885	0.0	1058.4425
los	91	GCA.003034855.1.Archaea.Halobacteriota	2116.885	0.0	1058.4425
spe	91	90	2116.885	1918.545	2017.715
spe	89	88	1761.97	1623.18	1692.575
los	89	88	1761.97	1623.18	1692.575
spe	77	GCA.003194435.1.Archaea.Halobacteriota	1438.885	0.0	719.4425
los	77	GCA.003194435.1.Archaea.Halobacteriota	1438.885	0.0	719.4425
hgt	123	122	2043.585	1894.935	1969.26
spe	74	GCA.002011165.1.Archaea.Halobacteriota	1703.245	0.0	851.6225
los	74	GCA.002011165.1.Archaea.Halobacteriota	1703.245	0.0	851.6225
hgt	31	GCA.001723855.1.Archaea.Altiarchaeota	2249.94	0.0	1124.97
spe	123	122	2043.585	1894.935	1969.26
spe	118	116	1695.4	1076.3105	1385.85525
los	118	116	1695.4	1076.3105	1385.85525
spe	121	GCA.001273335.1.Archaea.Thermoproteota	1500.96	0.0	750.48
los	121	GCA.001273335.1.Archaea.Thermoproteota	1500.96	0.0	750.48
hgt	147	GCA.001940725.1.Archaea.Asgardarchaeota	1821.225	0.0	910.6125
hgt	174	GCA.001940665.1.Archaea.Asgardarchaeota	2507.51	0.0	1253.755
hgt	None	dead	0.0	0.0	0.0
hgt	None	dead	0.0	0.0	0.0
los	None	dead	0.0	0.0	0.0
spe	130	128	1634.235	786.4855	1210.36025
spe	139	109	2461.325	2207.27	2334.2975
spe	109	103	2207.27	1834.935	2021.1025
hgt	133	GCA.000405685.1.Archaea.Thermoproteota	1545.885	0.0	772.9425
hgt	103	GCA.002254745.1.Archaea.Thermoproteota	1834.935	0.0	917.4675
los	103	GCA.002254745.1.Archaea.Thermoproteota	1834.935	0.0	917.4675
spe	103	101	1834.935	1617.2	1726.0675
hgt	59	GCA.002878135.1.Archaea.Thermoplasmatota	1280.64	0.0	640.32
spe	101	99	1617.2	1407.615	1512.4075
spe	109	108	2207.27	1901.755	2054.5125
spe	107	GCA.003019535.1.Archaea.Thermoproteota	1609.36	0.0	804.68
los	107	GCA.003019535.1.Archaea.Thermoproteota	1609.36	0.0	804.68
hgt	None	dead	0.0	0.0	0.0
los	None	dead	0.0	0.0	0.0
spe	39	38	2491.15	2097.27	2294.21
hgt	77	GCA.003194435.1.Archaea.Halobacteriota	1438.885	0.0	719.4425
spe	94	42	2684.395	2229.015	2456.705
hgt	42	GCA.002502135.1.Archaea.Undinarchaeota	2229.015	0.0	1114.5075
los	42	GCA.002502135.1.Archaea.Undinarchaeota	2229.015	0.0	1114.5075
hgt	143	GCA.001940655.1.Archaea.Asgardarchaeota	2114.17	0.0	1057.085
hgt	837	GCA.001768075.1.Bacteria.Myxococcota	1589.61	0.0	794.805
hgt	400	GCA.002707655.1.Bacteria.SAR324	2337.685	0.0	1168.8425
dup	None	dead	0.0	0.0	0.0
hgt	None	dead	0.0	0.0	0.0
los	None	dead	0.0	0.0	0.0
dup	None	dead	0.0	0.0	0.0
hgt	None	dead	0.0	0.0	0.0
los	None	dead	0.0	0.0	0.0
hgt	None	dead	0.0	0.0	0.0
los	None	dead	0.0	0.0	0.0
hgt	None	dead	0.0	0.0	0.0
dup	None	dead	0.0	0.0	0.0
hgt	None	dead	0.0	0.0	0.0
los	None	dead	0.0	0.0	0.0
hgt	None	dead	0.0	0.0	0.0
los	None	dead	0.0	0.0	0.0
hgt	1093	1055	3523.93	3144.785	3334.3575
los	1093	1055	3523.93	3144.785	3334.3575
dup	1391	1390	3155.64	3037.655	3096.6475
spe	1391	1390	3155.64	3037.655	3096.6475
hgt	None	dead	0.0	0.0	0.0
los	1390	1218	3037.655	2844.535	2941.095
hgt	None	dead	0.0	0.0	0.0
los	None	dead	0.0	0.0	0.0
spe	1390	1389	3037.655	2954.69	2996.1725
spe	1389	1388	2954.69	2796.04	2875.365
spe	1388	1387	2796.04	2728.885	2762.4625
hgt	None	dead	0.0	0.0	0.0
los	1387	1327	2728.885	2593.555	2661.22
hgt	None	dead	0.0	0.0	0.0
los	None	dead	0.0	0.0	0.0
spe	1386	1385	2546.81	2448.17	2497.49
los	1386	1385	2546.81	2448.17	2497.49
spe	1330	GCA.002385745.1.Bacteria.Firmicutes.D	1974.4	0.0	987.2
los	1330	GCA.002385745.1.Bacteria.Firmicutes.D	1974.4	0.0	987.2
spe	1388	1274	2796.04	2556.69	2676.365
hgt	None	dead	0.0	0.0	0.0
los	1274	1240	2556.69	2176.58	2366.635
hgt	None	dead	0.0	0.0	0.0
los	None	dead	0.0	0.0	0.0
spe	1273	1272	2327.63	2162.05	2244.84
los	1273	1272	2327.63	2162.05	2244.84
spe	1389	1237	2954.69	2499.645	2727.1675
hgt	1237	1221	2499.645	2008.115	2253.88
los	1237	1221	2499.645	2008.115	2253.88
spe	1237	1236	2499.645	2327.67	2413.6575
hgt	None	dead	0.0	0.0	0.0
hgt	None	dead	0.0	0.0	0.0
los	None	dead	0.0	0.0	0.0
hgt	None	dead	0.0	0.0	0.0
los	1236	1228	2327.67	2160.575	2244.1225
hgt	None	dead	0.0	0.0	0.0
los	None	dead	0.0	0.0	0.0
spe	1236	1235	2327.67	2052.91	2190.29
hgt	1215	GCF.000328625.1.Bacteria.Firmicutes.F	1553.665	0.0	776.8325
hgt	1304	GCA.002352935.1.Bacteria.Firmicutes.B	1181.512	0.0	590.756
hgt	None	dead	0.0	0.0	0.0
hgt	None	dead	0.0	0.0	0.0
los	None	dead	0.0	0.0	0.0
hgt	None	dead	0.0	0.0	0.0
hgt	None	dead	0.0	0.0	0.0
los	None	dead	0.0	0.0	0.0
hgt	None	dead	0.0	0.0	0.0
los	1235	1234	2052.91	1778.17	1915.54
hgt	None	dead	0.0	0.0	0.0
los	None	dead	0.0	0.0	0.0
hgt	None	dead	0.0	0.0	0.0
hgt	None	dead	0.0	0.0	0.0
los	None	dead	0.0	0.0	0.0
hgt	None	dead	0.0	0.0	0.0
spe	1391	1390	3155.64	3037.655	3096.6475
spe	1390	1389	3037.655	2954.69	2996.1725
spe	1389	1388	2954.69	2796.04	2875.365
spe	1387	1386	2728.885	2546.81	2637.8475
los	1387	1386	2728.885	2546.81	2637.8475
spe	1387	1327	2728.885	2593.555	2661.22
spe	1327	1289	2593.555	2267.365	2430.46
hgt	376	GCA.002418835.1.Bacteria.Spirochaetota	2123.16	0.0	1061.58
spe	1289	1288	2267.365	1693.72	1980.5425
spe	1288	1287	1693.72	1417.98	1555.85
hgt	1287	GCA.002329525.1.Bacteria.Firmicutes.C	1417.98	0.0	708.99
los	1287	GCA.002329525.1.Bacteria.Firmicutes.C	1417.98	0.0	708.99
spe	1285	1284	1310.93	1020.5295	1165.72975
los	1285	1284	1310.93	1020.5295	1165.72975
spe	1281	1280	1090.0515	922.663	1006.35725
los	1281	1280	1090.0515	922.663	1006.35725
hgt	837	GCA.001768075.1.Bacteria.Myxococcota	1589.61	0.0	794.805
hgt	1281	GCF.002257705.1.Bacteria.Firmicutes.C	1090.0515	0.0	545.02575
dup	837	GCA.001768075.1.Bacteria.Myxococcota	1589.61	0.0	794.805
hgt	1289	GCA.002345475.1.Bacteria.Firmicutes.H	2267.365	0.0	1133.6825
los	1289	GCA.002345475.1.Bacteria.Firmicutes.H	2267.365	0.0	1133.6825
spe	1259	1253	1790.12	1647.265	1718.6925
spe	1252	GCF.900107485.1.Bacteria.Firmicutes.A	1454.05	0.0	727.025
los	1252	GCF.900107485.1.Bacteria.Firmicutes.A	1454.05	0.0	727.025
spe	1251	GCA.002478485.1.Bacteria.Firmicutes.A	1274.235	0.0	637.1175
los	1251	GCA.002478485.1.Bacteria.Firmicutes.A	1274.235	0.0	637.1175
spe	1327	1326	2593.555	2394.985	2494.27
hgt	1325	1324	2206.925	2099.855	2153.39
spe	1292	GCF.000024605.1.Bacteria.Firmicutes.B	1918.11	0.0	959.055
los	1292	GCF.000024605.1.Bacteria.Firmicutes.B	1918.11	0.0	959.055
spe	1325	1324	2206.925	2099.855	2153.39
spe	1324	1308	2099.855	1873.47	1986.6625
spe	1300	GCA.002418765.1.Bacteria.Firmicutes.B	1522.13	0.0	761.065
los	1300	GCA.002418765.1.Bacteria.Firmicutes.B	1522.13	0.0	761.065
hgt	None	dead	0.0	0.0	0.0
hgt	None	dead	0.0	0.0	0.0
los	None	dead	0.0	0.0	0.0
hgt	None	dead	0.0	0.0	0.0
dup	None	dead	0.0	0.0	0.0
hgt	None	dead	0.0	0.0	0.0
los	None	dead	0.0	0.0	0.0
hgt	None	dead	0.0	0.0	0.0
los	None	dead	0.0	0.0	0.0
hgt	1240	GCA.002376045.1.Bacteria.Firmicutes.A	2176.58	0.0	1088.29
hgt	None	dead	0.0	0.0	0.0
hgt	None	dead	0.0	0.0	0.0
los	None	dead	0.0	0.0	0.0
hgt	1308	1307	1873.47	1657.525	1765.4975
los	1308	1307	1873.47	1657.525	1765.4975
spe	1324	1323	2099.855	2012.64	2056.2475
spe	1322	GCA.001512665.1.Bacteria.Firmicutes.B	1664.355	0.0	832.1775
los	1322	GCA.001512665.1.Bacteria.Firmicutes.B	1664.355	0.0	832.1775
dup	1322	GCA.000961765.1.Bacteria.Firmicutes.B	1664.355	0.0	832.1775
spe	1319	1318	1887.42	1776.335	1831.8775
los	1319	1318	1887.42	1776.335	1831.8775
dup	1319	GCF.900100785.1.Bacteria.Firmicutes.B	1887.42	0.0	943.71
spe	1326	1325	2394.985	2206.925	2300.955
spe	1324	1323	2099.855	2012.64	2056.2475
los	1324	1323	2099.855	2012.64	2056.2475
spe	1308	1300	1873.47	1522.13	1697.8
los	1308	1300	1873.47	1522.13	1697.8
spe	1308	1307	1873.47	1657.525	1765.4975
spe	1307	1305	1657.525	1479.61	1568.5675
hgt	1305	1304	1479.61	1181.512	1330.561
los	1305	1304	1479.61	1181.512	1330.561
spe	1325	1297	2206.925	1941.385	2074.155
spe	1297	1296	1941.385	1757.76	1849.5725
hgt	1296	GCF.900176005.1.Bacteria.Firmicutes.B	1757.76	0.0	878.88
los	1296	GCF.900176005.1.Bacteria.Firmicutes.B	1757.76	0.0	878.88
spe	1285	1281	1310.93	1090.0515	1200.49075
spe	1280	GCF.900104455.1.Bacteria.Firmicutes.C	922.663	0.0	461.3315
los	1280	GCF.900104455.1.Bacteria.Firmicutes.C	922.663	0.0	461.3315
dup	1281	GCF.002257705.1.Bacteria.Firmicutes.C	1090.0515	0.0	545.02575
dup	1281	GCF.002257705.1.Bacteria.Firmicutes.C	1090.0515	0.0	545.02575
hgt	1318	1317	1776.335	1176.776	1476.5555
hgt	1382	1381	1778.165	1661.335	1719.75
dup	1297	GCA.002329495.1.Bacteria.Firmicutes.B	1941.385	0.0	970.6925
dup	1297	GCA.002329495.1.Bacteria.Firmicutes.B	1941.385	0.0	970.6925
hgt	1645	GCF.000212395.1.Bacteria.Thermodesulfobiota	3083.735	0.0	1541.8675
spe	1382	1381	1778.165	1661.335	1719.75
spe	1380	GCF.001049895.1.Bacteria.Firmicutes	1558.37	0.0	779.185
los	1380	GCF.001049895.1.Bacteria.Firmicutes	1558.37	0.0	779.185
spe	1379	1378	1484.04	1182.795	1333.4175
los	1379	1378	1484.04	1182.795	1333.4175
spe	1379	1355	1484.04	1246.46	1365.25
hgt	1347	GCF.900099895.1.Bacteria.Firmicutes	1266.54	0.0	633.27
spe	1381	1351	1661.335	1566.59	1613.9625
hgt	None	dead	0.0	0.0	0.0
los	1351	1350	1566.59	1380.55	1473.57
hgt	None	dead	0.0	0.0	0.0
los	None	dead	0.0	0.0	0.0
spe	1347	GCF.900099895.1.Bacteria.Firmicutes	1266.54	0.0	633.27
los	1347	GCF.900099895.1.Bacteria.Firmicutes	1266.54	0.0	633.27
hgt	1284	GCF.001553315.1.Bacteria.Firmicutes.C	1020.5295	0.0	510.26475
hgt	199	GCA.003527405.1.Bacteria.Atribacterota	2662.455	0.0	1331.2275
spe	1318	1317	1776.335	1176.776	1476.5555
spe	1315	GCA.002482535.1.Bacteria.Firmicutes.B	994.8405	0.0	497.42025
los	1315	GCA.002482535.1.Bacteria.Firmicutes.B	994.8405	0.0	497.42025
spe	1388	1274	2796.04	2556.69	2676.365
hgt	1274	1240	2556.69	2176.58	2366.635
los	1274	1240	2556.69	2176.58	2366.635
spe	139	109	2461.325	2207.27	2334.2975
spe	108	107	1901.755	1609.36	1755.5575
los	108	107	1901.755	1609.36	1755.5575
spe	109	103	2207.27	1834.935	2021.1025
spe	101	GCF.000011205.1.Archaea.Thermoproteota	1617.2	0.0	808.6
los	101	GCF.000011205.1.Archaea.Thermoproteota	1617.2	0.0	808.6
spe	99	GCF.001481685.1.Archaea.Thermoproteota	1407.615	0.0	703.8075
los	99	GCF.001481685.1.Archaea.Thermoproteota	1407.615	0.0	703.8075
spe	1273	GCF.000166335.1.Bacteria.Firmicutes.A	2327.63	0.0	1163.815
los	1273	GCF.000166335.1.Bacteria.Firmicutes.A	2327.63	0.0	1163.815
spe	1273	1272	2327.63	2162.05	2244.84
spe	1272	1246	2162.05	1810.695	1986.3725
spe	1245	GCF.900129115.1.Bacteria.Firmicutes.A	1582.345	0.0	791.1725
los	1245	GCF.900129115.1.Bacteria.Firmicutes.A	1582.345	0.0	791.1725
hgt	1246	GCF.000213255.1.Bacteria.Firmicutes.A	1810.695	0.0	905.3475
los	1246	GCF.000213255.1.Bacteria.Firmicutes.A	1810.695	0.0	905.3475
spe	1272	1271	2162.05	1864.085	2013.0675
spe	1270	1269	1672.825	1505.09	1588.9575
los	1270	1269	1672.825	1505.09	1588.9575
spe	1264	GCA.900317035.1.Bacteria.Firmicutes.A	1373.43	0.0	686.715
los	1264	GCA.900317035.1.Bacteria.Firmicutes.A	1373.43	0.0	686.715
spe	1263	GCA.002308775.1.Bacteria.Firmicutes.A	1119.073	0.0	559.5365
los	1263	GCA.002308775.1.Bacteria.Firmicutes.A	1119.073	0.0	559.5365
spe	1259	1258	1790.12	1529.515	1659.8175
los	1259	1258	1790.12	1529.515	1659.8175
spe	1253	GCF.900142265.1.Bacteria.Firmicutes.A	1647.265	0.0	823.6325
los	1253	GCF.900142265.1.Bacteria.Firmicutes.A	1647.265	0.0	823.6325
spe	1252	1251	1454.05	1274.235	1364.1425
los	1252	1251	1454.05	1274.235	1364.1425
hgt	None	dead	0.0	0.0	0.0
dup	None	dead	0.0	0.0	0.0
hgt	None	dead	0.0	0.0	0.0
los	None	dead	0.0	0.0	0.0
dup	None	dead	0.0	0.0	0.0
hgt	None	dead	0.0	0.0	0.0
los	None	dead	0.0	0.0	0.0
hgt	None	dead	0.0	0.0	0.0
los	None	dead	0.0	0.0	0.0
spe	887	863	2263.805	2054.51	2159.1575
spe	857	GCA.001830835.1.Bacteria.Desulfobacterota	1926.135	0.0	963.0675
los	857	GCA.001830835.1.Bacteria.Desulfobacterota	1926.135	0.0	963.0675
spe	863	862	2054.51	1719.125	1886.8175
hgt	862	GCA.002782605.1.Bacteria.Desulfobacterota	1719.125	0.0	859.5625
los	862	GCA.002782605.1.Bacteria.Desulfobacterota	1719.125	0.0	859.5625
spe	861	GCA.001304105.1.Bacteria.Desulfobacterota	1594.73	0.0	797.365
los	861	GCA.001304105.1.Bacteria.Desulfobacterota	1594.73	0.0	797.365
hgt	397	396	2952.9	2591.83	2772.365
spe	1237	1221	2499.645	2008.115	2253.88
los	1237	1221	2499.645	2008.115	2253.88
spe	1237	1236	2499.645	2327.67	2413.6575
spe	1228	GCA.003023725.1.Bacteria.Firmicutes.E	2160.575	0.0	1080.2875
los	1228	GCA.003023725.1.Bacteria.Firmicutes.E	2160.575	0.0	1080.2875
spe	1227	1226	1913.92	1761.44	1837.68
los	1227	1226	1913.92	1761.44	1837.68
spe	1236	1235	2327.67	2052.91	2190.29
spe	1234	GCA.003599345.1.Bacteria.Firmicutes.E	1778.17	0.0	889.085
los	1234	GCA.003599345.1.Bacteria.Firmicutes.E	1778.17	0.0	889.085
spe	1233	GCA.003449495.1.Bacteria.Firmicutes.E	1459.0	0.0	729.5
los	1233	GCA.003449495.1.Bacteria.Firmicutes.E	1459.0	0.0	729.5
hgt	1235	GCA.002376005.1.Bacteria.Firmicutes.E	2052.91	0.0	1026.455
los	1235	GCA.002376005.1.Bacteria.Firmicutes.E	2052.91	0.0	1026.455
spe	397	396	2952.9	2591.83	2772.365
spe	396	395	2591.83	1495.105	2043.4675
hgt	395	GCF.000487995.1.Bacteria.Deferribacterota	1495.105	0.0	747.5525
los	395	GCF.000487995.1.Bacteria.Deferribacterota	1495.105	0.0	747.5525
spe	1390	1218	3037.655	2844.535	2941.095
spe	1218	1216	2844.535	2236.855	2540.695
hgt	1216	1215	2236.855	1553.665	1895.26
los	1216	1215	2236.855	1553.665	1895.26
spe	1476	1454	2705.185	2138.89	2422.0375
spe	1453	1452	2041.27	1560.03	1800.65
los	1453	1452	2041.27	1560.03	1800.65
spe	1449	GCA.002366595.1.Bacteria.Chloroflexota	1825.905	0.0	912.9525
los	1449	GCA.002366595.1.Bacteria.Chloroflexota	1825.905	0.0	912.9525
spe	1454	1446	2138.89	1892.56	2015.725
hgt	1446	1445	1892.56	1683.66	1788.11
los	1446	1445	1892.56	1683.66	1788.11
spe	1446	1440	1892.56	1749.24	1820.9
spe	1440	1439	1749.24	1503.92	1626.58
hgt	1439	1438	1503.92	1310.445	1407.1825
los	1439	1438	1503.92	1310.445	1407.1825
hgt	None	dead	0.0	0.0	0.0
hgt	1318	1312	1776.335	1489.285	1632.81
spe	1318	1312	1776.335	1489.285	1632.81
dup	None	dead	0.0	0.0	0.0
hgt	None	dead	0.0	0.0	0.0
los	None	dead	0.0	0.0	0.0
hgt	None	dead	0.0	0.0	0.0
los	None	dead	0.0	0.0	0.0
hgt	1296	GCF.900176005.1.Bacteria.Firmicutes.B	1757.76	0.0	878.88
hgt	1218	GCA.001513125.1.Bacteria.DTU030	2844.535	0.0	1422.2675
los	1218	GCA.001513125.1.Bacteria.DTU030	2844.535	0.0	1422.2675
dup	None	dead	0.0	0.0	0.0
dup	None	dead	0.0	0.0	0.0
hgt	None	dead	0.0	0.0	0.0
los	None	dead	0.0	0.0	0.0
hgt	None	dead	0.0	0.0	0.0
los	None	dead	0.0	0.0	0.0
hgt	None	dead	0.0	0.0	0.0
los	None	dead	0.0	0.0	0.0
spe	737	736	2105.695	1826.19	1965.9425
hgt	857	GCA.002010915.1.Bacteria.Desulfobacterota	1926.135	0.0	963.0675
dup	736	GCA.003454665.1.Bacteria.Nitrospirota	1826.19	0.0	913.095
hgt	737	733	2105.695	1608.54	1857.1175
spe	737	733	2105.695	1608.54	1857.1175
spe	733	732	1608.54	1363.035	1485.7875
hgt	732	GCA.002011735.1.Bacteria.Nitrospirota	1363.035	0.0	681.5175
los	732	GCA.002011735.1.Bacteria.Nitrospirota	1363.035	0.0	681.5175
dup	732	GCA.003153275.1.Bacteria.Nitrospirota	1363.035	0.0	681.5175
hgt	883	GCA.000961655.1.Bacteria.Desulfobacterota	1384.92	0.0	692.46
hgt	871	GCA.007244385.1.Bacteria.Desulfobacterota	1489.29	0.0	744.645
