event	left_node	right_node	left_date	right_date	midpoint_date
hgt	None	dead	0.0	0.0	0.0
hgt	None	dead	0.0	0.0	0.0
los	None	dead	0.0	0.0	0.0
spe	829	817	2062.825	1903.64	1983.2325
spe	816	GCA.002724675.1.Bacteria.Myxococcota.A	1355.92	0.0	677.96
los	816	GCA.002724675.1.Bacteria.Myxococcota.A	1355.92	0.0	677.96
spe	817	813	1903.64	1756.665	1830.1525
hgt	813	812	1756.665	1631.73	1694.1975
los	813	812	1756.665	1631.73	1694.1975
hgt	1038	1032	2137.765	1723.11	1930.4375
spe	813	807	1756.665	1533.145	1644.905
hgt	807	GCA.002789955.1.Bacteria.Myxococcota	1533.145	0.0	766.5725
los	807	GCA.002789955.1.Bacteria.Myxococcota	1533.145	0.0	766.5725
hgt	None	dead	0.0	0.0	0.0
spe	1038	1032	2137.765	1723.11	1930.4375
dup	None	dead	0.0	0.0	0.0
hgt	None	dead	0.0	0.0	0.0
los	None	dead	0.0	0.0	0.0
hgt	None	dead	0.0	0.0	0.0
los	None	dead	0.0	0.0	0.0
spe	1048	1047	3560.57	3546.415	3553.4925
spe	365	GCA.001730085.1.Bacteria.GCA.001730085	3289.67	0.0	1644.835
los	365	GCA.001730085.1.Bacteria.GCA.001730085	3289.67	0.0	1644.835
spe	365	364	3289.67	3190.2	3239.935
spe	316	315	2994.185	2831.96	2913.0725
los	316	315	2994.185	2831.96	2913.0725
spe	308	290	2526.01	2118.335	2322.1725
los	308	290	2526.01	2118.335	2322.1725
spe	307	306	2412.955	1867.71	2140.3325
los	307	306	2412.955	1867.71	2140.3325
spe	297	296	2134.445	1549.515	1841.98
los	297	296	2134.445	1549.515	1841.98
spe	293	GCA.002429065.1.Bacteria.Verrucomicrobiota	1839.63	0.0	919.815
los	293	GCA.002429065.1.Bacteria.Verrucomicrobiota	1839.63	0.0	919.815
spe	364	363	3190.2	2638.385	2914.2925
spe	362	361	2473.985	2351.985	2412.985
los	362	361	2473.985	2351.985	2412.985
spe	342	328	2271.435	1842.83	2057.1325
los	342	328	2271.435	1842.83	2057.1325
spe	341	GCA.003170085.1.Bacteria.Planctomycetota	2005.01	0.0	1002.505
los	341	GCA.003170085.1.Bacteria.Planctomycetota	2005.01	0.0	1002.505
spe	340	339	1641.945	1498.51	1570.2275
los	340	339	1641.945	1498.51	1570.2275
spe	334	GCA.002338715.1.Bacteria.Planctomycetota	1433.42	0.0	716.71
los	334	GCA.002338715.1.Bacteria.Planctomycetota	1433.42	0.0	716.71
spe	332	GCA.002364485.1.Bacteria.Planctomycetota	1016.322	0.0	508.161
los	332	GCA.002364485.1.Bacteria.Planctomycetota	1016.322	0.0	508.161
spe	363	321	2638.385	2458.77	2548.5775
spe	320	GCA.002746535.1.Bacteria.Planctomycetota	2256.89	0.0	1128.445
los	320	GCA.002746535.1.Bacteria.Planctomycetota	2256.89	0.0	1128.445
hgt	None	dead	0.0	0.0	0.0
hgt	None	dead	0.0	0.0	0.0
los	None	dead	0.0	0.0	0.0
spe	651	650	2255.845	2166.365	2211.105
spe	649	543	2098.245	1931.665	2014.955
los	649	543	2098.245	1931.665	2014.955
dup	649	648	2098.245	2024.465	2061.355
hgt	None	dead	0.0	0.0	0.0
hgt	None	dead	0.0	0.0	0.0
los	None	dead	0.0	0.0	0.0
hgt	None	dead	0.0	0.0	0.0
hgt	None	dead	0.0	0.0	0.0
dup	649	648	2098.245	2024.465	2061.355
spe	649	648	2098.245	2024.465	2061.355
spe	562	546	1860.4	1496.095	1678.2475
los	562	546	1860.4	1496.095	1678.2475
spe	561	560	1784.925	1588.3	1686.6125
los	561	560	1784.925	1588.3	1686.6125
spe	553	GCF.001641825.1.Bacteria.Proteobacteria	1630.725	0.0	815.3625
los	553	GCF.001641825.1.Bacteria.Proteobacteria	1630.725	0.0	815.3625
spe	552	551	1397.305	1101.556	1249.4305
los	552	551	1397.305	1101.556	1249.4305
spe	648	647	2024.465	1945.285	1984.875
spe	646	645	1897.835	1829.485	1863.66
los	646	645	1897.835	1829.485	1863.66
spe	588	576	1783.48	1633.525	1708.5025
los	588	576	1783.48	1633.525	1708.5025
spe	587	586	1406.63	1290.345	1348.4875
los	587	586	1406.63	1290.345	1348.4875
spe	581	GCA.002868855.1.Bacteria.Proteobacteria	1247.6	0.0	623.8
los	581	GCA.002868855.1.Bacteria.Proteobacteria	1247.6	0.0	623.8
spe	579	GCA.003137095.1.Bacteria.Proteobacteria	971.347	0.0	485.6735
los	579	GCA.003137095.1.Bacteria.Proteobacteria	971.347	0.0	485.6735
spe	647	571	1945.285	1781.46	1863.3725
hgt	571	565	1781.46	1495.725	1638.5925
los	571	565	1781.46	1495.725	1638.5925
spe	571	570	1781.46	1624.36	1702.91
spe	568	GCF.001051235.1.Bacteria.Proteobacteria	1463.05	0.0	731.525
los	568	GCF.001051235.1.Bacteria.Proteobacteria	1463.05	0.0	731.525
hgt	570	GCA.002255365.1.Bacteria.Proteobacteria	1624.36	0.0	812.18
los	570	GCA.002255365.1.Bacteria.Proteobacteria	1624.36	0.0	812.18
hgt	None	dead	0.0	0.0	0.0
dup	None	dead	0.0	0.0	0.0
hgt	None	dead	0.0	0.0	0.0
los	None	dead	0.0	0.0	0.0
hgt	None	dead	0.0	0.0	0.0
los	None	dead	0.0	0.0	0.0
spe	649	648	2098.245	2024.465	2061.355
spe	648	562	2024.465	1860.4	1942.4325
spe	546	GCA.002747435.1.Bacteria.Proteobacteria	1496.095	0.0	748.0475
los	546	GCA.002747435.1.Bacteria.Proteobacteria	1496.095	0.0	748.0475
hgt	None	dead	0.0	0.0	0.0
los	562	561	1860.4	1784.925	1822.6625
hgt	None	dead	0.0	0.0	0.0
los	None	dead	0.0	0.0	0.0
hgt	None	dead	0.0	0.0	0.0
spe	648	647	2024.465	1945.285	1984.875
spe	647	571	1945.285	1781.46	1863.3725
spe	571	570	1781.46	1624.36	1702.91
hgt	570	568	1624.36	1463.05	1543.705
los	570	568	1624.36	1463.05	1543.705
hgt	406	GCA.001872725.1.Bacteria.Proteobacteria	2569.1	0.0	1284.55
hgt	571	565	1781.46	1495.725	1638.5925
los	571	565	1781.46	1495.725	1638.5925
dup	647	646	1945.285	1897.835	1921.56
spe	647	646	1945.285	1897.835	1921.56
spe	646	588	1897.835	1783.48	1840.6575
hgt	588	576	1783.48	1633.525	1708.5025
los	588	576	1783.48	1633.525	1708.5025
spe	588	587	1783.48	1406.63	1595.055
spe	586	GCA.003228965.1.Bacteria.Proteobacteria	1290.345	0.0	645.1725
los	586	GCA.003228965.1.Bacteria.Proteobacteria	1290.345	0.0	645.1725
spe	585	GCA.002338605.1.Bacteria.Proteobacteria	1098.223	0.0	549.1115
los	585	GCA.002338605.1.Bacteria.Proteobacteria	1098.223	0.0	549.1115
hgt	183	GCA.002402105.1.Bacteria.UBP17	2959.72	0.0	1479.86
hgt	587	581	1406.63	1247.6	1327.115
los	587	581	1406.63	1247.6	1327.115
hgt	265	GCA.003501375.1.Bacteria.Sumerlaeota	1973.575	0.0	986.7875
spe	646	645	1897.835	1829.485	1863.66
spe	645	644	1829.485	1683.9	1756.6925
hgt	None	dead	0.0	0.0	0.0
los	644	643	1683.9	1502.7	1593.3
hgt	None	dead	0.0	0.0	0.0
los	None	dead	0.0	0.0	0.0
spe	644	636	1683.9	1603.01	1643.455
hgt	1015	GCA.002790835.1.Bacteria.Krumholzibacteriota	2074.465	0.0	1037.2325
hgt	400	GCA.002401295.1.Bacteria.SAR324	2394.165	0.0	1197.0825
hgt	636	634	1603.01	1434.16	1518.585
los	636	634	1603.01	1434.16	1518.585
spe	631	603	1750.855	1669.485	1710.17
los	631	603	1750.855	1669.485	1710.17
spe	630	629	1615.545	1438.955	1527.25
los	630	629	1615.545	1438.955	1527.25
spe	614	606	1464.595	1290.84	1377.7175
los	614	606	1464.595	1290.84	1377.7175
spe	614	613	1464.595	1345.44	1405.0175
spe	612	GCF.003612015.1.Bacteria.Proteobacteria	1191.86	0.0	595.93
los	612	GCF.003612015.1.Bacteria.Proteobacteria	1191.86	0.0	595.93
spe	612	611	1191.86	907.6015	1049.73075
hgt	868	GCA.002347095.1.Bacteria.Desulfobacterota	1758.21	0.0	879.105
hgt	565	GCF.002958735.1.Bacteria.Proteobacteria	1495.725	0.0	747.8625
spe	646	588	1897.835	1783.48	1840.6575
los	646	588	1897.835	1783.48	1840.6575
spe	646	645	1897.835	1829.485	1863.66
spe	644	643	1683.9	1502.7	1593.3
los	644	643	1683.9	1502.7	1593.3
spe	636	GCA.002840095.1.Bacteria.Proteobacteria	1603.01	0.0	801.505
los	636	GCA.002840095.1.Bacteria.Proteobacteria	1603.01	0.0	801.505
spe	634	GCF.001697225.1.Bacteria.Proteobacteria	1434.16	0.0	717.08
los	634	GCF.001697225.1.Bacteria.Proteobacteria	1434.16	0.0	717.08
spe	645	631	1829.485	1750.855	1790.17
spe	603	602	1669.485	1587.075	1628.28
los	603	602	1669.485	1587.075	1628.28
hgt	631	630	1750.855	1615.545	1683.2
los	631	630	1750.855	1615.545	1683.2
hgt	None	dead	0.0	0.0	0.0
los	None	dead	0.0	0.0	0.0
spe	483	482	1736.705	1642.38	1689.5425
spe	482	481	1642.38	1564.755	1603.5675
hgt	481	480	1564.755	1431.52	1498.1375
los	481	480	1564.755	1431.52	1498.1375
spe	481	469	1564.755	1451.305	1508.03
hgt	469	468	1451.305	1270.185	1360.745
los	469	468	1451.305	1270.185	1360.745
spe	469	463	1451.305	1313.945	1382.625
hgt	463	GCF.002251795.1.Bacteria.Proteobacteria	1313.945	0.0	656.9725
los	463	GCF.002251795.1.Bacteria.Proteobacteria	1313.945	0.0	656.9725
spe	462	GCF.000315795.1.Bacteria.Proteobacteria	1065.146	0.0	532.573
los	462	GCF.000315795.1.Bacteria.Proteobacteria	1065.146	0.0	532.573
spe	482	458	1642.38	1513.53	1577.955
spe	458	456	1513.53	1329.135	1421.3325
hgt	489	GCA.002348365.1.Bacteria.Proteobacteria	1225.83	0.0	612.915
hgt	456	GCF.002148795.1.Bacteria.Proteobacteria	1329.135	0.0	664.5675
los	456	GCF.002148795.1.Bacteria.Proteobacteria	1329.135	0.0	664.5675
spe	456	455	1329.135	974.476	1151.8055
hgt	455	454	974.476	839.502	906.989
los	455	454	974.476	839.502	906.989
dup	None	dead	0.0	0.0	0.0
hgt	None	dead	0.0	0.0	0.0
los	None	dead	0.0	0.0	0.0
hgt	None	dead	0.0	0.0	0.0
los	None	dead	0.0	0.0	0.0
dup	515	514	2002.575	1851.4	1926.9875
spe	515	514	2002.575	1851.4	1926.9875
spe	436	435	1731.205	1539.415	1635.31
los	436	435	1731.205	1539.415	1635.31
spe	514	513	1851.4	1786.09	1818.745
spe	483	482	1736.705	1642.38	1689.5425
los	483	482	1736.705	1642.38	1689.5425
spe	447	446	1590.07	1389.555	1489.8125
los	447	446	1590.07	1389.555	1489.8125
spe	439	GCF.001613805.1.Bacteria.Proteobacteria	1430.985	0.0	715.4925
los	439	GCF.001613805.1.Bacteria.Proteobacteria	1430.985	0.0	715.4925
spe	512	486	1671.055	1393.215	1532.135
los	512	486	1671.055	1393.215	1532.135
spe	511	489	1589.625	1225.83	1407.7275
los	511	489	1589.625	1225.83	1407.7275
spe	511	510	1589.625	1517.685	1553.655
spe	509	495	1417.44	1152.21	1284.825
los	509	495	1417.44	1152.21	1284.825
spe	508	507	1290.24	1064.673	1177.4565
los	508	507	1290.24	1064.673	1177.4565
spe	498	GCF.000192575.1.Bacteria.Proteobacteria	1143.1505	0.0	571.57525
los	498	GCF.000192575.1.Bacteria.Proteobacteria	1143.1505	0.0	571.57525
spe	492	GCF.002798435.1.Bacteria.Proteobacteria	1247.39	0.0	623.695
los	492	GCF.002798435.1.Bacteria.Proteobacteria	1247.39	0.0	623.695
spe	515	514	2002.575	1851.4	1926.9875
spe	436	GCA.002722885.1.Bacteria.Proteobacteria	1731.205	0.0	865.6025
los	436	GCA.002722885.1.Bacteria.Proteobacteria	1731.205	0.0	865.6025
spe	435	434	1539.415	1329.5	1434.4575
los	435	434	1539.415	1329.5	1434.4575
hgt	874	873	1965.97	1792.01	1878.99
hgt	None	dead	0.0	0.0	0.0
hgt	None	dead	0.0	0.0	0.0
los	None	dead	0.0	0.0	0.0
hgt	None	dead	0.0	0.0	0.0
hgt	None	dead	0.0	0.0	0.0
los	None	dead	0.0	0.0	0.0
spe	514	513	1851.4	1786.09	1818.745
spe	513	512	1786.09	1671.055	1728.5725
spe	486	GCF.000264455.2.Bacteria.Proteobacteria	1393.215	0.0	696.6075
los	486	GCF.000264455.2.Bacteria.Proteobacteria	1393.215	0.0	696.6075
spe	511	489	1589.625	1225.83	1407.7275
los	511	489	1589.625	1225.83	1407.7275
spe	511	510	1589.625	1517.685	1553.655
spe	509	508	1417.44	1290.24	1353.84
los	509	508	1417.44	1290.24	1353.84
spe	495	GCA.002796975.1.Bacteria.Proteobacteria	1152.21	0.0	576.105
los	495	GCA.002796975.1.Bacteria.Proteobacteria	1152.21	0.0	576.105
spe	510	492	1517.685	1247.39	1382.5375
hgt	492	GCF.900172325.1.Bacteria.Proteobacteria	1247.39	0.0	623.695
los	492	GCF.900172325.1.Bacteria.Proteobacteria	1247.39	0.0	623.695
spe	513	483	1786.09	1736.705	1761.3975
spe	482	458	1642.38	1513.53	1577.955
los	482	458	1642.38	1513.53	1577.955
spe	481	480	1564.755	1431.52	1498.1375
los	481	480	1564.755	1431.52	1498.1375
spe	469	463	1451.305	1313.945	1382.625
los	469	463	1451.305	1313.945	1382.625
spe	468	467	1270.185	1108.71	1189.4475
los	468	467	1270.185	1108.71	1189.4475
spe	483	447	1736.705	1590.07	1663.3875
spe	439	GCA.002723345.1.Bacteria.Proteobacteria	1430.985	0.0	715.4925
los	439	GCA.002723345.1.Bacteria.Proteobacteria	1430.985	0.0	715.4925
hgt	447	446	1590.07	1389.555	1489.8125
los	447	446	1590.07	1389.555	1489.8125
hgt	None	dead	0.0	0.0	0.0
dup	None	dead	0.0	0.0	0.0
hgt	None	dead	0.0	0.0	0.0
los	None	dead	0.0	0.0	0.0
hgt	None	dead	0.0	0.0	0.0
los	None	dead	0.0	0.0	0.0
spe	874	873	1965.97	1792.01	1878.99
spe	873	871	1792.01	1532.675	1662.3425
hgt	849	GCF.000266945.1.Bacteria.Desulfobacterota	1938.415	0.0	969.2075
hgt	871	GCA.002899795.1.Bacteria.Desulfobacterota	1532.675	0.0	766.3375
los	871	GCA.002899795.1.Bacteria.Desulfobacterota	1532.675	0.0	766.3375
hgt	None	dead	0.0	0.0	0.0
los	None	dead	0.0	0.0	0.0
spe	509	508	1417.44	1290.24	1353.84
spe	508	507	1290.24	1064.673	1177.4565
spe	506	GCA.001464215.1.Bacteria.Proteobacteria	1020.1165	0.0	510.05825
los	506	GCA.001464215.1.Bacteria.Proteobacteria	1020.1165	0.0	510.05825
spe	507	503	1064.673	930.456	997.5645
hgt	503	501	930.456	746.3765	838.41625
los	503	501	930.456	746.3765	838.41625
hgt	467	GCF.003258945.1.Bacteria.Proteobacteria	1108.71	0.0	554.355
spe	498	GCA.002731375.1.Bacteria.Proteobacteria	1143.1505	0.0	571.57525
los	498	GCA.002731375.1.Bacteria.Proteobacteria	1143.1505	0.0	571.57525
dup	498	GCF.000192575.1.Bacteria.Proteobacteria	1143.1505	0.0	571.57525
spe	648	562	2024.465	1860.4	1942.4325
los	648	562	2024.465	1860.4	1942.4325
spe	647	571	1945.285	1781.46	1863.3725
los	647	571	1945.285	1781.46	1863.3725
spe	646	645	1897.835	1829.485	1863.66
los	646	645	1897.835	1829.485	1863.66
spe	646	588	1897.835	1783.48	1840.6575
spe	576	GCA.002432655.1.Bacteria.Proteobacteria	1633.525	0.0	816.7625
los	576	GCA.002432655.1.Bacteria.Proteobacteria	1633.525	0.0	816.7625
spe	574	GCF.000374645.1.Bacteria.Proteobacteria	1374.275	0.0	687.1375
los	574	GCF.000374645.1.Bacteria.Proteobacteria	1374.275	0.0	687.1375
spe	587	586	1406.63	1290.345	1348.4875
los	587	586	1406.63	1290.345	1348.4875
spe	581	GCA.002868855.1.Bacteria.Proteobacteria	1247.6	0.0	623.8
los	581	GCA.002868855.1.Bacteria.Proteobacteria	1247.6	0.0	623.8
spe	579	GCA.003155415.1.Bacteria.Proteobacteria	971.347	0.0	485.6735
los	579	GCA.003155415.1.Bacteria.Proteobacteria	971.347	0.0	485.6735
spe	650	536	2166.365	1887.95	2027.1575
hgt	536	GCF.900111015.1.Bacteria.Proteobacteria	1887.95	0.0	943.975
los	536	GCF.900111015.1.Bacteria.Proteobacteria	1887.95	0.0	943.975
spe	1047	1046	3546.415	3486.69	3516.5525
spe	1045	921	3272.33	3079.615	3175.9725
los	1045	921	3272.33	3079.615	3175.9725
spe	1044	1043	3049.955	2969.625	3009.79
los	1044	1043	3049.955	2969.625	3009.79
spe	936	935	2851.625	2109.88	2480.7525
los	936	935	2851.625	2109.88	2480.7525
spe	926	924	2372.335	1862.1	2117.2175
los	926	924	2372.335	1862.1	2117.2175
spe	1046	902	3486.69	3388.51	3437.6
hgt	None	dead	0.0	0.0	0.0
spe	902	901	3388.51	3298.045	3343.2775
spe	901	900	3298.045	3178.205	3238.125
spe	900	716	3178.205	2750.795	2964.5
spe	715	675	2587.59	2219.92	2403.755
los	715	675	2587.59	2219.92	2403.755
spe	714	GCA.002731215.1.Bacteria.Acidobacteriota	2462.345	0.0	1231.1725
los	714	GCA.002731215.1.Bacteria.Acidobacteriota	2462.345	0.0	1231.1725
spe	713	712	2300.685	2094.82	2197.7525
los	713	712	2300.685	2094.82	2197.7525
spe	699	681	2165.445	1934.475	2049.96
los	699	681	2165.445	1934.475	2049.96
spe	698	686	1924.625	1699.78	1812.2025
los	698	686	1924.625	1699.78	1812.2025
spe	698	697	1924.625	1651.7	1788.1625
hgt	724	GCA.001914955.1.Bacteria.Nitrospirota	1631.91	0.0	815.955
spe	697	696	1651.7	1431.15	1541.425
hgt	696	GCA.003224665.1.Bacteria.Acidobacteriota	1431.15	0.0	715.575
los	696	GCA.003224665.1.Bacteria.Acidobacteriota	1431.15	0.0	715.575
spe	695	GCA.003131705.1.Bacteria.Acidobacteriota	1321.86	0.0	660.93
los	695	GCA.003131705.1.Bacteria.Acidobacteriota	1321.86	0.0	660.93
spe	694	GCA.001767075.1.Bacteria.Acidobacteriota	1248.195	0.0	624.0975
los	694	GCA.001767075.1.Bacteria.Acidobacteriota	1248.195	0.0	624.0975
spe	692	GCA.003140235.1.Bacteria.Acidobacteriota	1141.9465	0.0	570.97325
los	692	GCA.003140235.1.Bacteria.Acidobacteriota	1141.9465	0.0	570.97325
spe	716	670	2750.795	2401.115	2575.955
hgt	None	dead	0.0	0.0	0.0
los	670	669	2401.115	1836.34	2118.7275
hgt	None	dead	0.0	0.0	0.0
los	None	dead	0.0	0.0	0.0
hgt	None	dead	0.0	0.0	0.0
hgt	1391	1390	3193.865	3074.65	3134.2575
hgt	None	dead	0.0	0.0	0.0
dup	None	dead	0.0	0.0	0.0
hgt	None	dead	0.0	0.0	0.0
los	None	dead	0.0	0.0	0.0
hgt	None	dead	0.0	0.0	0.0
los	None	dead	0.0	0.0	0.0
spe	839	829	2107.47	2062.825	2085.1475
spe	829	828	2062.825	1800.295	1931.56
hgt	828	GCA.002699025.1.Bacteria.Myxococcota	1800.295	0.0	900.1475
los	828	GCA.002699025.1.Bacteria.Myxococcota	1800.295	0.0	900.1475
spe	828	827	1800.295	1682.675	1741.485
hgt	1173	GCA.001768675.1.Bacteria.Actinobacteriota	1615.325	0.0	807.6625
hgt	827	821	1682.675	1480.98	1581.8275
los	827	821	1682.675	1480.98	1581.8275
spe	826	GCA.002747355.1.Bacteria.Myxococcota	1516.045	0.0	758.0225
los	826	GCA.002747355.1.Bacteria.Myxococcota	1516.045	0.0	758.0225
spe	826	825	1516.045	1214.79	1365.4175
spe	829	817	2062.825	1903.64	1983.2325
hgt	817	813	1903.64	1756.665	1830.1525
los	817	813	1903.64	1756.665	1830.1525
spe	817	816	1903.64	1355.92	1629.78
hgt	816	GCA.002707085.1.Bacteria.Myxococcota.A	1355.92	0.0	677.96
los	816	GCA.002707085.1.Bacteria.Myxococcota.A	1355.92	0.0	677.96
hgt	797	GCA.002311335.1.Bacteria.Desulfobacterota.B	1933.19	0.0	966.595
spe	900	899	3178.205	3077.265	3127.735
hgt	None	dead	0.0	0.0	0.0
hgt	None	dead	0.0	0.0	0.0
los	None	dead	0.0	0.0	0.0
spe	899	898	3077.265	3008.34	3042.8025
spe	898	897	3008.34	2922.2	2965.27
spe	897	896	2922.2	2689.39	2805.795
spe	892	GCA.001873295.1.Bacteria.CG2.30.70.394	2160.3	0.0	1080.15
los	892	GCA.001873295.1.Bacteria.CG2.30.70.394	2160.3	0.0	1080.15
hgt	None	dead	0.0	0.0	0.0
los	896	895	2689.39	2233.715	2461.5525
hgt	None	dead	0.0	0.0	0.0
los	None	dead	0.0	0.0	0.0
spe	897	889	2922.2	2701.575	2811.8875
spe	888	854	2515.76	2344.965	2430.3625
los	888	854	2515.76	2344.965	2430.3625
spe	887	863	2332.115	2111.78	2221.9475
los	887	863	2332.115	2111.78	2221.9475
spe	886	874	2067.29	1965.97	2016.63
los	886	874	2067.29	1965.97	2016.63
spe	885	877	1945.59	1826.365	1885.9775
los	885	877	1945.59	1826.365	1885.9775
spe	884	883	1824.105	1441.77	1632.9375
los	884	883	1824.105	1441.77	1632.9375
spe	880	GCA.001577715.1.Bacteria.Desulfobacterota	1550.835	0.0	775.4175
los	880	GCA.001577715.1.Bacteria.Desulfobacterota	1550.835	0.0	775.4175
hgt	None	dead	0.0	0.0	0.0
los	889	843	2701.575	2593.715	2647.645
hgt	None	dead	0.0	0.0	0.0
los	None	dead	0.0	0.0	0.0
spe	898	756	3008.34	2635.78	2822.06
hgt	None	dead	0.0	0.0	0.0
dup	None	dead	0.0	0.0	0.0
hgt	None	dead	0.0	0.0	0.0
los	None	dead	0.0	0.0	0.0
hgt	None	dead	0.0	0.0	0.0
los	None	dead	0.0	0.0	0.0
hgt	1237	1221	2548.64	2065.095	2306.8675
spe	1237	1221	2548.64	2065.095	2306.8675
hgt	1240	GCA.002376045.1.Bacteria.Firmicutes.A	2224.995	0.0	1112.4975
hgt	1305	GCF.002207765.1.Bacteria.Firmicutes.B	1518.03	0.0	759.015
spe	756	754	2635.78	2364.085	2499.9325
hgt	1325	1324	2256.125	2152.01	2204.0675
spe	754	746	2364.085	2036.715	2200.4
hgt	746	GCA.002238965.1.Bacteria.UBA8248	2036.715	0.0	1018.3575
los	746	GCA.002238965.1.Bacteria.UBA8248	2036.715	0.0	1018.3575
hgt	1469	GCA.001898225.1.Bacteria.Chloroflexota	1964.555	0.0	982.2775
hgt	None	dead	0.0	0.0	0.0
hgt	None	dead	0.0	0.0	0.0
los	None	dead	0.0	0.0	0.0
hgt	None	dead	0.0	0.0	0.0
hgt	None	dead	0.0	0.0	0.0
los	None	dead	0.0	0.0	0.0
spe	695	694	1321.86	1248.195	1285.0275
spe	692	GCA.003140235.1.Bacteria.Acidobacteriota	1141.9465	0.0	570.97325
los	692	GCA.003140235.1.Bacteria.Acidobacteriota	1141.9465	0.0	570.97325
dup	1325	1324	2256.125	2152.01	2204.0675
spe	1324	1323	2152.01	2061.88	2106.945
los	1324	1323	2152.01	2061.88	2106.945
spe	1308	1300	1925.235	1565.1	1745.1675
los	1308	1300	1925.235	1565.1	1745.1675
spe	1307	1305	1703.5	1518.03	1610.765
los	1307	1305	1703.5	1518.03	1610.765
hgt	None	dead	0.0	0.0	0.0
hgt	None	dead	0.0	0.0	0.0
los	None	dead	0.0	0.0	0.0
spe	1325	1324	2256.125	2152.01	2204.0675
spe	1308	1307	1925.235	1703.5	1814.3675
los	1308	1307	1925.235	1703.5	1814.3675
spe	1300	GCA.002418765.1.Bacteria.Firmicutes.B	1565.1	0.0	782.55
los	1300	GCA.002418765.1.Bacteria.Firmicutes.B	1565.1	0.0	782.55
spe	1324	1323	2152.01	2061.88	2106.945
hgt	None	dead	0.0	0.0	0.0
hgt	None	dead	0.0	0.0	0.0
los	None	dead	0.0	0.0	0.0
spe	1381	1351	1697.085	1602.01	1649.5475
spe	1347	GCF.900099895.1.Bacteria.Firmicutes	1294.365	0.0	647.1825
los	1347	GCF.900099895.1.Bacteria.Firmicutes	1294.365	0.0	647.1825
spe	1350	GCF.000942395.1.Bacteria.Firmicutes	1409.0	0.0	704.5
los	1350	GCF.000942395.1.Bacteria.Firmicutes	1409.0	0.0	704.5
hgt	383	GCA.001829315.1.Bacteria.Spirochaetota	1910.295	0.0	955.1475
hgt	None	dead	0.0	0.0	0.0
los	1323	1322	2061.88	1700.81	1881.345
hgt	None	dead	0.0	0.0	0.0
los	None	dead	0.0	0.0	0.0
hgt	370	GCF.000092845.1.Bacteria.Spirochaetota	2115.08	0.0	1057.54
hgt	None	dead	0.0	0.0	0.0
hgt	None	dead	0.0	0.0	0.0
los	None	dead	0.0	0.0	0.0
hgt	None	dead	0.0	0.0	0.0
hgt	None	dead	0.0	0.0	0.0
los	None	dead	0.0	0.0	0.0
spe	1323	1319	2061.88	1933.46	1997.67
spe	1318	1317	1818.985	1219.28	1519.1325
los	1318	1317	1818.985	1219.28	1519.1325
spe	1312	GCF.002607855.1.Bacteria.Firmicutes.B	1521.75	0.0	760.875
los	1312	GCF.002607855.1.Bacteria.Firmicutes.B	1521.75	0.0	760.875
hgt	1688	GCF.000353285.1.Bacteria.Cyanobacteria	1636.375	0.0	818.1875
hgt	1259	1253	1830.34	1684.93	1757.635
spe	1259	1253	1830.34	1684.93	1757.635
spe	1252	GCF.900107485.1.Bacteria.Firmicutes.A	1492.085	0.0	746.0425
los	1252	GCF.900107485.1.Bacteria.Firmicutes.A	1492.085	0.0	746.0425
spe	1251	GCA.900066305.1.Bacteria.Firmicutes.A	1313.25	0.0	656.625
los	1251	GCA.900066305.1.Bacteria.Firmicutes.A	1313.25	0.0	656.625
hgt	741	GCA.003220615.1.Bacteria.Methylomirabilota	2099.065	0.0	1049.5325
hgt	None	dead	0.0	0.0	0.0
hgt	None	dead	0.0	0.0	0.0
los	None	dead	0.0	0.0	0.0
hgt	754	753	2364.085	2099.055	2231.57
los	754	753	2364.085	2099.055	2231.57
spe	899	743	3077.265	2953.32	3015.2925
spe	743	721	2953.32	2669.375	2811.3475
hgt	721	GCA.003230535.1.Bacteria.SZUA.182	2669.375	0.0	1334.6875
los	721	GCA.003230535.1.Bacteria.SZUA.182	2669.375	0.0	1334.6875
hgt	389	388	2749.555	2535.365	2642.46
spe	721	720	2669.375	2336.65	2503.0125
hgt	720	GCA.001775255.1.Bacteria.Desulfobacterota.D	2336.65	0.0	1168.325
los	720	GCA.001775255.1.Bacteria.Desulfobacterota.D	2336.65	0.0	1168.325
spe	1078	1076	1978.035	1449.05	1713.5425
spe	389	388	2749.555	2535.365	2642.46
spe	376	374	2164.345	1675.86	1920.1025
los	376	374	2164.345	1675.86	1920.1025
spe	388	387	2535.365	2327.165	2431.265
spe	387	386	2327.165	2009.02	2168.0925
hgt	386	GCA.002450905.1.Bacteria.Spirochaetota	2009.02	0.0	1004.51
los	386	GCA.002450905.1.Bacteria.Spirochaetota	2009.02	0.0	1004.51
spe	387	383	2327.165	1910.295	2118.73
hgt	383	381	1910.295	1517.805	1714.05
los	383	381	1910.295	1517.805	1714.05
spe	660	659	2563.03	1482.555	2022.7925
hgt	477	GCA.001897475.1.Bacteria.Proteobacteria	981.752	0.0	490.876
hgt	941	GCA.003477045.1.Bacteria.Delongbacteria	2334.605	0.0	1167.3025
hgt	932	GCA.002414805.1.Bacteria.Fibrobacterota	1699.53	0.0	849.765
hgt	396	GCF.000177635.2.Bacteria.Chrysiogenota	2626.695	0.0	1313.3475
hgt	None	dead	0.0	0.0	0.0
los	743	742	2953.32	2707.335	2830.3275
hgt	None	dead	0.0	0.0	0.0
los	None	dead	0.0	0.0	0.0
spe	647	646	1945.285	1897.835	1921.56
spe	646	588	1897.835	1783.48	1840.6575
spe	576	574	1633.525	1374.275	1503.9
los	576	574	1633.525	1374.275	1503.9
hgt	588	587	1783.48	1406.63	1595.055
los	588	587	1783.48	1406.63	1595.055
spe	645	644	1829.485	1683.9	1756.6925
los	645	644	1829.485	1683.9	1756.6925
spe	631	630	1750.855	1615.545	1683.2
los	631	630	1750.855	1615.545	1683.2
spe	603	GCA.002085445.1.Bacteria.Proteobacteria	1669.485	0.0	834.7425
los	603	GCA.002085445.1.Bacteria.Proteobacteria	1669.485	0.0	834.7425
spe	603	602	1669.485	1587.075	1628.28
spe	602	592	1587.075	1273.13	1430.1025
hgt	592	GCF.000024725.1.Bacteria.Proteobacteria	1273.13	0.0	636.565
los	592	GCF.000024725.1.Bacteria.Proteobacteria	1273.13	0.0	636.565
spe	602	601	1587.075	1425.555	1506.315
spe	601	595	1425.555	1214.005	1319.78
hgt	595	GCA.002454015.1.Bacteria.Proteobacteria	1214.005	0.0	607.0025
los	595	GCA.002454015.1.Bacteria.Proteobacteria	1214.005	0.0	607.0025
hgt	456	GCF.002148795.1.Bacteria.Proteobacteria	1329.135	0.0	664.5675
hgt	None	dead	0.0	0.0	0.0
hgt	None	dead	0.0	0.0	0.0
los	None	dead	0.0	0.0	0.0
hgt	601	600	1425.555	1212.31	1318.9325
los	601	600	1425.555	1212.31	1318.9325
spe	1391	1390	3193.865	3074.65	3134.2575
spe	1390	1389	3074.65	2995.16	3034.905
hgt	None	dead	0.0	0.0	0.0
los	1389	1237	2995.16	2548.64	2771.9
hgt	None	dead	0.0	0.0	0.0
los	None	dead	0.0	0.0	0.0
spe	1389	1388	2995.16	2841.585	2918.3725
spe	1388	1387	2841.585	2774.13	2807.8575
spe	1387	1327	2774.13	2643.35	2708.74
spe	1326	1292	2448.67	1962.37	2205.52
los	1326	1292	2448.67	1962.37	2205.52
spe	1325	1297	2256.125	1985.275	2120.7
los	1325	1297	2256.125	1985.275	2120.7
spe	1324	1308	2152.01	1925.235	2038.6225
los	1324	1308	2152.01	1925.235	2038.6225
spe	1323	1322	2061.88	1700.81	1881.345
los	1323	1322	2061.88	1700.81	1881.345
spe	1319	1318	1933.46	1818.985	1876.2225
los	1319	1318	1933.46	1818.985	1876.2225
spe	1327	1289	2643.35	2319.605	2481.4775
hgt	1289	GCA.002345475.1.Bacteria.Firmicutes.H	2319.605	0.0	1159.8025
los	1289	GCA.002345475.1.Bacteria.Firmicutes.H	2319.605	0.0	1159.8025
spe	1288	GCA.002411145.1.Bacteria.Firmicutes.C	1737.805	0.0	868.9025
los	1288	GCA.002411145.1.Bacteria.Firmicutes.C	1737.805	0.0	868.9025
spe	1288	1287	1737.805	1455.455	1596.63
spe	1285	1284	1344.265	1051.609	1197.937
los	1285	1284	1344.265	1051.609	1197.937
spe	1285	1281	1344.265	1116.4885	1230.37675
spe	1281	1280	1116.4885	953.42	1034.95425
spe	1386	1330	2592.35	2019.045	2305.6975
los	1386	1330	2592.35	2019.045	2305.6975
spe	1385	1333	2489.295	2115.765	2302.53
los	1385	1333	2489.295	2115.765	2302.53
spe	1384	1338	2053.965	1618.77	1836.3675
los	1384	1338	2053.965	1618.77	1836.3675
spe	1384	1383	2053.965	1928.425	1991.195
spe	1341	GCF.001311905.1.Bacteria.Firmicutes	1562.96	0.0	781.48
los	1341	GCF.001311905.1.Bacteria.Firmicutes	1562.96	0.0	781.48
spe	1382	1344	1812.955	1531.325	1672.14
los	1382	1344	1812.955	1531.325	1672.14
spe	1381	1351	1697.085	1602.01	1649.5475
los	1381	1351	1697.085	1602.01	1649.5475
dup	1381	1380	1697.085	1588.96	1643.0225
spe	1380	GCF.001049895.1.Bacteria.Firmicutes	1588.96	0.0	794.48
los	1380	GCF.001049895.1.Bacteria.Firmicutes	1588.96	0.0	794.48
spe	1379	1378	1514.47	1207.485	1360.9775
los	1379	1378	1514.47	1207.485	1360.9775
spe	1355	GCF.000503775.1.Bacteria.Firmicutes	1273.085	0.0	636.5425
los	1355	GCF.000503775.1.Bacteria.Firmicutes	1273.085	0.0	636.5425
spe	1381	1380	1697.085	1588.96	1643.0225
spe	1379	1378	1514.47	1207.485	1360.9775
los	1379	1378	1514.47	1207.485	1360.9775
spe	1355	GCF.004522215.1.Bacteria.Firmicutes	1273.085	0.0	636.5425
los	1355	GCF.004522215.1.Bacteria.Firmicutes	1273.085	0.0	636.5425
spe	1388	1274	2841.585	2600.015	2720.8
hgt	None	dead	0.0	0.0	0.0
los	1274	1240	2600.015	2224.995	2412.505
hgt	None	dead	0.0	0.0	0.0
los	None	dead	0.0	0.0	0.0
spe	1273	GCF.000166335.1.Bacteria.Firmicutes.A	2372.06	0.0	1186.03
los	1273	GCF.000166335.1.Bacteria.Firmicutes.A	2372.06	0.0	1186.03
spe	1273	1272	2372.06	2201.415	2286.7375
spe	1246	GCF.000213255.1.Bacteria.Firmicutes.A	1853.53	0.0	926.765
los	1246	GCF.000213255.1.Bacteria.Firmicutes.A	1853.53	0.0	926.765
spe	1245	GCF.900129115.1.Bacteria.Firmicutes.A	1615.79	0.0	807.895
los	1245	GCF.900129115.1.Bacteria.Firmicutes.A	1615.79	0.0	807.895
spe	1271	1270	1904.435	1709.88	1807.1575
los	1271	1270	1904.435	1709.88	1807.1575
spe	1271	1259	1904.435	1830.34	1867.3875
spe	1253	GCF.900142265.1.Bacteria.Firmicutes.A	1684.93	0.0	842.465
los	1253	GCF.900142265.1.Bacteria.Firmicutes.A	1684.93	0.0	842.465
spe	1252	GCF.900107485.1.Bacteria.Firmicutes.A	1492.085	0.0	746.0425
los	1252	GCF.900107485.1.Bacteria.Firmicutes.A	1492.085	0.0	746.0425
spe	1251	GCA.002478485.1.Bacteria.Firmicutes.A	1313.25	0.0	656.625
los	1251	GCA.002478485.1.Bacteria.Firmicutes.A	1313.25	0.0	656.625
spe	1259	1258	1830.34	1568.675	1699.5075
hgt	None	dead	0.0	0.0	0.0
los	1258	1257	1568.675	1358.965	1463.82
hgt	None	dead	0.0	0.0	0.0
los	None	dead	0.0	0.0	0.0
hgt	1297	GCA.002329495.1.Bacteria.Firmicutes.B	1985.275	0.0	992.6375
spe	1390	1218	3074.65	2879.54	2977.095
spe	1216	1215	2264.52	1572.11	1918.315
los	1216	1215	2264.52	1572.11	1918.315
hgt	849	GCA.001896555.1.Bacteria.Desulfobacterota	1938.415	0.0	969.2075
hgt	1218	GCA.001513125.1.Bacteria.DTU030	2879.54	0.0	1439.77
los	1218	GCA.001513125.1.Bacteria.DTU030	2879.54	0.0	1439.77
dup	None	dead	0.0	0.0	0.0
hgt	None	dead	0.0	0.0	0.0
los	None	dead	0.0	0.0	0.0
spe	1169	1168	2396.405	2301.295	2348.85
spe	1168	1148	2301.295	1851.865	2076.58
hgt	1098	GCA.003244105.1.Bacteria.Eremiobacterota	1723.505	0.0	861.7525
hgt	1148	GCA.003021615.1.Bacteria.Actinobacteriota	1851.865	0.0	925.9325
los	1148	GCA.003021615.1.Bacteria.Actinobacteriota	1851.865	0.0	925.9325
hgt	935	GCA.001789205.1.Bacteria.Fibrobacterota	2109.88	0.0	1054.94
spe	1168	1167	2301.295	2105.28	2203.2875
hgt	1119	GCA.002779825.1.Bacteria.Armatimonadota	2017.9	0.0	1008.95
hgt	817	813	1903.64	1756.665	1830.1525
hgt	None	dead	0.0	0.0	0.0
hgt	None	dead	0.0	0.0	0.0
los	None	dead	0.0	0.0	0.0
dup	1355	GCF.004522215.1.Bacteria.Firmicutes	1273.085	0.0	636.5425
hgt	None	dead	0.0	0.0	0.0
hgt	None	dead	0.0	0.0	0.0
los	None	dead	0.0	0.0	0.0
spe	1178	1177	1673.74	1440.505	1557.1225
hgt	None	dead	0.0	0.0	0.0
hgt	None	dead	0.0	0.0	0.0
los	None	dead	0.0	0.0	0.0
spe	817	813	1903.64	1756.665	1830.1525
spe	807	GCA.002841945.1.Bacteria.Myxococcota	1533.145	0.0	766.5725
los	807	GCA.002841945.1.Bacteria.Myxococcota	1533.145	0.0	766.5725
spe	813	812	1756.665	1631.73	1694.1975
dup	812	811	1631.73	1440.74	1536.235
spe	812	811	1631.73	1440.74	1536.235
hgt	811	GCA.002728755.1.Bacteria.Myxococcota	1440.74	0.0	720.37
los	811	GCA.002728755.1.Bacteria.Myxococcota	1440.74	0.0	720.37
hgt	352	GCA.002167285.1.Bacteria.Planctomycetota	1776.1	0.0	888.05
hgt	834	832	1863.715	1622.625	1743.17
spe	811	GCA.002726535.1.Bacteria.Myxococcota	1440.74	0.0	720.37
los	811	GCA.002726535.1.Bacteria.Myxococcota	1440.74	0.0	720.37
spe	834	832	1863.715	1622.625	1743.17
hgt	804	GCA.002731275.1.Bacteria.Myxococcota	2020.19	0.0	1010.095
hgt	773	GCA.002342225.1.Bacteria.Bdellovibrionota	1746.09	0.0	873.045
hgt	87	GCA.002256595.1.Archaea.Halobacteriota	1733.555	0.0	866.7775
hgt	1020	GCA.001780165.1.Bacteria.Eisenbacteria	1634.295	0.0	817.1475
hgt	239	GCA.003158755.1.Bacteria.Elusimicrobiota	1457.025	0.0	728.5125
dup	1167	1166	2105.28	1472.335	1788.8075
dup	1167	1166	2105.28	1472.335	1788.8075
hgt	1169	1145	2396.405	2028.235	2212.32
spe	1167	1166	2105.28	1472.335	1788.8075
spe	1166	1165	1472.335	1325.685	1399.01
spe	1164	1160	1172.8835	1016.58	1094.73175
los	1164	1160	1172.8835	1016.58	1094.73175
spe	1163	GCA.001437855.1.Bacteria.Actinobacteriota	995.9815	0.0	497.99075
los	1163	GCA.001437855.1.Bacteria.Actinobacteriota	995.9815	0.0	497.99075
spe	1155	1154	1195.766	907.0585	1051.41225
los	1155	1154	1195.766	907.0585	1051.41225
hgt	1396	GCA.003151665.1.Bacteria.Dormibacterota	2089.7	0.0	1044.85
spe	1169	1145	2396.405	2028.235	2212.32
spe	1143	GCA.002352645.1.Bacteria.Actinobacteriota	1828.16	0.0	914.08
los	1143	GCA.002352645.1.Bacteria.Actinobacteriota	1828.16	0.0	914.08
spe	1143	1141	1828.16	1437.0	1632.58
spe	1140	GCA.003162395.1.Bacteria.Actinobacteriota	1211.153	0.0	605.5765
los	1140	GCA.003162395.1.Bacteria.Actinobacteriota	1211.153	0.0	605.5765
hgt	791	GCA.002050235.1.Bacteria.Desulfobacterota.B	1320.57	0.0	660.285
hgt	1178	GCA.002347645.1.Bacteria.Actinobacteriota	1673.74	0.0	836.87
spe	1166	GCF.004348535.1.Bacteria.Actinobacteriota	1472.335	0.0	736.1675
los	1166	GCF.004348535.1.Bacteria.Actinobacteriota	1472.335	0.0	736.1675
spe	1165	1155	1325.685	1195.766	1260.7255
los	1165	1155	1325.685	1195.766	1260.7255
spe	1164	1163	1172.8835	995.9815	1084.4325
los	1164	1163	1172.8835	995.9815	1084.4325
spe	1164	1160	1172.8835	1016.58	1094.73175
spe	1158	GCF.001942305.1.Bacteria.Actinobacteriota	905.248	0.0	452.624
los	1158	GCF.001942305.1.Bacteria.Actinobacteriota	905.248	0.0	452.624
hgt	821	GCF.000737335.2.Bacteria.Proteobacteria	1480.98	0.0	740.49
hgt	1154	GCF.003047285.1.Bacteria.Actinobacteriota	907.0585	0.0	453.52925
spe	1166	GCF.004348535.1.Bacteria.Actinobacteriota	1472.335	0.0	736.1675
los	1166	GCF.004348535.1.Bacteria.Actinobacteriota	1472.335	0.0	736.1675
spe	1166	1165	1472.335	1325.685	1399.01
spe	1155	GCF.003443735.1.Bacteria.Actinobacteriota	1195.766	0.0	597.883
los	1155	GCF.003443735.1.Bacteria.Actinobacteriota	1195.766	0.0	597.883
spe	1154	GCF.003047285.1.Bacteria.Actinobacteriota	907.0585	0.0	453.52925
los	1154	GCF.003047285.1.Bacteria.Actinobacteriota	907.0585	0.0	453.52925
spe	1164	1163	1172.8835	995.9815	1084.4325
los	1164	1163	1172.8835	995.9815	1084.4325
spe	1160	GCF.000015025.1.Bacteria.Actinobacteriota	1016.58	0.0	508.29
los	1160	GCF.000015025.1.Bacteria.Actinobacteriota	1016.58	0.0	508.29
spe	1158	GCF.900106035.1.Bacteria.Actinobacteriota	905.248	0.0	452.624
los	1158	GCF.900106035.1.Bacteria.Actinobacteriota	905.248	0.0	452.624
hgt	None	dead	0.0	0.0	0.0
los	None	dead	0.0	0.0	0.0
spe	1308	1300	1925.235	1565.1	1745.1675
hgt	778	GCA.002321895.1.Bacteria.Bdellovibrionota	1621.195	0.0	810.5975
hgt	1235	GCA.002376005.1.Bacteria.Firmicutes.E	2102.15	0.0	1051.075
hgt	741	GCA.003220615.1.Bacteria.Methylomirabilota	2099.065	0.0	1049.5325
hgt	1462	GCA.002436065.1.Bacteria.Chloroflexota	2298.115	0.0	1149.0575
hgt	1203	GCA.002399265.1.Bacteria.Firmicutes.G	1946.15	0.0	973.075
hgt	674	GCA.002298155.1.Bacteria.Acidobacteriota	1948.825	0.0	974.4125
hgt	706	GCA.002327305.1.Bacteria.Acidobacteriota	1817.88	0.0	908.94
hgt	801	GCA.002328485.1.Bacteria.Desulfobacterota.G	2073.125	0.0	1036.5625
hgt	595	GCA.002454015.1.Bacteria.Proteobacteria	1214.005	0.0	607.0025
hgt	807	GCA.002841945.1.Bacteria.Myxococcota	1533.145	0.0	766.5725
hgt	303	GCA.003477185.1.Bacteria.Verrucomicrobiota	1573.395	0.0	786.6975
hgt	825	GCA.002344285.1.Bacteria.Myxococcota	1214.79	0.0	607.395
spe	901	663	3298.045	3209.65	3253.8475
spe	397	396	3012.355	2626.695	2819.525
los	397	396	3012.355	2626.695	2819.525
hgt	None	dead	0.0	0.0	0.0
los	663	662	3209.65	3137.46	3173.555
hgt	None	dead	0.0	0.0	0.0
los	None	dead	0.0	0.0	0.0
spe	1427	1413	2442.77	2151.5	2297.135
spe	1399	GCA.002708145.1.Bacteria.Chloroflexota	1824.235	0.0	912.1175
los	1399	GCA.002708145.1.Bacteria.Chloroflexota	1824.235	0.0	912.1175
spe	1412	1411	1912.54	1632.645	1772.5925
los	1412	1411	1912.54	1632.645	1772.5925
spe	1412	1408	1912.54	1849.35	1880.945
spe	1407	GCA.002717565.1.Bacteria.Chloroflexota	1756.215	0.0	878.1075
los	1407	GCA.002717565.1.Bacteria.Chloroflexota	1756.215	0.0	878.1075
spe	1406	GCA.002717925.1.Bacteria.Chloroflexota	1650.16	0.0	825.08
los	1406	GCA.002717925.1.Bacteria.Chloroflexota	1650.16	0.0	825.08
spe	1402	GCA.002721445.1.Bacteria.Chloroflexota	1732.845	0.0	866.4225
los	1402	GCA.002721445.1.Bacteria.Chloroflexota	1732.845	0.0	866.4225
dup	None	dead	0.0	0.0	0.0
hgt	None	dead	0.0	0.0	0.0
los	None	dead	0.0	0.0	0.0
dup	None	dead	0.0	0.0	0.0
hgt	None	dead	0.0	0.0	0.0
los	None	dead	0.0	0.0	0.0
dup	None	dead	0.0	0.0	0.0
hgt	None	dead	0.0	0.0	0.0
los	None	dead	0.0	0.0	0.0
hgt	None	dead	0.0	0.0	0.0
los	None	dead	0.0	0.0	0.0
hgt	None	dead	0.0	0.0	0.0
hgt	None	dead	0.0	0.0	0.0
los	None	dead	0.0	0.0	0.0
spe	714	713	2462.345	2300.685	2381.515
spe	699	698	2165.445	1924.625	2045.035
los	699	698	2165.445	1924.625	2045.035
spe	681	680	1934.475	1748.645	1841.56
los	681	680	1934.475	1748.645	1841.56
spe	713	712	2300.685	2094.82	2197.7525
spe	711	GCA.001664505.1.Bacteria.Acidobacteriota	1902.735	0.0	951.3675
los	711	GCA.001664505.1.Bacteria.Acidobacteriota	1902.735	0.0	951.3675
spe	709	GCA.003223995.1.Bacteria.Acidobacteriota	1593.285	0.0	796.6425
los	709	GCA.003223995.1.Bacteria.Acidobacteriota	1593.285	0.0	796.6425
spe	712	706	2094.82	1817.88	1956.35
spe	704	GCA.003133645.1.Bacteria.Acidobacteriota	1616.3	0.0	808.15
los	704	GCA.003133645.1.Bacteria.Acidobacteriota	1616.3	0.0	808.15
spe	704	702	1616.3	1354.27	1485.285
hgt	832	GCA.002721815.1.Bacteria.Myxococcota	1622.625	0.0	811.3125
hgt	796	GCA.002238415.1.Bacteria.Desulfobacterota.B	1757.055	0.0	878.5275
hgt	706	GCA.002327305.1.Bacteria.Acidobacteriota	1817.88	0.0	908.94
los	706	GCA.002327305.1.Bacteria.Acidobacteriota	1817.88	0.0	908.94
hgt	None	dead	0.0	0.0	0.0
dup	None	dead	0.0	0.0	0.0
hgt	None	dead	0.0	0.0	0.0
los	None	dead	0.0	0.0	0.0
hgt	None	dead	0.0	0.0	0.0
los	None	dead	0.0	0.0	0.0
spe	1412	1408	1912.54	1849.35	1880.945
spe	1407	1406	1756.215	1650.16	1703.1875
los	1407	1406	1756.215	1650.16	1703.1875
spe	1402	GCA.003228115.1.Bacteria.Chloroflexota	1732.845	0.0	866.4225
los	1402	GCA.003228115.1.Bacteria.Chloroflexota	1732.845	0.0	866.4225
hgt	None	dead	0.0	0.0	0.0
hgt	None	dead	0.0	0.0	0.0
los	None	dead	0.0	0.0	0.0
hgt	None	dead	0.0	0.0	0.0
los	902	390	3388.51	3128.085	3258.2975
hgt	None	dead	0.0	0.0	0.0
los	None	dead	0.0	0.0	0.0
