event	left_node	right_node	left_date	right_date	midpoint_date
hgt	None	dead	0.0	0.0	0.0
hgt	1652	1651	2477.145	2156.75	2316.9475
hgt	None	dead	0.0	0.0	0.0
los	None	dead	0.0	0.0	0.0
spe	1652	1651	2477.145	2156.75	2316.9475
hgt	239	GCA.003158755.1.Bacteria.Elusimicrobiota	1457.025	0.0	728.5125
spe	1094	1048	3721.555	3560.57	3641.0625
spe	278	262	3428.485	3190.66	3309.5725
los	278	262	3428.485	3190.66	3309.5725
spe	277	276	3180.01	3119.885	3149.9475
los	277	276	3180.01	3119.885	3149.9475
spe	267	GCA.002428325.1.Bacteria.UBP4	2781.505	0.0	1390.7525
los	267	GCA.002428325.1.Bacteria.UBP4	2781.505	0.0	1390.7525
spe	265	GCA.003290465.1.Bacteria.Sumerlaeota	1973.575	0.0	986.7875
los	265	GCA.003290465.1.Bacteria.Sumerlaeota	1973.575	0.0	986.7875
spe	1048	1047	3560.57	3546.415	3553.4925
spe	1047	1046	3546.415	3486.69	3516.5525
spe	1045	921	3272.33	3079.615	3175.9725
los	1045	921	3272.33	3079.615	3175.9725
spe	1044	1043	3049.955	2969.625	3009.79
los	1044	1043	3049.955	2969.625	3009.79
spe	936	926	2851.625	2372.335	2611.98
los	936	926	2851.625	2372.335	2611.98
spe	935	GCA.001789205.1.Bacteria.Fibrobacterota	2109.88	0.0	1054.94
los	935	GCA.001789205.1.Bacteria.Fibrobacterota	2109.88	0.0	1054.94
spe	934	GCA.001045525.1.Bacteria.Fibrobacterota	2007.3	0.0	1003.65
los	934	GCA.001045525.1.Bacteria.Fibrobacterota	2007.3	0.0	1003.65
spe	932	930	1699.53	1430.65	1565.09
los	932	930	1699.53	1430.65	1565.09
dup	1046	902	3486.69	3388.51	3437.6
spe	1046	902	3486.69	3388.51	3437.6
spe	901	900	3298.045	3178.205	3238.125
los	901	900	3298.045	3178.205	3238.125
spe	663	662	3209.65	3137.46	3173.555
los	663	662	3209.65	3137.46	3173.555
spe	397	396	3012.355	2626.695	2819.525
los	397	396	3012.355	2626.695	2819.525
spe	390	GCA.002780065.1.Bacteria.UBA8481	3128.085	0.0	1564.0425
los	390	GCA.002780065.1.Bacteria.UBA8481	3128.085	0.0	1564.0425
hgt	None	dead	0.0	0.0	0.0
spe	389	371	2749.555	2510.29	2629.9225
los	389	371	2749.555	2510.29	2629.9225
spe	389	388	2749.555	2535.365	2642.46
spe	376	374	2164.345	1675.86	1920.1025
los	376	374	2164.345	1675.86	1920.1025
spe	388	387	2535.365	2327.165	2431.265
spe	383	381	1910.295	1517.805	1714.05
los	383	381	1910.295	1517.805	1714.05
hgt	387	386	2327.165	2009.02	2168.0925
los	387	386	2327.165	2009.02	2168.0925
hgt	None	dead	0.0	0.0	0.0
los	None	dead	0.0	0.0	0.0
spe	887	886	2332.115	2067.29	2199.7025
spe	874	873	1965.97	1792.01	1878.99
los	874	873	1965.97	1792.01	1878.99
spe	868	866	1758.21	1421.715	1589.9625
los	868	866	1758.21	1421.715	1589.9625
spe	886	885	2067.29	1945.59	2006.44
hgt	885	877	1945.59	1826.365	1885.9775
los	885	877	1945.59	1826.365	1885.9775
spe	885	884	1945.59	1824.105	1884.8475
spe	883	GCA.001751085.1.Bacteria.Desulfobacterota	1441.77	0.0	720.885
los	883	GCA.001751085.1.Bacteria.Desulfobacterota	1441.77	0.0	720.885
spe	884	880	1824.105	1550.835	1687.47
hgt	None	dead	0.0	0.0	0.0
los	880	GCA.001577715.1.Bacteria.Desulfobacterota	1550.835	0.0	775.4175
hgt	None	dead	0.0	0.0	0.0
los	None	dead	0.0	0.0	0.0
spe	1046	902	3486.69	3388.51	3437.6
spe	390	GCA.002780065.1.Bacteria.UBA8481	3128.085	0.0	1564.0425
los	390	GCA.002780065.1.Bacteria.UBA8481	3128.085	0.0	1564.0425
spe	389	371	2749.555	2510.29	2629.9225
los	389	371	2749.555	2510.29	2629.9225
spe	388	376	2535.365	2164.345	2349.855
los	388	376	2535.365	2164.345	2349.855
spe	387	383	2327.165	1910.295	2118.73
los	387	383	2327.165	1910.295	2118.73
spe	386	GCA.002450905.1.Bacteria.Spirochaetota	2009.02	0.0	1004.51
los	386	GCA.002450905.1.Bacteria.Spirochaetota	2009.02	0.0	1004.51
hgt	None	dead	0.0	0.0	0.0
hgt	None	dead	0.0	0.0	0.0
los	None	dead	0.0	0.0	0.0
hgt	None	dead	0.0	0.0	0.0
spe	902	901	3388.51	3298.045	3343.2775
spe	900	716	3178.205	2750.795	2964.5
los	900	716	3178.205	2750.795	2964.5
spe	900	899	3178.205	3077.265	3127.735
spe	898	897	3008.34	2922.2	2965.27
los	898	897	3008.34	2922.2	2965.27
spe	756	GCA.001790645.1.Bacteria.Schekmanbacteria	2635.78	0.0	1317.89
los	756	GCA.001790645.1.Bacteria.Schekmanbacteria	2635.78	0.0	1317.89
spe	754	746	2364.085	2036.715	2200.4
los	754	746	2364.085	2036.715	2200.4
hgt	None	dead	0.0	0.0	0.0
spe	753	751	2099.055	1941.285	2020.17
los	753	751	2099.055	1941.285	2020.17
hgt	None	dead	0.0	0.0	0.0
los	None	dead	0.0	0.0	0.0
dup	1289	1288	2319.605	1737.805	2028.705
spe	1288	GCA.002411145.1.Bacteria.Firmicutes.C	1737.805	0.0	868.9025
los	1288	GCA.002411145.1.Bacteria.Firmicutes.C	1737.805	0.0	868.9025
spe	1287	1285	1455.455	1344.265	1399.86
los	1287	1285	1455.455	1344.265	1399.86
hgt	None	dead	0.0	0.0	0.0
dup	1289	1288	2319.605	1737.805	2028.705
spe	1289	1288	2319.605	1737.805	2028.705
spe	1287	GCA.002329525.1.Bacteria.Firmicutes.C	1455.455	0.0	727.7275
los	1287	GCA.002329525.1.Bacteria.Firmicutes.C	1455.455	0.0	727.7275
spe	1285	1284	1344.265	1051.609	1197.937
los	1285	1284	1344.265	1051.609	1197.937
dup	1285	1281	1344.265	1116.4885	1230.37675
spe	1285	1281	1344.265	1116.4885	1230.37675
hgt	1288	GCA.002411145.1.Bacteria.Firmicutes.C	1737.805	0.0	868.9025
spe	1281	1280	1116.4885	953.42	1034.95425
spe	1285	1281	1344.265	1116.4885	1230.37675
spe	1280	GCF.000430605.1.Bacteria.Firmicutes.C	953.42	0.0	476.71
los	1280	GCF.000430605.1.Bacteria.Firmicutes.C	953.42	0.0	476.71
hgt	1288	GCA.002411145.1.Bacteria.Firmicutes.C	1737.805	0.0	868.9025
spe	1289	1288	2319.605	1737.805	2028.705
spe	1287	GCA.002329525.1.Bacteria.Firmicutes.C	1455.455	0.0	727.7275
los	1287	GCA.002329525.1.Bacteria.Firmicutes.C	1455.455	0.0	727.7275
spe	1285	1284	1344.265	1051.609	1197.937
los	1285	1284	1344.265	1051.609	1197.937
dup	1285	1281	1344.265	1116.4885	1230.37675
spe	1285	1281	1344.265	1116.4885	1230.37675
spe	1280	GCF.000430605.1.Bacteria.Firmicutes.C	953.42	0.0	476.71
los	1280	GCF.000430605.1.Bacteria.Firmicutes.C	953.42	0.0	476.71
dup	1285	1281	1344.265	1116.4885	1230.37675
dup	1285	1281	1344.265	1116.4885	1230.37675
hgt	239	GCF.001027545.1.Bacteria.Elusimicrobiota	1457.025	0.0	728.5125
spe	1285	1281	1344.265	1116.4885	1230.37675
spe	1281	1280	1116.4885	953.42	1034.95425
spe	1285	1281	1344.265	1116.4885	1230.37675
spe	1280	GCF.000430605.1.Bacteria.Firmicutes.C	953.42	0.0	476.71
los	1280	GCF.000430605.1.Bacteria.Firmicutes.C	953.42	0.0	476.71
dup	1285	1281	1344.265	1116.4885	1230.37675
spe	1281	1280	1116.4885	953.42	1034.95425
los	1281	1280	1116.4885	953.42	1034.95425
dup	1285	1281	1344.265	1116.4885	1230.37675
spe	1285	1281	1344.265	1116.4885	1230.37675
spe	1281	1280	1116.4885	953.42	1034.95425
hgt	1280	GCF.000430605.1.Bacteria.Firmicutes.C	953.42	0.0	476.71
los	1280	GCF.000430605.1.Bacteria.Firmicutes.C	953.42	0.0	476.71
hgt	1264	GCA.900317035.1.Bacteria.Firmicutes.A	1401.22	0.0	700.61
spe	1285	1281	1344.265	1116.4885	1230.37675
spe	1280	GCF.000430605.1.Bacteria.Firmicutes.C	953.42	0.0	476.71
los	1280	GCF.000430605.1.Bacteria.Firmicutes.C	953.42	0.0	476.71
hgt	1264	GCA.900317035.1.Bacteria.Firmicutes.A	1401.22	0.0	700.61
hgt	817	813	1903.64	1756.665	1830.1525
hgt	None	dead	0.0	0.0	0.0
los	None	dead	0.0	0.0	0.0
spe	817	813	1903.64	1756.665	1830.1525
spe	807	GCA.002789955.1.Bacteria.Myxococcota	1533.145	0.0	766.5725
los	807	GCA.002789955.1.Bacteria.Myxococcota	1533.145	0.0	766.5725
spe	812	GCA.002863065.1.Bacteria.Myxococcota	1631.73	0.0	815.865
los	812	GCA.002863065.1.Bacteria.Myxococcota	1631.73	0.0	815.865
spe	812	811	1631.73	1440.74	1536.235
hgt	248	GCA.001799695.1.Bacteria.Elusimicrobiota	1213.735	0.0	606.8675
spe	743	742	2953.32	2707.335	2830.3275
los	743	742	2953.32	2707.335	2830.3275
hgt	None	dead	0.0	0.0	0.0
spe	721	720	2669.375	2336.65	2503.0125
los	721	720	2669.375	2336.65	2503.0125
hgt	None	dead	0.0	0.0	0.0
hgt	None	dead	0.0	0.0	0.0
los	None	dead	0.0	0.0	0.0
hgt	None	dead	0.0	0.0	0.0
los	None	dead	0.0	0.0	0.0
dup	93	GCF.000025525.1.Archaea.Methanobacteriota.A	2978.785	0.0	1489.3925
hgt	None	dead	0.0	0.0	0.0
hgt	1292	GCF.001950325.1.Bacteria.Firmicutes.B	1962.37	0.0	981.185
hgt	None	dead	0.0	0.0	0.0
los	None	dead	0.0	0.0	0.0
hgt	1421	1419	1703.17	1560.275	1631.7225
spe	1421	1419	1703.17	1560.275	1631.7225
hgt	1421	1419	1703.17	1560.275	1631.7225
spe	1421	1419	1703.17	1560.275	1631.7225
hgt	None	dead	0.0	0.0	0.0
hgt	None	dead	0.0	0.0	0.0
los	None	dead	0.0	0.0	0.0
hgt	None	dead	0.0	0.0	0.0
hgt	None	dead	0.0	0.0	0.0
hgt	None	dead	0.0	0.0	0.0
los	None	dead	0.0	0.0	0.0
hgt	None	dead	0.0	0.0	0.0
hgt	None	dead	0.0	0.0	0.0
los	None	dead	0.0	0.0	0.0
hgt	None	dead	0.0	0.0	0.0
hgt	None	dead	0.0	0.0	0.0
los	None	dead	0.0	0.0	0.0
spe	901	663	3298.045	3209.65	3253.8475
spe	397	GCF.000526155.1.Bacteria.Desulfobacterota	3012.355	0.0	1506.1775
los	397	GCF.000526155.1.Bacteria.Desulfobacterota	3012.355	0.0	1506.1775
spe	397	396	3012.355	2626.695	2819.525
spe	395	GCF.000487995.1.Bacteria.Deferribacterota	1520.715	0.0	760.3575
los	395	GCF.000487995.1.Bacteria.Deferribacterota	1520.715	0.0	760.3575
spe	662	400	3137.46	2394.165	2765.8125
los	662	400	3137.46	2394.165	2765.8125
spe	662	661	3137.46	3082.4	3109.93
spe	660	GCA.002395105.1.Bacteria.Proteobacteria	2563.03	0.0	1281.515
los	660	GCA.002395105.1.Bacteria.Proteobacteria	2563.03	0.0	1281.515
spe	659	GCF.000021725.1.Bacteria.Campylobacterota	1482.555	0.0	741.2775
los	659	GCF.000021725.1.Bacteria.Campylobacterota	1482.555	0.0	741.2775
spe	655	403	3023.71	2523.57	2773.64
los	655	403	3023.71	2523.57	2773.64
spe	655	654	3023.71	2882.745	2953.2275
spe	654	520	2882.745	2793.675	2838.21
spe	519	518	2628.48	2401.92	2515.2
los	519	518	2628.48	2401.92	2515.2
hgt	None	dead	0.0	0.0	0.0
hgt	None	dead	0.0	0.0	0.0
los	None	dead	0.0	0.0	0.0
spe	406	GCF.002795805.1.Bacteria.Proteobacteria	2569.1	0.0	1284.55
los	406	GCF.002795805.1.Bacteria.Proteobacteria	2569.1	0.0	1284.55
hgt	None	dead	0.0	0.0	0.0
hgt	None	dead	0.0	0.0	0.0
los	None	dead	0.0	0.0	0.0
spe	650	649	2166.365	2098.245	2132.305
spe	543	539	1931.665	1720.395	1826.03
los	543	539	1931.665	1720.395	1826.03
spe	542	GCA.002631715.1.Bacteria.Proteobacteria	1750.015	0.0	875.0075
los	542	GCA.002631715.1.Bacteria.Proteobacteria	1750.015	0.0	875.0075
spe	649	648	2098.245	2024.465	2061.355
spe	647	646	1945.285	1897.835	1921.56
los	647	646	1945.285	1897.835	1921.56
spe	571	570	1781.46	1624.36	1702.91
los	571	570	1781.46	1624.36	1702.91
spe	565	GCF.000239355.1.Bacteria.Proteobacteria	1495.725	0.0	747.8625
los	565	GCF.000239355.1.Bacteria.Proteobacteria	1495.725	0.0	747.8625
spe	562	546	1860.4	1496.095	1678.2475
los	562	546	1860.4	1496.095	1678.2475
spe	561	560	1784.925	1588.3	1686.6125
los	561	560	1784.925	1588.3	1686.6125
spe	553	GCF.001641825.1.Bacteria.Proteobacteria	1630.725	0.0	815.3625
los	553	GCF.001641825.1.Bacteria.Proteobacteria	1630.725	0.0	815.3625
spe	552	GCF.001614315.2.Bacteria.Proteobacteria	1397.305	0.0	698.6525
los	552	GCF.001614315.2.Bacteria.Proteobacteria	1397.305	0.0	698.6525
spe	551	GCA.002746645.1.Bacteria.Proteobacteria	1101.556	0.0	550.778
los	551	GCA.002746645.1.Bacteria.Proteobacteria	1101.556	0.0	550.778
spe	654	653	2882.745	2568.17	2725.4575
hgt	None	dead	0.0	0.0	0.0
spe	652	526	2398.805	2059.41	2229.1075
los	652	526	2398.805	2059.41	2229.1075
hgt	None	dead	0.0	0.0	0.0
hgt	736	GCA.001803795.1.Bacteria.Nitrospirota	1883.24	0.0	941.62
hgt	None	dead	0.0	0.0	0.0
los	None	dead	0.0	0.0	0.0
spe	651	533	2255.845	2045.455	2150.65
los	651	533	2255.845	2045.455	2150.65
spe	651	650	2255.845	2166.365	2211.105
spe	536	GCF.002940605.1.Bacteria.Proteobacteria	1887.95	0.0	943.975
los	536	GCF.002940605.1.Bacteria.Proteobacteria	1887.95	0.0	943.975
spe	649	543	2098.245	1931.665	2014.955
los	649	543	2098.245	1931.665	2014.955
spe	648	562	2024.465	1860.4	1942.4325
los	648	562	2024.465	1860.4	1942.4325
spe	648	647	2024.465	1945.285	1984.875
spe	571	565	1781.46	1495.725	1638.5925
los	571	565	1781.46	1495.725	1638.5925
spe	570	GCA.002255365.1.Bacteria.Proteobacteria	1624.36	0.0	812.18
los	570	GCA.002255365.1.Bacteria.Proteobacteria	1624.36	0.0	812.18
spe	568	GCF.001051235.1.Bacteria.Proteobacteria	1463.05	0.0	731.525
los	568	GCF.001051235.1.Bacteria.Proteobacteria	1463.05	0.0	731.525
spe	646	588	1897.835	1783.48	1840.6575
los	646	588	1897.835	1783.48	1840.6575
spe	645	631	1829.485	1750.855	1790.17
los	645	631	1829.485	1750.855	1790.17
spe	644	643	1683.9	1502.7	1593.3
los	644	643	1683.9	1502.7	1593.3
spe	636	GCA.002840095.1.Bacteria.Proteobacteria	1603.01	0.0	801.505
los	636	GCA.002840095.1.Bacteria.Proteobacteria	1603.01	0.0	801.505
spe	634	GCF.002020875.1.Bacteria.Proteobacteria	1434.16	0.0	717.08
los	634	GCF.002020875.1.Bacteria.Proteobacteria	1434.16	0.0	717.08
hgt	None	dead	0.0	0.0	0.0
los	None	dead	0.0	0.0	0.0
spe	483	482	1736.705	1642.38	1689.5425
spe	458	456	1513.53	1329.135	1421.3325
los	458	456	1513.53	1329.135	1421.3325
spe	481	480	1564.755	1431.52	1498.1375
los	481	480	1564.755	1431.52	1498.1375
spe	469	468	1451.305	1270.185	1360.745
los	469	468	1451.305	1270.185	1360.745
spe	463	GCF.002251795.1.Bacteria.Proteobacteria	1313.945	0.0	656.9725
los	463	GCF.002251795.1.Bacteria.Proteobacteria	1313.945	0.0	656.9725
spe	463	462	1313.945	1065.146	1189.5455
hgt	495	GCF.003173035.1.Bacteria.Proteobacteria	1152.21	0.0	576.105
hgt	None	dead	0.0	0.0	0.0
hgt	None	dead	0.0	0.0	0.0
los	None	dead	0.0	0.0	0.0
hgt	653	GCF.001399755.1.Bacteria.Proteobacteria	2568.17	0.0	1284.085
los	653	GCF.001399755.1.Bacteria.Proteobacteria	2568.17	0.0	1284.085
hgt	None	dead	0.0	0.0	0.0
hgt	None	dead	0.0	0.0	0.0
los	None	dead	0.0	0.0	0.0
spe	1701	1700	2042.11	1961.585	2001.8475
hgt	1672	GCF.002251945.1.Bacteria.Cyanobacteria	2002.185	0.0	1001.0925
spe	1700	1688	1961.585	1636.375	1798.98
spe	1699	GCF.000317045.1.Bacteria.Cyanobacteria	1903.88	0.0	951.94
los	1699	GCF.000317045.1.Bacteria.Cyanobacteria	1903.88	0.0	951.94
dup	1699	1698	1903.88	1614.145	1759.0125
spe	1698	1692	1614.145	178.9818	896.5634
los	1698	1692	1614.145	178.9818	896.5634
spe	1697	Fischerella.muscicola.CCMEE5323	1294.515	0.0	647.2575
los	1697	Fischerella.muscicola.CCMEE5323	1294.515	0.0	647.2575
spe	1695	Nostoc.sp.PCC7120	878.0175	0.0	439.00875
los	1695	Nostoc.sp.PCC7120	878.0175	0.0	439.00875
spe	1699	1698	1903.88	1614.145	1759.0125
spe	1692	Richelia.intracellularis.HM01	178.9818	0.0	89.4909
los	1692	Richelia.intracellularis.HM01	178.9818	0.0	89.4909
spe	1698	1697	1614.145	1294.515	1454.33
spe	1695	GCF.000020025.1.Bacteria.Cyanobacteria	878.0175	0.0	439.00875
los	1695	GCF.000020025.1.Bacteria.Cyanobacteria	878.0175	0.0	439.00875
spe	1720	1719	2606.555	2498.57	2552.5625
spe	1718	1717	2360.855	2145.98	2253.4175
los	1718	1717	2360.855	2145.98	2253.4175
spe	1704	1672	2247.23	2002.185	2124.7075
los	1704	1672	2247.23	2002.185	2124.7075
spe	1704	1703	2247.23	2155.655	2201.4425
spe	1703	1702	2155.655	2083.6	2119.6275
spe	1701	1700	2042.11	1961.585	2001.8475
los	1701	1700	2042.11	1961.585	2001.8475
spe	1685	GCF.000018105.1.Bacteria.Cyanobacteria	1873.315	0.0	936.6575
los	1685	GCF.000018105.1.Bacteria.Cyanobacteria	1873.315	0.0	936.6575
spe	1684	GCA.001698445.1.Bacteria.Cyanobacteria	1661.66	0.0	830.83
los	1684	GCA.001698445.1.Bacteria.Cyanobacteria	1661.66	0.0	830.83
spe	1679	GCF.000473895.1.Bacteria.Cyanobacteria	1829.33	0.0	914.665
los	1679	GCF.000473895.1.Bacteria.Cyanobacteria	1829.33	0.0	914.665
spe	1679	1678	1829.33	892.4805	1360.90525
spe	1678	1676	892.4805	250.8965	571.6885
hgt	1323	1319	2061.88	1933.46	1997.67
hgt	846	GCF.001611275.1.Bacteria.Desulfobacterota	2027.01	0.0	1013.505
hgt	None	dead	0.0	0.0	0.0
los	None	dead	0.0	0.0	0.0
spe	1323	1319	2061.88	1933.46	1997.67
spe	1318	1317	1818.985	1219.28	1519.1325
los	1318	1317	1818.985	1219.28	1519.1325
hgt	None	dead	0.0	0.0	0.0
hgt	None	dead	0.0	0.0	0.0
los	None	dead	0.0	0.0	0.0
spe	1312	GCF.002607855.1.Bacteria.Firmicutes.B	1521.75	0.0	760.875
los	1312	GCF.002607855.1.Bacteria.Firmicutes.B	1521.75	0.0	760.875
hgt	849	GCF.000266945.1.Bacteria.Desulfobacterota	1938.415	0.0	969.2075
hgt	1271	1270	1904.435	1709.88	1807.1575
hgt	1173	GCA.002897715.1.Bacteria.Actinobacteriota	1615.325	0.0	807.6625
hgt	None	dead	0.0	0.0	0.0
los	None	dead	0.0	0.0	0.0
hgt	None	dead	0.0	0.0	0.0
spe	1271	1270	1904.435	1709.88	1807.1575
spe	1264	GCA.900317035.1.Bacteria.Firmicutes.A	1401.22	0.0	700.61
los	1264	GCA.900317035.1.Bacteria.Firmicutes.A	1401.22	0.0	700.61
spe	1263	GCA.002308775.1.Bacteria.Firmicutes.A	1142.5375	0.0	571.26875
los	1263	GCA.002308775.1.Bacteria.Firmicutes.A	1142.5375	0.0	571.26875
spe	1269	1268	1538.365	1301.03	1419.6975
los	1269	1268	1538.365	1301.03	1419.6975
hgt	1350	GCF.001742305.1.Bacteria.Firmicutes	1409.0	0.0	704.5
hgt	None	dead	0.0	0.0	0.0
los	None	dead	0.0	0.0	0.0
spe	1285	1281	1344.265	1116.4885	1230.37675
hgt	1312	GCF.002607855.1.Bacteria.Firmicutes.B	1521.75	0.0	760.875
spe	1281	1280	1116.4885	953.42	1034.95425
spe	365	GCA.001730085.1.Bacteria.GCA.001730085	3289.67	0.0	1644.835
los	365	GCA.001730085.1.Bacteria.GCA.001730085	3289.67	0.0	1644.835
spe	365	364	3289.67	3190.2	3239.935
spe	316	315	2994.185	2831.96	2913.0725
los	316	315	2994.185	2831.96	2913.0725
spe	308	290	2526.01	2118.335	2322.1725
los	308	290	2526.01	2118.335	2322.1725
spe	307	306	2412.955	1867.71	2140.3325
los	307	306	2412.955	1867.71	2140.3325
spe	297	296	2134.445	1549.515	1841.98
los	297	296	2134.445	1549.515	1841.98
spe	293	GCA.003246265.1.Bacteria.Verrucomicrobiota	1839.63	0.0	919.815
los	293	GCA.003246265.1.Bacteria.Verrucomicrobiota	1839.63	0.0	919.815
spe	363	362	2638.385	2473.985	2556.185
los	363	362	2638.385	2473.985	2556.185
spe	321	GCA.003136555.1.Bacteria.Planctomycetota	2458.77	0.0	1229.385
los	321	GCA.003136555.1.Bacteria.Planctomycetota	2458.77	0.0	1229.385
spe	320	GCA.002746535.1.Bacteria.Planctomycetota	2256.89	0.0	1128.445
los	320	GCA.002746535.1.Bacteria.Planctomycetota	2256.89	0.0	1128.445
