event	left_node	right_node	left_date	right_date	midpoint_date
spe	1094	1048	3721.555	3560.57	3641.0625
spe	278	262	3428.485	3190.66	3309.5725
los	278	262	3428.485	3190.66	3309.5725
spe	277	276	3180.01	3119.885	3149.9475
los	277	276	3180.01	3119.885	3149.9475
spe	267	GCA.002428325.1.Bacteria.UBP4	2781.505	0.0	1390.7525
los	267	GCA.002428325.1.Bacteria.UBP4	2781.505	0.0	1390.7525
spe	265	GCA.003290465.1.Bacteria.Sumerlaeota	1973.575	0.0	986.7875
los	265	GCA.003290465.1.Bacteria.Sumerlaeota	1973.575	0.0	986.7875
spe	1048	1047	3560.57	3546.415	3553.4925
spe	365	GCA.001730085.1.Bacteria.GCA.001730085	3289.67	0.0	1644.835
los	365	GCA.001730085.1.Bacteria.GCA.001730085	3289.67	0.0	1644.835
spe	365	364	3289.67	3190.2	3239.935
spe	316	315	2994.185	2831.96	2913.0725
los	316	315	2994.185	2831.96	2913.0725
spe	308	290	2526.01	2118.335	2322.1725
los	308	290	2526.01	2118.335	2322.1725
spe	307	306	2412.955	1867.71	2140.3325
los	307	306	2412.955	1867.71	2140.3325
spe	297	296	2134.445	1549.515	1841.98
los	297	296	2134.445	1549.515	1841.98
spe	297	293	2134.445	1839.63	1987.0375
hgt	239	GCA.003158755.1.Bacteria.Elusimicrobiota	1457.025	0.0	728.5125
spe	364	363	3190.2	2638.385	2914.2925
spe	362	361	2473.985	2351.985	2412.985
los	362	361	2473.985	2351.985	2412.985
spe	342	328	2271.435	1842.83	2057.1325
los	342	328	2271.435	1842.83	2057.1325
spe	341	GCA.003170085.1.Bacteria.Planctomycetota	2005.01	0.0	1002.505
los	341	GCA.003170085.1.Bacteria.Planctomycetota	2005.01	0.0	1002.505
spe	340	339	1641.945	1498.51	1570.2275
los	340	339	1641.945	1498.51	1570.2275
spe	334	GCA.002338715.1.Bacteria.Planctomycetota	1433.42	0.0	716.71
los	334	GCA.002338715.1.Bacteria.Planctomycetota	1433.42	0.0	716.71
spe	332	GCA.002364485.1.Bacteria.Planctomycetota	1016.322	0.0	508.161
los	332	GCA.002364485.1.Bacteria.Planctomycetota	1016.322	0.0	508.161
spe	321	GCA.003136555.1.Bacteria.Planctomycetota	2458.77	0.0	1229.385
los	321	GCA.003136555.1.Bacteria.Planctomycetota	2458.77	0.0	1229.385
spe	320	GCA.002746535.1.Bacteria.Planctomycetota	2256.89	0.0	1128.445
los	320	GCA.002746535.1.Bacteria.Planctomycetota	2256.89	0.0	1128.445
spe	1046	1045	3486.69	3272.33	3379.51
los	1046	1045	3486.69	3272.33	3379.51
dup	1046	902	3486.69	3388.51	3437.6
spe	1046	902	3486.69	3388.51	3437.6
hgt	None	dead	0.0	0.0	0.0
hgt	None	dead	0.0	0.0	0.0
hgt	None	dead	0.0	0.0	0.0
los	None	dead	0.0	0.0	0.0
hgt	None	dead	0.0	0.0	0.0
dup	None	dead	0.0	0.0	0.0
hgt	None	dead	0.0	0.0	0.0
los	None	dead	0.0	0.0	0.0
hgt	None	dead	0.0	0.0	0.0
los	None	dead	0.0	0.0	0.0
spe	902	901	3388.51	3298.045	3343.2775
spe	900	716	3178.205	2750.795	2964.5
los	900	716	3178.205	2750.795	2964.5
spe	900	899	3178.205	3077.265	3127.735
spe	899	898	3077.265	3008.34	3042.8025
spe	898	756	3008.34	2635.78	2822.06
spe	754	746	2364.085	2036.715	2200.4
los	754	746	2364.085	2036.715	2200.4
spe	753	751	2099.055	1941.285	2020.17
los	753	751	2099.055	1941.285	2020.17
hgt	None	dead	0.0	0.0	0.0
hgt	None	dead	0.0	0.0	0.0
los	None	dead	0.0	0.0	0.0
dup	84	GCF.000970205.1.Archaea.Halobacteriota	1360.205	0.0	680.1025
hgt	756	GCA.001790645.1.Bacteria.Schekmanbacteria	2635.78	0.0	1317.89
los	756	GCA.001790645.1.Bacteria.Schekmanbacteria	2635.78	0.0	1317.89
spe	48	47	1954.89	1758.69	1856.79
hgt	88	87	1850.095	1733.555	1791.825
hgt	77	GCA.001766825.1.Archaea.Halobacteriota	1646.475	0.0	823.2375
spe	88	87	1850.095	1733.555	1791.825
spe	87	86	1733.555	1547.845	1640.7
hgt	86	84	1547.845	1360.205	1454.025
los	86	84	1547.845	1360.205	1454.025
hgt	None	dead	0.0	0.0	0.0
dup	None	dead	0.0	0.0	0.0
hgt	None	dead	0.0	0.0	0.0
los	None	dead	0.0	0.0	0.0
spe	1327	1326	2643.35	2448.67	2546.01
spe	1292	GCF.000024605.1.Bacteria.Firmicutes.B	1962.37	0.0	981.185
los	1292	GCF.000024605.1.Bacteria.Firmicutes.B	1962.37	0.0	981.185
spe	1325	1297	2256.125	1985.275	2120.7
los	1325	1297	2256.125	1985.275	2120.7
spe	1324	1323	2152.01	2061.88	2106.945
los	1324	1323	2152.01	2061.88	2106.945
spe	1308	1300	1925.235	1565.1	1745.1675
los	1308	1300	1925.235	1565.1	1745.1675
spe	1307	GCA.000987045.1.Bacteria.Firmicutes.B	1703.5	0.0	851.75
los	1307	GCA.000987045.1.Bacteria.Firmicutes.B	1703.5	0.0	851.75
spe	1305	1304	1518.03	1212.67	1365.35
los	1305	1304	1518.03	1212.67	1365.35
dup	None	dead	0.0	0.0	0.0
hgt	None	dead	0.0	0.0	0.0
los	None	dead	0.0	0.0	0.0
hgt	None	dead	0.0	0.0	0.0
los	None	dead	0.0	0.0	0.0
hgt	898	897	3008.34	2922.2	2965.27
los	898	897	3008.34	2922.2	2965.27
spe	39	35	2961.96	2647.665	2804.8125
hgt	93	GCF.000025525.1.Archaea.Methanobacteriota.A	2978.785	0.0	1489.3925
hgt	1421	1419	1703.17	1560.275	1631.7225
hgt	107	GCA.001717025.1.Archaea.Thermoproteota	1874.74	0.0	937.37
hgt	118	GCA.001593855.1.Archaea.Thermoproteota	1963.41	0.0	981.705
hgt	84	GCF.000011005.1.Archaea.Euryarchaeota	1360.205	0.0	680.1025
spe	1421	1419	1703.17	1560.275	1631.7225
hgt	1264	GCA.900317035.1.Bacteria.Firmicutes.A	1401.22	0.0	700.61
hgt	1280	GCF.000430605.1.Bacteria.Firmicutes.C	953.42	0.0	476.71
hgt	239	GCF.001027545.1.Bacteria.Elusimicrobiota	1457.025	0.0	728.5125
hgt	668	GCA.002010665.1.Bacteria.Acidobacteriota	1575.265	0.0	787.6325
hgt	143	GCA.001563325.1.Archaea.Asgardarchaeota	2506.355	0.0	1253.1775
spe	899	743	3077.265	2953.32	3015.2925
spe	742	741	2707.335	2099.065	2403.2
los	742	741	2707.335	2099.065	2403.2
spe	738	728	2387.34	2047.46	2217.4
los	738	728	2387.34	2047.46	2217.4
spe	737	736	2168.56	1883.24	2025.9
los	737	736	2168.56	1883.24	2025.9
spe	733	732	1662.33	1418.365	1540.3475
los	733	732	1662.33	1418.365	1540.3475
dup	733	GCA.003235715.1.Bacteria.Nitrospirota	1662.33	0.0	831.165
spe	743	721	2953.32	2669.375	2811.3475
hgt	None	dead	0.0	0.0	0.0
hgt	None	dead	0.0	0.0	0.0
los	None	dead	0.0	0.0	0.0
hgt	None	dead	0.0	0.0	0.0
los	721	720	2669.375	2336.65	2503.0125
hgt	None	dead	0.0	0.0	0.0
los	None	dead	0.0	0.0	0.0
spe	1323	1319	2061.88	1933.46	1997.67
spe	1318	1317	1818.985	1219.28	1519.1325
los	1318	1317	1818.985	1219.28	1519.1325
spe	1312	GCF.002607855.1.Bacteria.Firmicutes.B	1521.75	0.0	760.875
los	1312	GCF.002607855.1.Bacteria.Firmicutes.B	1521.75	0.0	760.875
spe	901	663	3298.045	3209.65	3253.8475
spe	397	GCF.000526155.1.Bacteria.Desulfobacterota	3012.355	0.0	1506.1775
los	397	GCF.000526155.1.Bacteria.Desulfobacterota	3012.355	0.0	1506.1775
spe	397	396	3012.355	2626.695	2819.525
spe	395	GCF.000487995.1.Bacteria.Deferribacterota	1520.715	0.0	760.3575
los	395	GCF.000487995.1.Bacteria.Deferribacterota	1520.715	0.0	760.3575
spe	663	662	3209.65	3137.46	3173.555
hgt	None	dead	0.0	0.0	0.0
hgt	None	dead	0.0	0.0	0.0
los	None	dead	0.0	0.0	0.0
hgt	None	dead	0.0	0.0	0.0
hgt	None	dead	0.0	0.0	0.0
los	None	dead	0.0	0.0	0.0
hgt	None	dead	0.0	0.0	0.0
hgt	None	dead	0.0	0.0	0.0
los	None	dead	0.0	0.0	0.0
hgt	None	dead	0.0	0.0	0.0
los	662	400	3137.46	2394.165	2765.8125
hgt	None	dead	0.0	0.0	0.0
los	None	dead	0.0	0.0	0.0
dup	1289	1288	2319.605	1737.805	2028.705
spe	1289	1288	2319.605	1737.805	2028.705
spe	1287	GCA.002329525.1.Bacteria.Firmicutes.C	1455.455	0.0	727.7275
los	1287	GCA.002329525.1.Bacteria.Firmicutes.C	1455.455	0.0	727.7275
spe	1285	1284	1344.265	1051.609	1197.937
los	1285	1284	1344.265	1051.609	1197.937
spe	1285	1281	1344.265	1116.4885	1230.37675
spe	1280	GCF.000430605.1.Bacteria.Firmicutes.C	953.42	0.0	476.71
los	1280	GCF.000430605.1.Bacteria.Firmicutes.C	953.42	0.0	476.71
hgt	1280	GCF.900104455.1.Bacteria.Firmicutes.C	953.42	0.0	476.71
spe	1289	1288	2319.605	1737.805	2028.705
hgt	1312	GCF.002607855.1.Bacteria.Firmicutes.B	1521.75	0.0	760.875
spe	1287	GCA.002329525.1.Bacteria.Firmicutes.C	1455.455	0.0	727.7275
los	1287	GCA.002329525.1.Bacteria.Firmicutes.C	1455.455	0.0	727.7275
spe	1285	1284	1344.265	1051.609	1197.937
los	1285	1284	1344.265	1051.609	1197.937
spe	1285	1281	1344.265	1116.4885	1230.37675
spe	1281	1280	1116.4885	953.42	1034.95425
dup	1281	GCF.002257705.1.Bacteria.Firmicutes.C	1116.4885	0.0	558.24425
hgt	None	dead	0.0	0.0	0.0
hgt	None	dead	0.0	0.0	0.0
los	None	dead	0.0	0.0	0.0
spe	662	661	3137.46	3082.4	3109.93
spe	660	GCA.002395105.1.Bacteria.Proteobacteria	2563.03	0.0	1281.515
los	660	GCA.002395105.1.Bacteria.Proteobacteria	2563.03	0.0	1281.515
spe	659	GCF.000021725.1.Bacteria.Campylobacterota	1482.555	0.0	741.2775
los	659	GCF.000021725.1.Bacteria.Campylobacterota	1482.555	0.0	741.2775
spe	661	655	3082.4	3023.71	3053.055
hgt	None	dead	0.0	0.0	0.0
los	655	403	3023.71	2523.57	2773.64
hgt	None	dead	0.0	0.0	0.0
los	None	dead	0.0	0.0	0.0
spe	655	654	3023.71	2882.745	2953.2275
spe	654	520	2882.745	2793.675	2838.21
spe	520	406	2793.675	2569.1	2681.3875
hgt	542	GCA.002352565.1.Bacteria.Proteobacteria	1750.015	0.0	875.0075
hgt	406	GCF.002795805.1.Bacteria.Proteobacteria	2569.1	0.0	1284.55
los	406	GCF.002795805.1.Bacteria.Proteobacteria	2569.1	0.0	1284.55
spe	520	519	2793.675	2628.48	2711.0775
hgt	None	dead	0.0	0.0	0.0
los	519	518	2628.48	2401.92	2515.2
hgt	None	dead	0.0	0.0	0.0
los	None	dead	0.0	0.0	0.0
spe	654	653	2882.745	2568.17	2725.4575
spe	653	652	2568.17	2398.805	2483.4875
hgt	None	dead	0.0	0.0	0.0
hgt	None	dead	0.0	0.0	0.0
los	None	dead	0.0	0.0	0.0
hgt	None	dead	0.0	0.0	0.0
los	652	526	2398.805	2059.41	2229.1075
hgt	None	dead	0.0	0.0	0.0
los	None	dead	0.0	0.0	0.0
dup	736	GCA.001803795.1.Bacteria.Nitrospirota	1883.24	0.0	941.62
spe	652	651	2398.805	2255.845	2327.325
hgt	None	dead	0.0	0.0	0.0
hgt	None	dead	0.0	0.0	0.0
los	None	dead	0.0	0.0	0.0
spe	651	650	2255.845	2166.365	2211.105
spe	536	GCF.002940605.1.Bacteria.Proteobacteria	1887.95	0.0	943.975
los	536	GCF.002940605.1.Bacteria.Proteobacteria	1887.95	0.0	943.975
spe	649	543	2098.245	1931.665	2014.955
los	649	543	2098.245	1931.665	2014.955
spe	648	562	2024.465	1860.4	1942.4325
los	648	562	2024.465	1860.4	1942.4325
spe	648	647	2024.465	1945.285	1984.875
spe	571	565	1781.46	1495.725	1638.5925
los	571	565	1781.46	1495.725	1638.5925
spe	570	GCA.002255365.1.Bacteria.Proteobacteria	1624.36	0.0	812.18
los	570	GCA.002255365.1.Bacteria.Proteobacteria	1624.36	0.0	812.18
spe	568	GCF.001051235.1.Bacteria.Proteobacteria	1463.05	0.0	731.525
los	568	GCF.001051235.1.Bacteria.Proteobacteria	1463.05	0.0	731.525
spe	646	588	1897.835	1783.48	1840.6575
los	646	588	1897.835	1783.48	1840.6575
spe	645	631	1829.485	1750.855	1790.17
los	645	631	1829.485	1750.855	1790.17
spe	644	643	1683.9	1502.7	1593.3
los	644	643	1683.9	1502.7	1593.3
spe	636	GCA.002840095.1.Bacteria.Proteobacteria	1603.01	0.0	801.505
los	636	GCA.002840095.1.Bacteria.Proteobacteria	1603.01	0.0	801.505
spe	634	GCF.002020875.1.Bacteria.Proteobacteria	1434.16	0.0	717.08
los	634	GCF.002020875.1.Bacteria.Proteobacteria	1434.16	0.0	717.08
hgt	None	dead	0.0	0.0	0.0
los	651	533	2255.845	2045.455	2150.65
hgt	None	dead	0.0	0.0	0.0
los	None	dead	0.0	0.0	0.0
spe	483	482	1736.705	1642.38	1689.5425
spe	458	456	1513.53	1329.135	1421.3325
los	458	456	1513.53	1329.135	1421.3325
spe	481	480	1564.755	1431.52	1498.1375
los	481	480	1564.755	1431.52	1498.1375
spe	469	468	1451.305	1270.185	1360.745
los	469	468	1451.305	1270.185	1360.745
spe	463	GCF.002251795.1.Bacteria.Proteobacteria	1313.945	0.0	656.9725
los	463	GCF.002251795.1.Bacteria.Proteobacteria	1313.945	0.0	656.9725
spe	463	462	1313.945	1065.146	1189.5455
hgt	495	GCF.003173035.1.Bacteria.Proteobacteria	1152.21	0.0	576.105
hgt	653	GCF.001399755.1.Bacteria.Proteobacteria	2568.17	0.0	1284.085
los	653	GCF.001399755.1.Bacteria.Proteobacteria	2568.17	0.0	1284.085
spe	1720	1719	2606.555	2498.57	2552.5625
spe	1718	1717	2360.855	2145.98	2253.4175
los	1718	1717	2360.855	2145.98	2253.4175
spe	1718	1704	2360.855	2247.23	2304.0425
spe	1672	GCF.000015965.1.Bacteria.Cyanobacteria	2002.185	0.0	1001.0925
los	1672	GCF.000015965.1.Bacteria.Cyanobacteria	2002.185	0.0	1001.0925
dup	1704	1703	2247.23	2155.655	2201.4425
spe	1703	1679	2155.655	1829.33	1992.4925
los	1703	1679	2155.655	1829.33	1992.4925
spe	1702	1701	2083.6	2042.11	2062.855
los	1702	1701	2083.6	2042.11	2062.855
spe	1704	1703	2247.23	2155.655	2201.4425
spe	1679	GCF.000473895.1.Bacteria.Cyanobacteria	1829.33	0.0	914.665
los	1679	GCF.000473895.1.Bacteria.Cyanobacteria	1829.33	0.0	914.665
spe	1679	1678	1829.33	892.4805	1360.90525
spe	1676	UCYNA2	250.8965	0.0	125.44825
los	1676	UCYNA2	250.8965	0.0	125.44825
spe	1702	GCF.003838225.1.Bacteria.Cyanobacteria	2083.6	0.0	1041.8
los	1702	GCF.003838225.1.Bacteria.Cyanobacteria	2083.6	0.0	1041.8
spe	1702	1701	2083.6	2042.11	2062.855
spe	1685	GCF.000018105.1.Bacteria.Cyanobacteria	1873.315	0.0	936.6575
los	1685	GCF.000018105.1.Bacteria.Cyanobacteria	1873.315	0.0	936.6575
spe	1684	GCA.001698445.1.Bacteria.Cyanobacteria	1661.66	0.0	830.83
los	1684	GCA.001698445.1.Bacteria.Cyanobacteria	1661.66	0.0	830.83
spe	1701	1700	2042.11	1961.585	2001.8475
spe	1700	1688	1961.585	1636.375	1798.98
spe	1699	GCF.000317045.1.Bacteria.Cyanobacteria	1903.88	0.0	951.94
los	1699	GCF.000317045.1.Bacteria.Cyanobacteria	1903.88	0.0	951.94
dup	1699	1698	1903.88	1614.145	1759.0125
spe	1698	1692	1614.145	178.9818	896.5634
los	1698	1692	1614.145	178.9818	896.5634
spe	1697	1695	1294.515	878.0175	1086.26625
los	1697	1695	1294.515	878.0175	1086.26625
spe	1699	1698	1903.88	1614.145	1759.0125
spe	1692	Richelia.intracellularis.HM01	178.9818	0.0	89.4909
los	1692	Richelia.intracellularis.HM01	178.9818	0.0	89.4909
spe	1697	Fischerella.muscicola.CCMEE5323	1294.515	0.0	647.2575
los	1697	Fischerella.muscicola.CCMEE5323	1294.515	0.0	647.2575
spe	1697	1695	1294.515	878.0175	1086.26625
dup	None	dead	0.0	0.0	0.0
hgt	None	dead	0.0	0.0	0.0
los	None	dead	0.0	0.0	0.0
hgt	None	dead	0.0	0.0	0.0
los	None	dead	0.0	0.0	0.0
spe	887	886	2332.115	2067.29	2199.7025
spe	885	877	1945.59	1826.365	1885.9775
los	885	877	1945.59	1826.365	1885.9775
spe	884	883	1824.105	1441.77	1632.9375
los	884	883	1824.105	1441.77	1632.9375
spe	880	GCA.001577715.1.Bacteria.Desulfobacterota	1550.835	0.0	775.4175
los	880	GCA.001577715.1.Bacteria.Desulfobacterota	1550.835	0.0	775.4175
spe	886	874	2067.29	1965.97	2016.63
spe	873	871	1792.01	1532.675	1662.3425
los	873	871	1792.01	1532.675	1662.3425
hgt	None	dead	0.0	0.0	0.0
los	874	868	1965.97	1758.21	1862.09
hgt	None	dead	0.0	0.0	0.0
los	None	dead	0.0	0.0	0.0
spe	390	GCA.002780065.1.Bacteria.UBA8481	3128.085	0.0	1564.0425
los	390	GCA.002780065.1.Bacteria.UBA8481	3128.085	0.0	1564.0425
spe	389	371	2749.555	2510.29	2629.9225
los	389	371	2749.555	2510.29	2629.9225
spe	389	388	2749.555	2535.365	2642.46
spe	376	374	2164.345	1675.86	1920.1025
los	376	374	2164.345	1675.86	1920.1025
spe	388	387	2535.365	2327.165	2431.265
spe	383	381	1910.295	1517.805	1714.05
los	383	381	1910.295	1517.805	1714.05
hgt	387	386	2327.165	2009.02	2168.0925
los	387	386	2327.165	2009.02	2168.0925
spe	887	886	2332.115	2067.29	2199.7025
spe	885	877	1945.59	1826.365	1885.9775
los	885	877	1945.59	1826.365	1885.9775
spe	884	880	1824.105	1550.835	1687.47
los	884	880	1824.105	1550.835	1687.47
spe	883	GCA.001751085.1.Bacteria.Desulfobacterota	1441.77	0.0	720.885
los	883	GCA.001751085.1.Bacteria.Desulfobacterota	1441.77	0.0	720.885
spe	886	874	2067.29	1965.97	2016.63
hgt	874	873	1965.97	1792.01	1878.99
los	874	873	1965.97	1792.01	1878.99
spe	868	866	1758.21	1421.715	1589.9625
los	868	866	1758.21	1421.715	1589.9625
spe	1046	902	3486.69	3388.51	3437.6
spe	902	390	3388.51	3128.085	3258.2975
spe	389	371	2749.555	2510.29	2629.9225
los	389	371	2749.555	2510.29	2629.9225
spe	388	376	2535.365	2164.345	2349.855
los	388	376	2535.365	2164.345	2349.855
spe	387	383	2327.165	1910.295	2118.73
los	387	383	2327.165	1910.295	2118.73
spe	386	GCA.002450905.1.Bacteria.Spirochaetota	2009.02	0.0	1004.51
los	386	GCA.002450905.1.Bacteria.Spirochaetota	2009.02	0.0	1004.51
hgt	390	GCA.002780065.1.Bacteria.UBA8481	3128.085	0.0	1564.0425
los	390	GCA.002780065.1.Bacteria.UBA8481	3128.085	0.0	1564.0425
hgt	None	dead	0.0	0.0	0.0
hgt	None	dead	0.0	0.0	0.0
los	None	dead	0.0	0.0	0.0
spe	902	901	3388.51	3298.045	3343.2775
spe	900	716	3178.205	2750.795	2964.5
los	900	716	3178.205	2750.795	2964.5
spe	899	743	3077.265	2953.32	3015.2925
los	899	743	3077.265	2953.32	3015.2925
spe	898	756	3008.34	2635.78	2822.06
los	898	756	3008.34	2635.78	2822.06
spe	897	896	2922.2	2689.39	2805.795
los	897	896	2922.2	2689.39	2805.795
spe	889	843	2701.575	2593.715	2647.645
los	889	843	2701.575	2593.715	2647.645
spe	889	888	2701.575	2515.76	2608.6675
spe	854	853	2344.965	2065.005	2204.985
los	854	853	2344.965	2065.005	2204.985
spe	850	846	2301.83	2027.01	2164.42
los	850	846	2301.83	2027.01	2164.42
spe	849	GCA.001896555.1.Bacteria.Desulfobacterota	1938.415	0.0	969.2075
los	849	GCA.001896555.1.Bacteria.Desulfobacterota	1938.415	0.0	969.2075
spe	887	863	2332.115	2111.78	2221.9475
los	887	863	2332.115	2111.78	2221.9475
spe	887	886	2332.115	2067.29	2199.7025
spe	874	873	1965.97	1792.01	1878.99
los	874	873	1965.97	1792.01	1878.99
spe	868	866	1758.21	1421.715	1589.9625
los	868	866	1758.21	1421.715	1589.9625
spe	885	877	1945.59	1826.365	1885.9775
los	885	877	1945.59	1826.365	1885.9775
spe	884	883	1824.105	1441.77	1632.9375
los	884	883	1824.105	1441.77	1632.9375
spe	880	GCA.001577715.1.Bacteria.Desulfobacterota	1550.835	0.0	775.4175
los	880	GCA.001577715.1.Bacteria.Desulfobacterota	1550.835	0.0	775.4175
spe	901	663	3298.045	3209.65	3253.8475
spe	397	396	3012.355	2626.695	2819.525
los	397	396	3012.355	2626.695	2819.525
hgt	None	dead	0.0	0.0	0.0
los	663	662	3209.65	3137.46	3173.555
hgt	None	dead	0.0	0.0	0.0
los	None	dead	0.0	0.0	0.0
