event	left_node	right_node	left_date	right_date	midpoint_date
spe	902	901	3388.51	3298.045	3343.2775
spe	901	663	3298.045	3209.65	3253.8475
spe	663	662	3209.65	3137.46	3173.555
hgt	662	400	3137.46	2394.165	2765.8125
los	662	400	3137.46	2394.165	2765.8125
spe	1720	1719	2606.555	2498.57	2552.5625
spe	1719	1718	2498.57	2360.855	2429.7125
hgt	None	dead	0.0	0.0	0.0
los	1718	1717	2360.855	2145.98	2253.4175
hgt	None	dead	0.0	0.0	0.0
los	None	dead	0.0	0.0	0.0
spe	1699	1698	1903.88	1614.145	1759.0125
spe	1692	Richelia.intracellularis.HM01	178.9818	0.0	89.4909
los	1692	Richelia.intracellularis.HM01	178.9818	0.0	89.4909
dup	1698	1697	1614.145	1294.515	1454.33
spe	1697	1695	1294.515	878.0175	1086.26625
los	1697	1695	1294.515	878.0175	1086.26625
spe	1698	1697	1614.145	1294.515	1454.33
dup	1697	1695	1294.515	878.0175	1086.26625
spe	1695	Nostoc.sp.PCC7120	878.0175	0.0	439.00875
los	1695	Nostoc.sp.PCC7120	878.0175	0.0	439.00875
spe	1697	1695	1294.515	878.0175	1086.26625
spe	1704	1672	2247.23	2002.185	2124.7075
los	1704	1672	2247.23	2002.185	2124.7075
spe	1704	1703	2247.23	2155.655	2201.4425
spe	1679	GCF.000473895.1.Bacteria.Cyanobacteria	1829.33	0.0	914.665
los	1679	GCF.000473895.1.Bacteria.Cyanobacteria	1829.33	0.0	914.665
spe	1679	1678	1829.33	892.4805	1360.90525
spe	1678	1676	892.4805	250.8965	571.6885
spe	1703	1702	2155.655	2083.6	2119.6275
spe	1702	1701	2083.6	2042.11	2062.855
spe	1700	1699	1961.585	1903.88	1932.7325
los	1700	1699	1961.585	1903.88	1932.7325
spe	1700	1688	1961.585	1636.375	1798.98
spe	1701	1685	2042.11	1873.315	1957.7125
spe	1684	GCA.001698445.1.Bacteria.Cyanobacteria	1661.66	0.0	830.83
los	1684	GCA.001698445.1.Bacteria.Cyanobacteria	1661.66	0.0	830.83
hgt	1685	GCF.000018105.1.Bacteria.Cyanobacteria	1873.315	0.0	936.6575
los	1685	GCF.000018105.1.Bacteria.Cyanobacteria	1873.315	0.0	936.6575
spe	662	661	3137.46	3082.4	3109.93
spe	661	655	3082.4	3023.71	3053.055
hgt	None	dead	0.0	0.0	0.0
hgt	None	dead	0.0	0.0	0.0
los	None	dead	0.0	0.0	0.0
hgt	None	dead	0.0	0.0	0.0
hgt	None	dead	0.0	0.0	0.0
los	None	dead	0.0	0.0	0.0
hgt	None	dead	0.0	0.0	0.0
los	655	403	3023.71	2523.57	2773.64
hgt	None	dead	0.0	0.0	0.0
los	None	dead	0.0	0.0	0.0
spe	514	513	1851.4	1786.09	1818.745
spe	483	447	1736.705	1590.07	1663.3875
los	483	447	1736.705	1590.07	1663.3875
spe	483	482	1736.705	1642.38	1689.5425
spe	458	456	1513.53	1329.135	1421.3325
los	458	456	1513.53	1329.135	1421.3325
spe	481	480	1564.755	1431.52	1498.1375
los	481	480	1564.755	1431.52	1498.1375
spe	469	468	1451.305	1270.185	1360.745
los	469	468	1451.305	1270.185	1360.745
spe	463	GCF.002251795.1.Bacteria.Proteobacteria	1313.945	0.0	656.9725
los	463	GCF.002251795.1.Bacteria.Proteobacteria	1313.945	0.0	656.9725
spe	463	462	1313.945	1065.146	1189.5455
spe	512	486	1671.055	1393.215	1532.135
los	512	486	1671.055	1393.215	1532.135
spe	511	489	1589.625	1225.83	1407.7275
los	511	489	1589.625	1225.83	1407.7275
spe	510	492	1517.685	1247.39	1382.5375
los	510	492	1517.685	1247.39	1382.5375
spe	510	509	1517.685	1417.44	1467.5625
spe	495	GCA.002796975.1.Bacteria.Proteobacteria	1152.21	0.0	576.105
los	495	GCA.002796975.1.Bacteria.Proteobacteria	1152.21	0.0	576.105
spe	509	508	1417.44	1290.24	1353.84
hgt	508	507	1290.24	1064.673	1177.4565
los	508	507	1290.24	1064.673	1177.4565
spe	508	498	1290.24	1143.1505	1216.69525
hgt	498	GCA.002731375.1.Bacteria.Proteobacteria	1143.1505	0.0	571.57525
los	498	GCA.002731375.1.Bacteria.Proteobacteria	1143.1505	0.0	571.57525
hgt	634	GCF.001697225.1.Bacteria.Proteobacteria	1434.16	0.0	717.08
spe	654	653	2882.745	2568.17	2725.4575
los	654	653	2882.745	2568.17	2725.4575
spe	654	520	2882.745	2793.675	2838.21
spe	406	GCF.002795805.1.Bacteria.Proteobacteria	2569.1	0.0	1284.55
los	406	GCF.002795805.1.Bacteria.Proteobacteria	2569.1	0.0	1284.55
spe	520	519	2793.675	2628.48	2711.0775
hgt	None	dead	0.0	0.0	0.0
los	519	518	2628.48	2401.92	2515.2
hgt	None	dead	0.0	0.0	0.0
los	None	dead	0.0	0.0	0.0
spe	650	649	2166.365	2098.245	2132.305
spe	543	539	1931.665	1720.395	1826.03
los	543	539	1931.665	1720.395	1826.03
spe	542	GCA.002631715.1.Bacteria.Proteobacteria	1750.015	0.0	875.0075
los	542	GCA.002631715.1.Bacteria.Proteobacteria	1750.015	0.0	875.0075
spe	648	562	2024.465	1860.4	1942.4325
los	648	562	2024.465	1860.4	1942.4325
spe	648	647	2024.465	1945.285	1984.875
spe	646	588	1897.835	1783.48	1840.6575
los	646	588	1897.835	1783.48	1840.6575
spe	645	631	1829.485	1750.855	1790.17
los	645	631	1829.485	1750.855	1790.17
spe	644	643	1683.9	1502.7	1593.3
los	644	643	1683.9	1502.7	1593.3
spe	636	634	1603.01	1434.16	1518.585
los	636	634	1603.01	1434.16	1518.585
spe	571	570	1781.46	1624.36	1702.91
los	571	570	1781.46	1624.36	1702.91
spe	565	GCF.000239355.1.Bacteria.Proteobacteria	1495.725	0.0	747.8625
los	565	GCF.000239355.1.Bacteria.Proteobacteria	1495.725	0.0	747.8625
spe	661	660	3082.4	2563.03	2822.715
hgt	660	GCA.002395105.1.Bacteria.Proteobacteria	2563.03	0.0	1281.515
los	660	GCA.002395105.1.Bacteria.Proteobacteria	2563.03	0.0	1281.515
spe	660	659	2563.03	1482.555	2022.7925
hgt	659	GCF.000021725.1.Bacteria.Campylobacterota	1482.555	0.0	741.2775
los	659	GCF.000021725.1.Bacteria.Campylobacterota	1482.555	0.0	741.2775
spe	397	GCF.000526155.1.Bacteria.Desulfobacterota	3012.355	0.0	1506.1775
los	397	GCF.000526155.1.Bacteria.Desulfobacterota	3012.355	0.0	1506.1775
spe	397	396	3012.355	2626.695	2819.525
spe	396	395	2626.695	1520.715	2073.705
hgt	395	GCF.000487995.1.Bacteria.Deferribacterota	1520.715	0.0	760.3575
los	395	GCF.000487995.1.Bacteria.Deferribacterota	1520.715	0.0	760.3575
spe	900	716	3178.205	2750.795	2964.5
los	900	716	3178.205	2750.795	2964.5
spe	900	899	3178.205	3077.265	3127.735
spe	899	898	3077.265	3008.34	3042.8025
spe	756	GCA.001790645.1.Bacteria.Schekmanbacteria	2635.78	0.0	1317.89
los	756	GCA.001790645.1.Bacteria.Schekmanbacteria	2635.78	0.0	1317.89
spe	754	746	2364.085	2036.715	2200.4
los	754	746	2364.085	2036.715	2200.4
spe	753	GCA.001803565.1.Bacteria.Nitrospinota.B	2099.055	0.0	1049.5275
los	753	GCA.001803565.1.Bacteria.Nitrospinota.B	2099.055	0.0	1049.5275
spe	751	GCA.002500605.1.Bacteria.Nitrospinota	1941.285	0.0	970.6425
los	751	GCA.002500605.1.Bacteria.Nitrospinota	1941.285	0.0	970.6425
spe	749	GCA.002705185.1.Bacteria.Nitrospinota	1781.81	0.0	890.905
los	749	GCA.002705185.1.Bacteria.Nitrospinota	1781.81	0.0	890.905
hgt	None	dead	0.0	0.0	0.0
hgt	None	dead	0.0	0.0	0.0
dup	None	dead	0.0	0.0	0.0
hgt	None	dead	0.0	0.0	0.0
los	None	dead	0.0	0.0	0.0
spe	1271	1270	1904.435	1709.88	1807.1575
spe	1264	GCA.900317035.1.Bacteria.Firmicutes.A	1401.22	0.0	700.61
los	1264	GCA.900317035.1.Bacteria.Firmicutes.A	1401.22	0.0	700.61
spe	1263	GCA.002308775.1.Bacteria.Firmicutes.A	1142.5375	0.0	571.26875
los	1263	GCA.002308775.1.Bacteria.Firmicutes.A	1142.5375	0.0	571.26875
spe	1269	1268	1538.365	1301.03	1419.6975
los	1269	1268	1538.365	1301.03	1419.6975
hgt	None	dead	0.0	0.0	0.0
los	None	dead	0.0	0.0	0.0
spe	1285	1281	1344.265	1116.4885	1230.37675
spe	1281	1280	1116.4885	953.42	1034.95425
hgt	1288	GCA.002411145.1.Bacteria.Firmicutes.C	1737.805	0.0	868.9025
hgt	1312	GCF.002607855.1.Bacteria.Firmicutes.B	1521.75	0.0	760.875
hgt	1350	GCF.001742305.1.Bacteria.Firmicutes	1409.0	0.0	704.5
hgt	None	dead	0.0	0.0	0.0
spe	898	897	3008.34	2922.2	2965.27
spe	897	896	2922.2	2689.39	2805.795
hgt	None	dead	0.0	0.0	0.0
hgt	None	dead	0.0	0.0	0.0
los	None	dead	0.0	0.0	0.0
hgt	896	892	2689.39	2160.3	2424.845
los	896	892	2689.39	2160.3	2424.845
spe	389	388	2749.555	2535.365	2642.46
spe	376	374	2164.345	1675.86	1920.1025
los	376	374	2164.345	1675.86	1920.1025
hgt	None	dead	0.0	0.0	0.0
hgt	None	dead	0.0	0.0	0.0
los	None	dead	0.0	0.0	0.0
spe	388	387	2535.365	2327.165	2431.265
spe	386	GCA.002450905.1.Bacteria.Spirochaetota	2009.02	0.0	1004.51
los	386	GCA.002450905.1.Bacteria.Spirochaetota	2009.02	0.0	1004.51
spe	383	381	1910.295	1517.805	1714.05
los	383	381	1910.295	1517.805	1714.05
spe	896	895	2689.39	2233.715	2461.5525
hgt	883	GCA.000961655.1.Bacteria.Desulfobacterota	1441.77	0.0	720.885
hgt	None	dead	0.0	0.0	0.0
hgt	None	dead	0.0	0.0	0.0
los	None	dead	0.0	0.0	0.0
hgt	895	GCA.002897695.1.Bacteria.BMS3Abin14	2233.715	0.0	1116.8575
los	895	GCA.002897695.1.Bacteria.BMS3Abin14	2233.715	0.0	1116.8575
spe	297	293	2134.445	1839.63	1987.0375
spe	897	889	2922.2	2701.575	2811.8875
hgt	889	843	2701.575	2593.715	2647.645
los	889	843	2701.575	2593.715	2647.645
hgt	None	dead	0.0	0.0	0.0
hgt	None	dead	0.0	0.0	0.0
los	None	dead	0.0	0.0	0.0
hgt	None	dead	0.0	0.0	0.0
hgt	None	dead	0.0	0.0	0.0
los	None	dead	0.0	0.0	0.0
spe	889	888	2701.575	2515.76	2608.6675
spe	854	853	2344.965	2065.005	2204.985
los	854	853	2344.965	2065.005	2204.985
spe	850	846	2301.83	2027.01	2164.42
los	850	846	2301.83	2027.01	2164.42
spe	849	GCA.001896555.1.Bacteria.Desulfobacterota	1938.415	0.0	969.2075
los	849	GCA.001896555.1.Bacteria.Desulfobacterota	1938.415	0.0	969.2075
spe	887	863	2332.115	2111.78	2221.9475
los	887	863	2332.115	2111.78	2221.9475
spe	886	885	2067.29	1945.59	2006.44
los	886	885	2067.29	1945.59	2006.44
spe	886	874	2067.29	1965.97	2016.63
spe	868	866	1758.21	1421.715	1589.9625
los	868	866	1758.21	1421.715	1589.9625
spe	874	873	1965.97	1792.01	1878.99
spe	871	GCA.002899795.1.Bacteria.Desulfobacterota	1532.675	0.0	766.3375
los	871	GCA.002899795.1.Bacteria.Desulfobacterota	1532.675	0.0	766.3375
hgt	873	GCA.002011835.1.Bacteria.Desulfobacterota	1792.01	0.0	896.005
los	873	GCA.002011835.1.Bacteria.Desulfobacterota	1792.01	0.0	896.005
dup	None	dead	0.0	0.0	0.0
hgt	None	dead	0.0	0.0	0.0
los	None	dead	0.0	0.0	0.0
hgt	None	dead	0.0	0.0	0.0
los	None	dead	0.0	0.0	0.0
dup	1387	1327	2774.13	2643.35	2708.74
spe	1387	1327	2774.13	2643.35	2708.74
spe	1327	1326	2643.35	2448.67	2546.01
hgt	1326	1292	2448.67	1962.37	2205.52
los	1326	1292	2448.67	1962.37	2205.52
spe	89	88	2018.03	1850.095	1934.0625
spe	87	GCA.002256595.1.Archaea.Halobacteriota	1733.555	0.0	866.7775
los	87	GCA.002256595.1.Archaea.Halobacteriota	1733.555	0.0	866.7775
spe	86	84	1547.845	1360.205	1454.025
los	86	84	1547.845	1360.205	1454.025
spe	80	GCF.002114285.1.Archaea.Halobacteriota	1577.665	0.0	788.8325
los	80	GCF.002114285.1.Archaea.Halobacteriota	1577.665	0.0	788.8325
spe	1325	1297	2256.125	1985.275	2120.7
los	1325	1297	2256.125	1985.275	2120.7
dup	1325	1324	2256.125	2152.01	2204.0675
hgt	None	dead	0.0	0.0	0.0
hgt	1645	GCF.000212395.1.Bacteria.Thermodesulfobiota	3111.405	0.0	1555.7025
hgt	None	dead	0.0	0.0	0.0
hgt	None	dead	0.0	0.0	0.0
los	None	dead	0.0	0.0	0.0
dup	1365	GCF.000702165.1.Bacteria.Firmicutes	452.5575	0.0	226.27875
hgt	1462	GCA.002436065.1.Bacteria.Chloroflexota	2298.115	0.0	1149.0575
spe	1325	1324	2256.125	2152.01	2204.0675
spe	1308	1307	1925.235	1703.5	1814.3675
los	1308	1307	1925.235	1703.5	1814.3675
spe	1300	GCA.002418765.1.Bacteria.Firmicutes.B	1565.1	0.0	782.55
los	1300	GCA.002418765.1.Bacteria.Firmicutes.B	1565.1	0.0	782.55
spe	1323	1322	2061.88	1700.81	1881.345
los	1323	1322	2061.88	1700.81	1881.345
spe	1319	1318	1933.46	1818.985	1876.2225
los	1319	1318	1933.46	1818.985	1876.2225
dup	None	dead	0.0	0.0	0.0
hgt	None	dead	0.0	0.0	0.0
los	None	dead	0.0	0.0	0.0
hgt	None	dead	0.0	0.0	0.0
los	None	dead	0.0	0.0	0.0
dup	1280	GCF.900104455.1.Bacteria.Firmicutes.C	953.42	0.0	476.71
hgt	None	dead	0.0	0.0	0.0
hgt	None	dead	0.0	0.0	0.0
los	None	dead	0.0	0.0	0.0
dup	1280	GCF.900104455.1.Bacteria.Firmicutes.C	953.42	0.0	476.71
hgt	None	dead	0.0	0.0	0.0
hgt	None	dead	0.0	0.0	0.0
los	None	dead	0.0	0.0	0.0
hgt	1645	GCF.000212395.1.Bacteria.Thermodesulfobiota	3111.405	0.0	1555.7025
hgt	1462	GCA.002436065.1.Bacteria.Chloroflexota	2298.115	0.0	1149.0575
spe	1325	1324	2256.125	2152.01	2204.0675
spe	1308	1307	1925.235	1703.5	1814.3675
los	1308	1307	1925.235	1703.5	1814.3675
spe	1300	GCA.002418765.1.Bacteria.Firmicutes.B	1565.1	0.0	782.55
los	1300	GCA.002418765.1.Bacteria.Firmicutes.B	1565.1	0.0	782.55
spe	1323	1322	2061.88	1700.81	1881.345
los	1323	1322	2061.88	1700.81	1881.345
spe	1323	1319	2061.88	1933.46	1997.67
spe	1318	1312	1818.985	1521.75	1670.3675
los	1318	1312	1818.985	1521.75	1670.3675
spe	1317	GCA.002398485.1.Bacteria.Firmicutes.B	1219.28	0.0	609.64
los	1317	GCA.002398485.1.Bacteria.Firmicutes.B	1219.28	0.0	609.64
spe	1315	GCA.002482535.1.Bacteria.Firmicutes.B	1023.5775	0.0	511.78875
los	1315	GCA.002482535.1.Bacteria.Firmicutes.B	1023.5775	0.0	511.78875
hgt	1365	GCF.000702165.1.Bacteria.Firmicutes	452.5575	0.0	226.27875
dup	1365	GCF.000702165.1.Bacteria.Firmicutes	452.5575	0.0	226.27875
spe	1327	1289	2643.35	2319.605	2481.4775
spe	1288	GCA.002411145.1.Bacteria.Firmicutes.C	1737.805	0.0	868.9025
los	1288	GCA.002411145.1.Bacteria.Firmicutes.C	1737.805	0.0	868.9025
spe	1287	1285	1455.455	1344.265	1399.86
los	1287	1285	1455.455	1344.265	1399.86
hgt	None	dead	0.0	0.0	0.0
hgt	None	dead	0.0	0.0	0.0
los	None	dead	0.0	0.0	0.0
hgt	None	dead	0.0	0.0	0.0
hgt	None	dead	0.0	0.0	0.0
los	None	dead	0.0	0.0	0.0
dup	248	GCA.001799695.1.Bacteria.Elusimicrobiota	1213.735	0.0	606.8675
hgt	1289	GCA.002345475.1.Bacteria.Firmicutes.H	2319.605	0.0	1159.8025
los	1289	GCA.002345475.1.Bacteria.Firmicutes.H	2319.605	0.0	1159.8025
spe	817	813	1903.64	1756.665	1830.1525
spe	812	GCA.002863065.1.Bacteria.Myxococcota	1631.73	0.0	815.865
los	812	GCA.002863065.1.Bacteria.Myxococcota	1631.73	0.0	815.865
spe	811	GCA.002728755.1.Bacteria.Myxococcota	1440.74	0.0	720.37
los	811	GCA.002728755.1.Bacteria.Myxococcota	1440.74	0.0	720.37
spe	807	GCA.002789955.1.Bacteria.Myxococcota	1533.145	0.0	766.5725
los	807	GCA.002789955.1.Bacteria.Myxococcota	1533.145	0.0	766.5725
dup	807	GCA.002841945.1.Bacteria.Myxococcota	1533.145	0.0	766.5725
spe	1327	1289	2643.35	2319.605	2481.4775
los	1327	1289	2643.35	2319.605	2481.4775
spe	1327	1326	2643.35	2448.67	2546.01
spe	1292	GCF.000024605.1.Bacteria.Firmicutes.B	1962.37	0.0	981.185
los	1292	GCF.000024605.1.Bacteria.Firmicutes.B	1962.37	0.0	981.185
spe	1325	1297	2256.125	1985.275	2120.7
los	1325	1297	2256.125	1985.275	2120.7
spe	1324	1323	2152.01	2061.88	2106.945
los	1324	1323	2152.01	2061.88	2106.945
spe	1308	1300	1925.235	1565.1	1745.1675
los	1308	1300	1925.235	1565.1	1745.1675
spe	1307	GCA.000987045.1.Bacteria.Firmicutes.B	1703.5	0.0	851.75
los	1307	GCA.000987045.1.Bacteria.Firmicutes.B	1703.5	0.0	851.75
spe	1305	1304	1518.03	1212.67	1365.35
los	1305	1304	1518.03	1212.67	1365.35
hgt	None	dead	0.0	0.0	0.0
los	None	dead	0.0	0.0	0.0
spe	1323	1319	2061.88	1933.46	1997.67
spe	1318	1317	1818.985	1219.28	1519.1325
los	1318	1317	1818.985	1219.28	1519.1325
spe	1312	GCF.002607855.1.Bacteria.Firmicutes.B	1521.75	0.0	760.875
los	1312	GCF.002607855.1.Bacteria.Firmicutes.B	1521.75	0.0	760.875
spe	743	721	2953.32	2669.375	2811.3475
los	743	721	2953.32	2669.375	2811.3475
spe	742	741	2707.335	2099.065	2403.2
los	742	741	2707.335	2099.065	2403.2
spe	738	728	2387.34	2047.46	2217.4
los	738	728	2387.34	2047.46	2217.4
spe	737	736	2168.56	1883.24	2025.9
los	737	736	2168.56	1883.24	2025.9
spe	737	733	2168.56	1662.33	1915.445
spe	732	GCA.002011735.1.Bacteria.Nitrospirota	1418.365	0.0	709.1825
los	732	GCA.002011735.1.Bacteria.Nitrospirota	1418.365	0.0	709.1825
