event	left_node	right_node	left_date	right_date	midpoint_date
hgt	None	dead	0.0	0.0	0.0
dup	None	dead	0.0	0.0	0.0
hgt	None	dead	0.0	0.0	0.0
los	None	dead	0.0	0.0	0.0
hgt	None	dead	0.0	0.0	0.0
los	None	dead	0.0	0.0	0.0
spe	926	924	2372.335	1862.1	2117.2175
hgt	477	GCA.001897475.1.Bacteria.Proteobacteria	981.752	0.0	490.876
hgt	780	GCA.001769805.1.Bacteria.Bdellovibrionota	1805.89	0.0	902.945
spe	1728	1727	0.0	3797.955	1898.9775
spe	189	188	3564.735	3280.19	3422.4625
los	189	188	3564.735	3280.19	3422.4625
spe	185	GCA.001791795.1.Bacteria.Wallbacteria	3376.945	0.0	1688.4725
los	185	GCA.001791795.1.Bacteria.Wallbacteria	3376.945	0.0	1688.4725
spe	183	GCA.002325765.1.Bacteria.Proteobacteria	2959.72	0.0	1479.86
los	183	GCA.002325765.1.Bacteria.Proteobacteria	2959.72	0.0	1479.86
spe	1727	1726	3797.955	3785.015	3791.485
spe	1726	1094	3785.015	3721.555	3753.285
spe	1094	1093	3721.555	3558.68	3640.1175
hgt	None	dead	0.0	0.0	0.0
los	1093	1055	3558.68	3193.365	3376.0225
hgt	None	dead	0.0	0.0	0.0
los	None	dead	0.0	0.0	0.0
spe	92	70	2820.295	2306.48	2563.3875
spe	54	53	2132.505	1748.97	1940.7375
los	54	53	2132.505	1748.97	1940.7375
spe	48	GCA.003009755.1.Archaea.Thermoplasmatota	1954.89	0.0	977.445
los	48	GCA.003009755.1.Archaea.Thermoplasmatota	1954.89	0.0	977.445
spe	47	GCA.002495235.1.Archaea.Thermoplasmatota	1758.69	0.0	879.345
los	47	GCA.002495235.1.Archaea.Thermoplasmatota	1758.69	0.0	879.345
spe	69	68	2110.085	1880.675	1995.38
los	69	68	2110.085	1880.675	1995.38
spe	61	GCA.002497685.1.Archaea.Thermoplasmatota	1994.0	0.0	997.0
los	61	GCA.002497685.1.Archaea.Thermoplasmatota	1994.0	0.0	997.0
spe	61	60	1994.0	1729.97	1861.985
spe	59	GCA.002011395.1.Archaea.Thermoplasmatota	1444.935	0.0	722.4675
los	59	GCA.002011395.1.Archaea.Thermoplasmatota	1444.935	0.0	722.4675
hgt	178	177	3649.25	3486.475	3567.8625
spe	1092	1058	3391.895	2648.915	3020.405
los	1092	1058	3391.895	2648.915	3020.405
spe	1091	1090	3268.065	2959.12	3113.5925
los	1091	1090	3268.065	2959.12	3113.5925
spe	1091	1083	3268.065	3063.215	3165.64
spe	1083	1082	3063.215	2875.59	2969.4025
hgt	982	GCF.001535965.1.Bacteria.Bacteroidota	1930.625	0.0	965.3125
spe	1080	GCF.001547735.1.Bacteria.Thermosulfidibacterota	2598.745	0.0	1299.3725
los	1080	GCF.001547735.1.Bacteria.Thermosulfidibacterota	2598.745	0.0	1299.3725
spe	1079	GCF.000421485.1.Bacteria.Aquificota	2250.72	0.0	1125.36
los	1079	GCF.000421485.1.Bacteria.Aquificota	2250.72	0.0	1125.36
spe	1079	1078	2250.72	1978.035	2114.3775
spe	1078	1076	1978.035	1449.05	1713.5425
spe	1083	1071	3063.215	2820.66	2941.9375
spe	1070	GCA.002878375.1.Bacteria.Dictyoglomota	2498.69	0.0	1249.345
los	1070	GCA.002878375.1.Bacteria.Dictyoglomota	2498.69	0.0	1249.345
spe	1070	1069	2498.69	2077.72	2288.205
spe	1068	GCA.002428295.1.Bacteria.Caldisericota	1804.715	0.0	902.3575
los	1068	GCA.002428295.1.Bacteria.Caldisericota	1804.715	0.0	902.3575
hgt	1071	1063	2820.66	1808.72	2314.69
los	1071	1063	2820.66	1808.72	2314.69
spe	967	966	1840.425	1461.28	1650.8525
spe	965	964	1235.75	1085.5365	1160.64325
los	965	964	1235.75	1085.5365	1160.64325
spe	955	GCF.001280305.1.Bacteria.Bacteroidota	1094.6025	0.0	547.30125
los	955	GCF.001280305.1.Bacteria.Bacteroidota	1094.6025	0.0	547.30125
hgt	961	GCA.001769385.1.Bacteria.Bacteroidota	672.025	0.0	336.0125
hgt	None	dead	0.0	0.0	0.0
hgt	None	dead	0.0	0.0	0.0
los	None	dead	0.0	0.0	0.0
spe	123	113	2385.055	2111.275	2248.165
dup	178	177	3649.25	3486.475	3567.8625
spe	178	177	3649.25	3486.475	3567.8625
hgt	None	dead	0.0	0.0	0.0
los	177	176	3486.475	3232.565	3359.52
hgt	None	dead	0.0	0.0	0.0
los	None	dead	0.0	0.0	0.0
hgt	None	dead	0.0	0.0	0.0
dup	None	dead	0.0	0.0	0.0
hgt	None	dead	0.0	0.0	0.0
los	None	dead	0.0	0.0	0.0
spe	655	654	3023.71	2882.745	2953.2275
hgt	None	dead	0.0	0.0	0.0
hgt	None	dead	0.0	0.0	0.0
los	None	dead	0.0	0.0	0.0
spe	509	508	1417.44	1290.24	1353.84
spe	498	GCA.002731375.1.Bacteria.Proteobacteria	1143.1505	0.0	571.57525
los	498	GCA.002731375.1.Bacteria.Proteobacteria	1143.1505	0.0	571.57525
spe	508	507	1290.24	1064.673	1177.4565
spe	506	GCA.002480495.1.Bacteria.Proteobacteria	1020.1165	0.0	510.05825
los	506	GCA.002480495.1.Bacteria.Proteobacteria	1020.1165	0.0	510.05825
spe	507	503	1064.673	930.456	997.5645
hgt	503	501	930.456	746.3765	838.41625
los	503	501	930.456	746.3765	838.41625
hgt	None	dead	0.0	0.0	0.0
spe	654	653	2882.745	2568.17	2725.4575
spe	652	526	2398.805	2059.41	2229.1075
los	652	526	2398.805	2059.41	2229.1075
spe	652	651	2398.805	2255.845	2327.325
spe	533	532	2045.455	1641.495	1843.475
los	533	532	2045.455	1641.495	1843.475
spe	529	GCA.002420425.1.Bacteria.Proteobacteria	1818.925	0.0	909.4625
los	529	GCA.002420425.1.Bacteria.Proteobacteria	1818.925	0.0	909.4625
spe	651	650	2255.845	2166.365	2211.105
hgt	None	dead	0.0	0.0	0.0
los	650	536	2166.365	1887.95	2027.1575
hgt	None	dead	0.0	0.0	0.0
los	None	dead	0.0	0.0	0.0
dup	644	643	1683.9	1502.7	1593.3
spe	643	639	1502.7	1270.67	1386.685
los	643	639	1502.7	1270.67	1386.685
spe	642	GCA.001447805.1.Bacteria.Proteobacteria	1352.47	0.0	676.235
los	642	GCA.001447805.1.Bacteria.Proteobacteria	1352.47	0.0	676.235
spe	644	643	1683.9	1502.7	1593.3
spe	642	GCA.001464965.1.Bacteria.Proteobacteria	1352.47	0.0	676.235
los	642	GCA.001464965.1.Bacteria.Proteobacteria	1352.47	0.0	676.235
spe	643	639	1502.7	1270.67	1386.685
spe	649	543	2098.245	1931.665	2014.955
los	649	543	2098.245	1931.665	2014.955
spe	649	648	2098.245	2024.465	2061.355
spe	648	562	2024.465	1860.4	1942.4325
spe	561	560	1784.925	1588.3	1686.6125
los	561	560	1784.925	1588.3	1686.6125
spe	553	GCF.001641825.1.Bacteria.Proteobacteria	1630.725	0.0	815.3625
los	553	GCF.001641825.1.Bacteria.Proteobacteria	1630.725	0.0	815.3625
spe	552	GCF.001614315.2.Bacteria.Proteobacteria	1397.305	0.0	698.6525
los	552	GCF.001614315.2.Bacteria.Proteobacteria	1397.305	0.0	698.6525
spe	551	GCA.002699105.1.Bacteria.Bacteroidota	1101.556	0.0	550.778
los	551	GCA.002699105.1.Bacteria.Bacteroidota	1101.556	0.0	550.778
spe	562	546	1860.4	1496.095	1678.2475
hgt	546	GCA.002747435.1.Bacteria.Proteobacteria	1496.095	0.0	748.0475
los	546	GCA.002747435.1.Bacteria.Proteobacteria	1496.095	0.0	748.0475
hgt	634	GCF.001697225.1.Bacteria.Proteobacteria	1434.16	0.0	717.08
spe	648	647	2024.465	1945.285	1984.875
spe	571	565	1781.46	1495.725	1638.5925
los	571	565	1781.46	1495.725	1638.5925
spe	570	GCA.002255365.1.Bacteria.Proteobacteria	1624.36	0.0	812.18
los	570	GCA.002255365.1.Bacteria.Proteobacteria	1624.36	0.0	812.18
spe	570	568	1624.36	1463.05	1543.705
hgt	602	601	1587.075	1425.555	1506.315
spe	602	601	1587.075	1425.555	1506.315
spe	600	GCA.002007425.1.Bacteria.Proteobacteria	1212.31	0.0	606.155
los	600	GCA.002007425.1.Bacteria.Proteobacteria	1212.31	0.0	606.155
spe	598	GCA.002292285.1.Bacteria.Proteobacteria	904.2135	0.0	452.10675
los	598	GCA.002292285.1.Bacteria.Proteobacteria	904.2135	0.0	452.10675
spe	595	GCA.002389045.1.Bacteria.Proteobacteria	1214.005	0.0	607.0025
los	595	GCA.002389045.1.Bacteria.Proteobacteria	1214.005	0.0	607.0025
hgt	552	GCF.001614315.2.Bacteria.Proteobacteria	1397.305	0.0	698.6525
spe	647	646	1945.285	1897.835	1921.56
spe	588	587	1783.48	1406.63	1595.055
los	588	587	1783.48	1406.63	1595.055
spe	576	GCA.002432655.1.Bacteria.Proteobacteria	1633.525	0.0	816.7625
los	576	GCA.002432655.1.Bacteria.Proteobacteria	1633.525	0.0	816.7625
spe	574	GCF.000374645.1.Bacteria.Proteobacteria	1374.275	0.0	687.1375
los	574	GCF.000374645.1.Bacteria.Proteobacteria	1374.275	0.0	687.1375
spe	646	645	1897.835	1829.485	1863.66
spe	631	630	1750.855	1615.545	1683.2
los	631	630	1750.855	1615.545	1683.2
spe	631	603	1750.855	1669.485	1710.17
hgt	558	GCA.002386945.1.Bacteria.Proteobacteria	1422.015	0.0	711.0075
hgt	542	GCA.002352565.1.Bacteria.Proteobacteria	1750.015	0.0	875.0075
hgt	576	GCA.002432655.1.Bacteria.Proteobacteria	1633.525	0.0	816.7625
hgt	557	GCA.002728355.1.Bacteria.Proteobacteria	1194.24	0.0	597.12
hgt	542	GCA.002631715.1.Bacteria.Proteobacteria	1750.015	0.0	875.0075
dup	603	602	1669.485	1587.075	1628.28
spe	602	592	1587.075	1273.13	1430.1025
los	602	592	1587.075	1273.13	1430.1025
spe	602	601	1587.075	1425.555	1506.315
spe	600	GCA.002007425.1.Bacteria.Proteobacteria	1212.31	0.0	606.155
los	600	GCA.002007425.1.Bacteria.Proteobacteria	1212.31	0.0	606.155
spe	598	GCA.002170535.1.Bacteria.Proteobacteria	904.2135	0.0	452.10675
los	598	GCA.002170535.1.Bacteria.Proteobacteria	904.2135	0.0	452.10675
spe	595	GCA.002454015.1.Bacteria.Proteobacteria	1214.005	0.0	607.0025
los	595	GCA.002454015.1.Bacteria.Proteobacteria	1214.005	0.0	607.0025
spe	603	602	1669.485	1587.075	1628.28
spe	601	595	1425.555	1214.005	1319.78
los	601	595	1425.555	1214.005	1319.78
spe	600	598	1212.31	904.2135	1058.26175
los	600	598	1212.31	904.2135	1058.26175
spe	602	592	1587.075	1273.13	1430.1025
hgt	592	GCF.000024725.1.Bacteria.Proteobacteria	1273.13	0.0	636.565
los	592	GCF.000024725.1.Bacteria.Proteobacteria	1273.13	0.0	636.565
spe	645	644	1829.485	1683.9	1756.6925
hgt	644	643	1683.9	1502.7	1593.3
los	644	643	1683.9	1502.7	1593.3
spe	644	636	1683.9	1603.01	1643.455
spe	634	GCF.001697225.1.Bacteria.Proteobacteria	1434.16	0.0	717.08
los	634	GCF.001697225.1.Bacteria.Proteobacteria	1434.16	0.0	717.08
hgt	None	dead	0.0	0.0	0.0
los	None	dead	0.0	0.0	0.0
spe	647	571	1945.285	1781.46	1863.3725
spe	570	568	1624.36	1463.05	1543.705
los	570	568	1624.36	1463.05	1543.705
spe	571	565	1781.46	1495.725	1638.5925
hgt	565	GCF.000239355.1.Bacteria.Proteobacteria	1495.725	0.0	747.8625
los	565	GCF.000239355.1.Bacteria.Proteobacteria	1495.725	0.0	747.8625
spe	613	612	1345.44	1191.86	1268.65
spe	611	GCF.000284615.1.Bacteria.Proteobacteria	907.6015	0.0	453.80075
los	611	GCF.000284615.1.Bacteria.Proteobacteria	907.6015	0.0	453.80075
hgt	395	GCA.002402635.1.Bacteria.Deferribacterota	1520.715	0.0	760.3575
dup	565	GCF.002958735.1.Bacteria.Proteobacteria	1495.725	0.0	747.8625
spe	654	520	2882.745	2793.675	2838.21
spe	520	406	2793.675	2569.1	2681.3875
hgt	416	GCA.002938255.1.Bacteria.Proteobacteria	1500.62	0.0	750.31
hgt	532	GCA.002405475.1.Bacteria.Proteobacteria	1641.495	0.0	820.7475
hgt	406	GCF.002795805.1.Bacteria.Proteobacteria	2569.1	0.0	1284.55
los	406	GCF.002795805.1.Bacteria.Proteobacteria	2569.1	0.0	1284.55
spe	614	613	1464.595	1345.44	1405.0175
spe	612	GCF.003612015.1.Bacteria.Proteobacteria	1191.86	0.0	595.93
los	612	GCF.003612015.1.Bacteria.Proteobacteria	1191.86	0.0	595.93
spe	611	GCF.003052605.1.Bacteria.Proteobacteria	907.6015	0.0	453.80075
los	611	GCF.003052605.1.Bacteria.Proteobacteria	907.6015	0.0	453.80075
hgt	453	GCA.002457765.1.Bacteria.Proteobacteria	720.6325	0.0	360.31625
hgt	None	dead	0.0	0.0	0.0
los	520	519	2793.675	2628.48	2711.0775
hgt	None	dead	0.0	0.0	0.0
los	None	dead	0.0	0.0	0.0
spe	562	561	1860.4	1784.925	1822.6625
spe	553	552	1630.725	1397.305	1514.015
los	553	552	1630.725	1397.305	1514.015
spe	561	560	1784.925	1588.3	1686.6125
spe	558	GCA.002386945.1.Bacteria.Proteobacteria	1422.015	0.0	711.0075
los	558	GCA.002386945.1.Bacteria.Proteobacteria	1422.015	0.0	711.0075
spe	557	GCA.002728355.1.Bacteria.Proteobacteria	1194.24	0.0	597.12
los	557	GCA.002728355.1.Bacteria.Proteobacteria	1194.24	0.0	597.12
hgt	None	dead	0.0	0.0	0.0
los	None	dead	0.0	0.0	0.0
dup	515	514	2002.575	1851.4	1926.9875
hgt	None	dead	0.0	0.0	0.0
hgt	None	dead	0.0	0.0	0.0
los	None	dead	0.0	0.0	0.0
spe	509	495	1417.44	1152.21	1284.825
hgt	467	GCF.003258945.1.Bacteria.Proteobacteria	1108.71	0.0	554.355
hgt	None	dead	0.0	0.0	0.0
hgt	None	dead	0.0	0.0	0.0
los	None	dead	0.0	0.0	0.0
dup	515	514	2002.575	1851.4	1926.9875
spe	515	514	2002.575	1851.4	1926.9875
spe	514	436	1851.4	1731.205	1791.3025
spe	435	GCA.006969625.1.Bacteria.Proteobacteria	1539.415	0.0	769.7075
los	435	GCA.006969625.1.Bacteria.Proteobacteria	1539.415	0.0	769.7075
spe	434	GCA.002898275.1.Bacteria.Proteobacteria	1329.5	0.0	664.75
los	434	GCA.002898275.1.Bacteria.Proteobacteria	1329.5	0.0	664.75
dup	514	513	1851.4	1786.09	1818.745
spe	514	513	1851.4	1786.09	1818.745
spe	512	486	1671.055	1393.215	1532.135
los	512	486	1671.055	1393.215	1532.135
spe	511	510	1589.625	1517.685	1553.655
los	511	510	1589.625	1517.685	1553.655
spe	489	GCA.002701885.1.Bacteria.Proteobacteria	1225.83	0.0	612.915
los	489	GCA.002701885.1.Bacteria.Proteobacteria	1225.83	0.0	612.915
spe	513	483	1786.09	1736.705	1761.3975
spe	482	481	1642.38	1564.755	1603.5675
los	482	481	1642.38	1564.755	1603.5675
spe	458	GCA.002340345.1.Bacteria.Proteobacteria	1513.53	0.0	756.765
los	458	GCA.002340345.1.Bacteria.Proteobacteria	1513.53	0.0	756.765
spe	456	455	1329.135	974.476	1151.8055
los	456	455	1329.135	974.476	1151.8055
spe	483	447	1736.705	1590.07	1663.3875
hgt	None	dead	0.0	0.0	0.0
los	447	446	1590.07	1389.555	1489.8125
hgt	None	dead	0.0	0.0	0.0
los	None	dead	0.0	0.0	0.0
spe	439	GCF.001613805.1.Bacteria.Proteobacteria	1430.985	0.0	715.4925
los	439	GCF.001613805.1.Bacteria.Proteobacteria	1430.985	0.0	715.4925
spe	513	512	1786.09	1671.055	1728.5725
los	513	512	1786.09	1671.055	1728.5725
spe	513	483	1786.09	1736.705	1761.3975
spe	447	439	1590.07	1430.985	1510.5275
los	447	439	1590.07	1430.985	1510.5275
spe	446	GCA.002717185.1.Bacteria.Proteobacteria	1389.555	0.0	694.7775
los	446	GCA.002717185.1.Bacteria.Proteobacteria	1389.555	0.0	694.7775
spe	446	445	1389.555	1267.47	1328.5125
spe	445	444	1267.47	1089.937	1178.7035
hgt	444	GCA.002686135.1.Bacteria.Proteobacteria	1089.937	0.0	544.9685
los	444	GCA.002686135.1.Bacteria.Proteobacteria	1089.937	0.0	544.9685
spe	483	482	1736.705	1642.38	1689.5425
spe	482	481	1642.38	1564.755	1603.5675
hgt	None	dead	0.0	0.0	0.0
los	481	480	1564.755	1431.52	1498.1375
hgt	None	dead	0.0	0.0	0.0
los	None	dead	0.0	0.0	0.0
spe	469	463	1451.305	1313.945	1382.625
los	469	463	1451.305	1313.945	1382.625
spe	468	467	1270.185	1108.71	1189.4475
los	468	467	1270.185	1108.71	1189.4475
spe	482	458	1642.38	1513.53	1577.955
hgt	458	GCA.002340345.1.Bacteria.Proteobacteria	1513.53	0.0	756.765
los	458	GCA.002340345.1.Bacteria.Proteobacteria	1513.53	0.0	756.765
spe	456	GCF.002148795.1.Bacteria.Proteobacteria	1329.135	0.0	664.5675
los	456	GCF.002148795.1.Bacteria.Proteobacteria	1329.135	0.0	664.5675
spe	456	455	1329.135	974.476	1151.8055
spe	454	453	839.502	720.6325	780.06725
los	454	453	839.502	720.6325	780.06725
spe	515	514	2002.575	1851.4	1926.9875
spe	436	GCA.002722885.1.Bacteria.Proteobacteria	1731.205	0.0	865.6025
los	436	GCA.002722885.1.Bacteria.Proteobacteria	1731.205	0.0	865.6025
spe	435	GCA.006969625.1.Bacteria.Proteobacteria	1539.415	0.0	769.7075
los	435	GCA.006969625.1.Bacteria.Proteobacteria	1539.415	0.0	769.7075
spe	434	GCA.002238885.1.Bacteria.Proteobacteria	1329.5	0.0	664.75
los	434	GCA.002238885.1.Bacteria.Proteobacteria	1329.5	0.0	664.75
spe	513	512	1786.09	1671.055	1728.5725
los	513	512	1786.09	1671.055	1728.5725
spe	513	483	1786.09	1736.705	1761.3975
spe	447	439	1590.07	1430.985	1510.5275
los	447	439	1590.07	1430.985	1510.5275
spe	446	GCA.002717185.1.Bacteria.Proteobacteria	1389.555	0.0	694.7775
los	446	GCA.002717185.1.Bacteria.Proteobacteria	1389.555	0.0	694.7775
spe	445	GCA.002717225.1.Bacteria.Proteobacteria	1267.47	0.0	633.735
los	445	GCA.002717225.1.Bacteria.Proteobacteria	1267.47	0.0	633.735
spe	444	GCA.002348425.1.Bacteria.Proteobacteria	1089.937	0.0	544.9685
los	444	GCA.002348425.1.Bacteria.Proteobacteria	1089.937	0.0	544.9685
spe	482	458	1642.38	1513.53	1577.955
los	482	458	1642.38	1513.53	1577.955
spe	481	480	1564.755	1431.52	1498.1375
los	481	480	1564.755	1431.52	1498.1375
spe	469	468	1451.305	1270.185	1360.745
los	469	468	1451.305	1270.185	1360.745
spe	463	GCF.002251795.1.Bacteria.Proteobacteria	1313.945	0.0	656.9725
los	463	GCF.002251795.1.Bacteria.Proteobacteria	1313.945	0.0	656.9725
spe	463	462	1313.945	1065.146	1189.5455
spe	514	436	1851.4	1731.205	1791.3025
los	514	436	1851.4	1731.205	1791.3025
spe	514	513	1851.4	1786.09	1818.745
spe	483	482	1736.705	1642.38	1689.5425
los	483	482	1736.705	1642.38	1689.5425
spe	447	446	1590.07	1389.555	1489.8125
los	447	446	1590.07	1389.555	1489.8125
spe	439	GCA.002723345.1.Bacteria.Proteobacteria	1430.985	0.0	715.4925
los	439	GCA.002723345.1.Bacteria.Proteobacteria	1430.985	0.0	715.4925
spe	512	486	1671.055	1393.215	1532.135
los	512	486	1671.055	1393.215	1532.135
spe	511	489	1589.625	1225.83	1407.7275
los	511	489	1589.625	1225.83	1407.7275
spe	510	509	1517.685	1417.44	1467.5625
los	510	509	1517.685	1417.44	1467.5625
spe	510	492	1517.685	1247.39	1382.5375
hgt	463	GCF.002251795.1.Bacteria.Proteobacteria	1313.945	0.0	656.9725
hgt	None	dead	0.0	0.0	0.0
hgt	None	dead	0.0	0.0	0.0
los	None	dead	0.0	0.0	0.0
spe	177	95	3486.475	3251.76	3369.1175
spe	95	94	3251.76	3195.115	3223.4375
spe	42	GCA.002502135.1.Archaea.Undinarchaeota	2648.12	0.0	1324.06
los	42	GCA.002502135.1.Archaea.Undinarchaeota	2648.12	0.0	1324.06
hgt	None	dead	0.0	0.0	0.0
hgt	None	dead	0.0	0.0	0.0
los	None	dead	0.0	0.0	0.0
hgt	None	dead	0.0	0.0	0.0
hgt	None	dead	0.0	0.0	0.0
los	None	dead	0.0	0.0	0.0
hgt	None	dead	0.0	0.0	0.0
los	94	93	3195.115	2978.785	3086.95
hgt	None	dead	0.0	0.0	0.0
los	None	dead	0.0	0.0	0.0
spe	95	39	3251.76	2961.96	3106.86
spe	38	GCA.001515205.2.Archaea.Hadarchaeota	2493.245	0.0	1246.6225
los	38	GCA.001515205.2.Archaea.Hadarchaeota	2493.245	0.0	1246.6225
hgt	None	dead	0.0	0.0	0.0
los	39	35	2961.96	2647.665	2804.8125
hgt	None	dead	0.0	0.0	0.0
los	None	dead	0.0	0.0	0.0
spe	118	116	1963.41	1247.9685	1605.68925
hgt	None	dead	0.0	0.0	0.0
hgt	None	dead	0.0	0.0	0.0
los	None	dead	0.0	0.0	0.0
spe	178	177	3649.25	3486.475	3567.8625
spe	177	176	3486.475	3232.565	3359.52
spe	175	174	3094.86	2978.795	3036.8275
los	175	174	3094.86	2978.795	3036.8275
spe	143	GCA.001563325.1.Archaea.Asgardarchaeota	2506.355	0.0	1253.1775
los	143	GCA.001563325.1.Archaea.Asgardarchaeota	2506.355	0.0	1253.1775
spe	140	GCF.000019605.1.Archaea.Thermoproteota	3044.4	0.0	1522.2
los	140	GCF.000019605.1.Archaea.Thermoproteota	3044.4	0.0	1522.2
spe	139	109	2917.505	2602.795	2760.15
los	139	109	2917.505	2602.795	2760.15
spe	139	138	2917.505	2764.09	2840.7975
spe	124	GCA.002495485.1.Archaea.Thermoproteota	2515.505	0.0	1257.7525
los	124	GCA.002495485.1.Archaea.Thermoproteota	2515.505	0.0	1257.7525
spe	123	113	2385.055	2111.275	2248.165
los	123	113	2385.055	2111.275	2248.165
spe	122	118	2203.735	1963.41	2083.5725
los	122	118	2203.735	1963.41	2083.5725
spe	121	GCA.001775995.1.Archaea.Thermoproteota	1743.665	0.0	871.8325
los	121	GCA.001775995.1.Archaea.Thermoproteota	1743.665	0.0	871.8325
spe	137	GCA.002255045.1.Archaea.Thermoproteota	2491.115	0.0	1245.5575
los	137	GCA.002255045.1.Archaea.Thermoproteota	2491.115	0.0	1245.5575
dup	137	136	2491.115	2332.2	2411.6575
spe	136	GCA.000375685.1.Archaea.Thermoproteota	2332.2	0.0	1166.1
los	136	GCA.000375685.1.Archaea.Thermoproteota	2332.2	0.0	1166.1
spe	134	130	2080.28	1916.685	1998.4825
los	134	130	2080.28	1916.685	1998.4825
spe	133	GCA.000405685.1.Archaea.Thermoproteota	1814.08	0.0	907.04
los	133	GCA.000405685.1.Archaea.Thermoproteota	1814.08	0.0	907.04
spe	137	136	2491.115	2332.2	2411.6575
hgt	107	GCA.003019535.1.Archaea.Thermoproteota	1874.74	0.0	937.37
spe	134	133	2080.28	1814.08	1947.18
los	134	133	2080.28	1814.08	1947.18
spe	130	GCA.001510295.1.Archaea.Thermoproteota	1916.685	0.0	958.3425
los	130	GCA.001510295.1.Archaea.Thermoproteota	1916.685	0.0	958.3425
spe	130	128	1916.685	930.467	1423.576
spe	177	95	3486.475	3251.76	3369.1175
spe	39	35	2961.96	2647.665	2804.8125
los	39	35	2961.96	2647.665	2804.8125
spe	38	GCF.002214485.1.Archaea.Methanobacteriota.B	2493.245	0.0	1246.6225
los	38	GCF.002214485.1.Archaea.Methanobacteriota.B	2493.245	0.0	1246.6225
spe	94	42	3195.115	2648.12	2921.6175
los	94	42	3195.115	2648.12	2921.6175
spe	94	93	3195.115	2978.785	3086.95
spe	92	70	2820.295	2306.48	2563.3875
los	92	70	2820.295	2306.48	2563.3875
spe	92	91	2820.295	2456.155	2638.225
dup	91	90	2456.155	2213.885	2335.02
spe	90	74	2213.885	1964.425	2089.155
los	90	74	2213.885	1964.425	2089.155
spe	89	77	2018.03	1646.475	1832.2525
los	89	77	2018.03	1646.475	1832.2525
spe	89	88	2018.03	1850.095	1934.0625
spe	87	GCA.002256595.1.Archaea.Halobacteriota	1733.555	0.0	866.7775
los	87	GCA.002256595.1.Archaea.Halobacteriota	1733.555	0.0	866.7775
spe	86	GCA.001412335.1.Archaea.Halobacteriota	1547.845	0.0	773.9225
los	86	GCA.001412335.1.Archaea.Halobacteriota	1547.845	0.0	773.9225
spe	84	GCF.000011005.1.Archaea.Euryarchaeota	1360.205	0.0	680.1025
los	84	GCF.000011005.1.Archaea.Euryarchaeota	1360.205	0.0	680.1025
spe	88	80	1850.095	1577.665	1713.88
hgt	84	GCF.000011005.1.Archaea.Euryarchaeota	1360.205	0.0	680.1025
spe	91	90	2456.155	2213.885	2335.02
spe	89	88	2018.03	1850.095	1934.0625
los	89	88	2018.03	1850.095	1934.0625
spe	77	GCA.003194435.1.Archaea.Halobacteriota	1646.475	0.0	823.2375
los	77	GCA.003194435.1.Archaea.Halobacteriota	1646.475	0.0	823.2375
spe	74	GCF.000194625.1.Archaea.Halobacteriota	1964.425	0.0	982.2125
los	74	GCF.000194625.1.Archaea.Halobacteriota	1964.425	0.0	982.2125
hgt	29	GCA.001742785.1.Archaea.Altiarchaeota	2073.58	0.0	1036.79
hgt	None	dead	0.0	0.0	0.0
hgt	None	dead	0.0	0.0	0.0
los	None	dead	0.0	0.0	0.0
spe	769	768	1907.64	1764.5	1836.07
spe	767	GCA.002796325.1.Bacteria.UBA10199	1602.15	0.0	801.075
los	767	GCA.002796325.1.Bacteria.UBA10199	1602.15	0.0	801.075
spe	767	766	1602.15	1409.215	1505.6825
spe	1094	1048	3721.555	3560.57	3641.0625
spe	1047	365	3546.415	3289.67	3418.0425
los	1047	365	3546.415	3289.67	3418.0425
spe	1046	1045	3486.69	3272.33	3379.51
los	1046	1045	3486.69	3272.33	3379.51
spe	1046	902	3486.69	3388.51	3437.6
spe	390	GCA.002780065.1.Bacteria.UBA8481	3128.085	0.0	1564.0425
los	390	GCA.002780065.1.Bacteria.UBA8481	3128.085	0.0	1564.0425
spe	389	371	2749.555	2510.29	2629.9225
los	389	371	2749.555	2510.29	2629.9225
spe	389	388	2749.555	2535.365	2642.46
spe	387	383	2327.165	1910.295	2118.73
los	387	383	2327.165	1910.295	2118.73
spe	386	GCA.001829155.1.Bacteria.Spirochaetota	2009.02	0.0	1004.51
los	386	GCA.001829155.1.Bacteria.Spirochaetota	2009.02	0.0	1004.51
spe	376	GCA.002418835.1.Bacteria.Spirochaetota	2164.345	0.0	1082.1725
los	376	GCA.002418835.1.Bacteria.Spirochaetota	2164.345	0.0	1082.1725
spe	374	GCA.002730875.1.Bacteria.Spirochaetota	1675.86	0.0	837.93
los	374	GCA.002730875.1.Bacteria.Spirochaetota	1675.86	0.0	837.93
spe	902	901	3388.51	3298.045	3343.2775
hgt	None	dead	0.0	0.0	0.0
los	901	900	3298.045	3178.205	3238.125
hgt	None	dead	0.0	0.0	0.0
los	None	dead	0.0	0.0	0.0
spe	228	227	2386.9	2350.21	2368.555
spe	225	207	2110.18	1982.875	2046.5275
los	225	207	2110.18	1982.875	2046.5275
spe	224	223	2041.18	1939.68	1990.43
los	224	223	2041.18	1939.68	1990.43
spe	210	GCA.002779345.1.Bacteria.Omnitrophota	1758.02	0.0	879.01
los	210	GCA.002779345.1.Bacteria.Omnitrophota	1758.02	0.0	879.01
spe	901	663	3298.045	3209.65	3253.8475
spe	662	661	3137.46	3082.4	3109.93
los	662	661	3137.46	3082.4	3109.93
spe	400	GCA.002401295.1.Bacteria.SAR324	2394.165	0.0	1197.0825
los	400	GCA.002401295.1.Bacteria.SAR324	2394.165	0.0	1197.0825
hgt	None	dead	0.0	0.0	0.0
los	663	397	3209.65	3012.355	3111.0025
hgt	None	dead	0.0	0.0	0.0
los	None	dead	0.0	0.0	0.0
spe	278	262	3428.485	3190.66	3309.5725
los	278	262	3428.485	3190.66	3309.5725
spe	278	277	3428.485	3180.01	3304.2475
spe	267	265	2781.505	1973.575	2377.54
los	267	265	2781.505	1973.575	2377.54
spe	277	276	3180.01	3119.885	3149.9475
hgt	None	dead	0.0	0.0	0.0
los	276	275	3119.885	2878.805	2999.345
hgt	None	dead	0.0	0.0	0.0
los	None	dead	0.0	0.0	0.0
hgt	None	dead	0.0	0.0	0.0
hgt	None	dead	0.0	0.0	0.0
los	None	dead	0.0	0.0	0.0
hgt	None	dead	0.0	0.0	0.0
hgt	None	dead	0.0	0.0	0.0
spe	276	270	3119.885	2795.225	2957.555
hgt	None	dead	0.0	0.0	0.0
dup	None	dead	0.0	0.0	0.0
hgt	None	dead	0.0	0.0	0.0
los	None	dead	0.0	0.0	0.0
hgt	None	dead	0.0	0.0	0.0
los	None	dead	0.0	0.0	0.0
hgt	1720	1719	2606.555	2498.57	2552.5625
hgt	403	GCF.900177345.1.Bacteria.Proteobacteria	2523.57	0.0	1261.785
hgt	536	GCF.002940605.1.Bacteria.Proteobacteria	1887.95	0.0	943.975
spe	1720	1719	2606.555	2498.57	2552.5625
spe	1718	1704	2360.855	2247.23	2304.0425
los	1718	1704	2360.855	2247.23	2304.0425
spe	1717	1716	2145.98	1755.0	1950.49
los	1717	1716	2145.98	1755.0	1950.49
hgt	585	GCA.002338605.1.Bacteria.Proteobacteria	1098.223	0.0	549.1115
hgt	None	dead	0.0	0.0	0.0
los	None	dead	0.0	0.0	0.0
spe	581	579	1247.6	971.347	1109.4735
hgt	585	GCA.002688175.1.Bacteria.Proteobacteria	1098.223	0.0	549.1115
hgt	288	GCA.002323895.1.Bacteria.Verrucomicrobiota	1656.495	0.0	828.2475
hgt	None	dead	0.0	0.0	0.0
los	None	dead	0.0	0.0	0.0
spe	783	782	2471.955	2283.175	2377.565
spe	782	770	2283.175	2135.495	2209.335
hgt	770	GCA.002787535.1.Bacteria.Bdellovibrionota	2135.495	0.0	1067.7475
los	770	GCA.002787535.1.Bacteria.Bdellovibrionota	2135.495	0.0	1067.7475
spe	770	769	2135.495	1907.64	2021.5675
spe	768	GCA.001798715.1.Bacteria.UBA10199	1764.5	0.0	882.25
los	768	GCA.001798715.1.Bacteria.UBA10199	1764.5	0.0	882.25
spe	767	766	1602.15	1409.215	1505.6825
los	767	766	1602.15	1409.215	1505.6825
hgt	769	GCA.001798135.1.Bacteria.UBA10199	1907.64	0.0	953.82
los	769	GCA.001798135.1.Bacteria.UBA10199	1907.64	0.0	953.82
hgt	320	GCA.002746535.1.Bacteria.Planctomycetota	2256.89	0.0	1128.445
hgt	None	dead	0.0	0.0	0.0
hgt	None	dead	0.0	0.0	0.0
los	None	dead	0.0	0.0	0.0
spe	782	781	2283.175	2076.175	2179.675
spe	780	GCA.001769805.1.Bacteria.Bdellovibrionota	1805.89	0.0	902.945
los	780	GCA.001769805.1.Bacteria.Bdellovibrionota	1805.89	0.0	902.945
spe	778	GCA.002321895.1.Bacteria.Bdellovibrionota	1621.195	0.0	810.5975
los	778	GCA.002321895.1.Bacteria.Bdellovibrionota	1621.195	0.0	810.5975
spe	775	773	1870.575	1746.09	1808.3325
los	775	773	1870.575	1746.09	1808.3325
hgt	None	dead	0.0	0.0	0.0
hgt	None	dead	0.0	0.0	0.0
los	None	dead	0.0	0.0	0.0
dup	1726	1725	3785.015	3734.58	3759.7975
hgt	None	dead	0.0	0.0	0.0
hgt	None	dead	0.0	0.0	0.0
los	None	dead	0.0	0.0	0.0
hgt	None	dead	0.0	0.0	0.0
spe	1726	1725	3785.015	3734.58	3759.7975
spe	1393	1129	3594.23	3343.055	3468.6425
los	1393	1129	3594.23	3343.055	3468.6425
spe	1393	1392	3594.23	3486.295	3540.2625
spe	1391	1211	3193.865	2951.505	3072.685
los	1391	1211	3193.865	2951.505	3072.685
spe	1390	1218	3074.65	2879.54	2977.095
los	1390	1218	3074.65	2879.54	2977.095
spe	1389	1388	2995.16	2841.585	2918.3725
los	1389	1388	2995.16	2841.585	2918.3725
spe	1237	1221	2548.64	2065.095	2306.8675
los	1237	1221	2548.64	2065.095	2306.8675
spe	1236	1235	2380.34	2102.15	2241.245
los	1236	1235	2380.34	2102.15	2241.245
spe	1228	1227	2207.365	1969.33	2088.3475
los	1228	1227	2207.365	1969.33	2088.3475
spe	1188	GCA.002779205.1.Bacteria.Actinobacteriota	3139.205	0.0	1569.6025
los	1188	GCA.002779205.1.Bacteria.Actinobacteriota	3139.205	0.0	1569.6025
spe	1187	1133	3067.16	2467.96	2767.56
los	1187	1133	3067.16	2467.96	2767.56
spe	1186	1136	2936.225	2376.455	2656.34
los	1186	1136	2936.225	2376.455	2656.34
spe	1185	1184	2773.915	2619.05	2696.4825
los	1185	1184	2773.915	2619.05	2696.4825
dup	1185	1169	2773.915	2396.405	2585.16
spe	1169	1168	2396.405	2301.295	2348.85
los	1169	1168	2396.405	2301.295	2348.85
spe	1169	1145	2396.405	2028.235	2212.32
spe	1143	GCA.002352645.1.Bacteria.Actinobacteriota	1828.16	0.0	914.08
los	1143	GCA.002352645.1.Bacteria.Actinobacteriota	1828.16	0.0	914.08
spe	1143	1141	1828.16	1437.0	1632.58
spe	1140	GCA.003162395.1.Bacteria.Actinobacteriota	1211.153	0.0	605.5765
los	1140	GCA.003162395.1.Bacteria.Actinobacteriota	1211.153	0.0	605.5765
spe	1185	1169	2773.915	2396.405	2585.16
spe	1145	GCA.001767695.1.Bacteria.Actinobacteriota	2028.235	0.0	1014.1175
los	1145	GCA.001767695.1.Bacteria.Actinobacteriota	2028.235	0.0	1014.1175
spe	1143	1141	1828.16	1437.0	1632.58
los	1143	1141	1828.16	1437.0	1632.58
spe	1168	1148	2301.295	1851.865	2076.58
los	1168	1148	2301.295	1851.865	2076.58
spe	1168	1167	2301.295	2105.28	2203.2875
hgt	670	GCA.002898535.1.Bacteria.Acidobacteriota	2401.115	0.0	1200.5575
hgt	515	GCA.002632265.1.Bacteria.Proteobacteria	2002.575	0.0	1001.2875
hgt	None	dead	0.0	0.0	0.0
hgt	None	dead	0.0	0.0	0.0
los	None	dead	0.0	0.0	0.0
dup	1167	1166	2105.28	1472.335	1788.8075
spe	1166	GCF.004348535.1.Bacteria.Actinobacteriota	1472.335	0.0	736.1675
los	1166	GCF.004348535.1.Bacteria.Actinobacteriota	1472.335	0.0	736.1675
spe	1165	1155	1325.685	1195.766	1260.7255
los	1165	1155	1325.685	1195.766	1260.7255
spe	1164	1163	1172.8835	995.9815	1084.4325
los	1164	1163	1172.8835	995.9815	1084.4325
spe	1160	1158	1016.58	905.248	960.914
los	1160	1158	1016.58	905.248	960.914
spe	1167	1166	2105.28	1472.335	1788.8075
dup	1166	1165	1472.335	1325.685	1399.01
spe	1165	1164	1325.685	1172.8835	1249.28425
los	1165	1164	1325.685	1172.8835	1249.28425
spe	1155	1154	1195.766	907.0585	1051.41225
los	1155	1154	1195.766	907.0585	1051.41225
spe	1166	1165	1472.335	1325.685	1399.01
spe	1164	1160	1172.8835	1016.58	1094.73175
los	1164	1160	1172.8835	1016.58	1094.73175
spe	1163	GCA.001437855.1.Bacteria.Actinobacteriota	995.9815	0.0	497.99075
los	1163	GCA.001437855.1.Bacteria.Actinobacteriota	995.9815	0.0	497.99075
spe	1155	GCF.003443735.1.Bacteria.Actinobacteriota	1195.766	0.0	597.883
los	1155	GCF.003443735.1.Bacteria.Actinobacteriota	1195.766	0.0	597.883
spe	1155	1154	1195.766	907.0585	1051.41225
dup	1154	GCF.003047285.1.Bacteria.Actinobacteriota	907.0585	0.0	453.52925
hgt	352	GCA.002167285.1.Bacteria.Planctomycetota	1776.1	0.0	888.05
hgt	68	GCA.002495185.1.Archaea.Thermoplasmatota	1880.675	0.0	940.3375
hgt	1021	GCA.002686915.1.Bacteria.ARS69	2221.035	0.0	1110.5175
hgt	720	GCA.002347965.1.Bacteria.UBA2233	2336.65	0.0	1168.325
spe	1724	1723	3628.125	3473.32	3550.7225
los	1724	1723	3628.125	3473.32	3550.7225
spe	1642	1641	3541.065	3197.795	3369.43
los	1642	1641	3541.065	3197.795	3369.43
spe	1642	1478	3541.065	3264.47	3402.7675
spe	1477	1431	3024.12	2678.945	2851.5325
los	1477	1431	3024.12	2678.945	2851.5325
spe	1476	1454	2783.015	2214.935	2498.975
los	1476	1454	2783.015	2214.935	2498.975
spe	1475	1463	2647.025	2401.705	2524.365
los	1475	1463	2647.025	2401.705	2524.365
spe	1474	1473	2497.34	1423.81	1960.575
los	1474	1473	2497.34	1423.81	1960.575
spe	1470	1469	2147.93	1964.555	2056.2425
los	1470	1469	2147.93	1964.555	2056.2425
spe	1478	1396	3264.47	2089.7	2677.085
hgt	1396	GCA.003151665.1.Bacteria.Dormibacterota	2089.7	0.0	1044.85
los	1396	GCA.003151665.1.Bacteria.Dormibacterota	2089.7	0.0	1044.85
hgt	681	GCA.002712885.1.Bacteria.Acidobacteriota	1934.475	0.0	967.2375
hgt	None	dead	0.0	0.0	0.0
los	None	dead	0.0	0.0	0.0
spe	795	791	1569.94	1320.57	1445.255
spe	1726	1725	3785.015	3734.58	3759.7975
spe	1725	1393	3734.58	3594.23	3664.405
spe	1129	1128	3343.055	3162.27	3252.6625
los	1129	1128	3343.055	3162.27	3252.6625
spe	1101	GCA.002410925.1.Bacteria.UBP13	3191.295	0.0	1595.6475
los	1101	GCA.002410925.1.Bacteria.UBP13	3191.295	0.0	1595.6475
spe	1099	GCA.900313515.1.Bacteria.Eremiobacterota	2899.85	0.0	1449.925
los	1099	GCA.900313515.1.Bacteria.Eremiobacterota	2899.85	0.0	1449.925
spe	1098	GCA.003244105.1.Bacteria.Eremiobacterota	1723.505	0.0	861.7525
los	1098	GCA.003244105.1.Bacteria.Eremiobacterota	1723.505	0.0	861.7525
hgt	None	dead	0.0	0.0	0.0
los	1393	1392	3594.23	3486.295	3540.2625
hgt	None	dead	0.0	0.0	0.0
los	None	dead	0.0	0.0	0.0
spe	353	347	2183.07	2010.41	2096.74
hgt	711	GCA.001664505.1.Bacteria.Acidobacteriota	1902.735	0.0	951.3675
hgt	746	GCA.002238965.1.Bacteria.UBA8248	2036.715	0.0	1018.3575
hgt	321	GCA.003136555.1.Bacteria.Planctomycetota	2458.77	0.0	1229.385
spe	347	345	2010.41	1703.735	1857.0725
hgt	1020	GCA.001780165.1.Bacteria.Eisenbacteria	1634.295	0.0	817.1475
hgt	536	GCF.900111015.1.Bacteria.Proteobacteria	1887.95	0.0	943.975
hgt	1087	GCA.001778455.1.Bacteria.Bipolaricaulota	1326.12	0.0	663.06
hgt	345	GCA.002746235.1.Bacteria.Planctomycetota	1703.735	0.0	851.8675
los	345	GCA.002746235.1.Bacteria.Planctomycetota	1703.735	0.0	851.8675
spe	1725	1724	3734.58	3628.125	3681.3525
spe	1642	1641	3541.065	3197.795	3369.43
los	1642	1641	3541.065	3197.795	3369.43
spe	1478	1396	3264.47	2089.7	2677.085
los	1478	1396	3264.47	2089.7	2677.085
spe	1478	1477	3264.47	3024.12	3144.295
spe	1477	1476	3024.12	2783.015	2903.5675
spe	1476	1454	2783.015	2214.935	2498.975
spe	1453	1449	2115.485	1891.395	2003.44
los	1453	1449	2115.485	1891.395	2003.44
spe	1452	GCA.002423325.1.Bacteria.Chloroflexota	1623.74	0.0	811.87
los	1452	GCA.002423325.1.Bacteria.Chloroflexota	1623.74	0.0	811.87
spe	1446	1440	1960.08	1813.195	1886.6375
los	1446	1440	1960.08	1813.195	1886.6375
spe	1445	GCA.003130875.1.Bacteria.Chloroflexota	1742.485	0.0	871.2425
los	1445	GCA.003130875.1.Bacteria.Chloroflexota	1742.485	0.0	871.2425
spe	1444	GCA.003451595.1.Bacteria.Chloroflexota	1539.09	0.0	769.545
los	1444	GCA.003451595.1.Bacteria.Chloroflexota	1539.09	0.0	769.545
spe	1476	1475	2783.015	2647.025	2715.02
spe	1463	1457	2401.705	1966.385	2184.045
los	1463	1457	2401.705	1966.385	2184.045
spe	1463	1462	2401.705	2298.115	2349.91
spe	1462	1461	2298.115	1906.91	2102.5125
hgt	1461	GCA.002413265.1.Bacteria.Chloroflexota	1906.91	0.0	953.455
los	1461	GCA.002413265.1.Bacteria.Chloroflexota	1906.91	0.0	953.455
hgt	1032	GCA.002727195.1.Bacteria.Latescibacterota	1723.11	0.0	861.555
hgt	898	756	3008.34	2635.78	2822.06
spe	1474	1473	2497.34	1423.81	1960.575
los	1474	1473	2497.34	1423.81	1960.575
spe	1470	GCF.000025005.1.Bacteria.Chloroflexota	2147.93	0.0	1073.965
los	1470	GCF.000025005.1.Bacteria.Chloroflexota	2147.93	0.0	1073.965
spe	1469	1467	1964.555	1808.245	1886.4
los	1469	1467	1964.555	1808.245	1886.4
spe	898	756	3008.34	2635.78	2822.06
hgt	274	GCA.000406005.1.Bacteria.Poribacteria	2118.375	0.0	1059.1875
spe	756	754	2635.78	2364.085	2499.9325
hgt	None	dead	0.0	0.0	0.0
hgt	None	dead	0.0	0.0	0.0
los	None	dead	0.0	0.0	0.0
hgt	None	dead	0.0	0.0	0.0
los	754	753	2364.085	2099.055	2231.57
hgt	None	dead	0.0	0.0	0.0
los	None	dead	0.0	0.0	0.0
spe	754	746	2364.085	2036.715	2200.4
hgt	994	GCA.001304035.1.Bacteria.SM23.31	2080.615	0.0	1040.3075
hgt	77	GCA.003194435.1.Archaea.Halobacteriota	1646.475	0.0	823.2375
hgt	746	GCA.002238965.1.Bacteria.UBA8248	2036.715	0.0	1018.3575
los	746	GCA.002238965.1.Bacteria.UBA8248	2036.715	0.0	1018.3575
hgt	1399	GCA.002450835.1.Bacteria.Chloroflexota	1824.235	0.0	912.1175
spe	1477	1431	3024.12	2678.945	2851.5325
hgt	None	dead	0.0	0.0	0.0
hgt	None	dead	0.0	0.0	0.0
los	None	dead	0.0	0.0	0.0
hgt	308	290	2526.01	2118.335	2322.1725
hgt	None	dead	0.0	0.0	0.0
dup	None	dead	0.0	0.0	0.0
hgt	None	dead	0.0	0.0	0.0
los	None	dead	0.0	0.0	0.0
hgt	None	dead	0.0	0.0	0.0
los	None	dead	0.0	0.0	0.0
spe	334	332	1433.42	1016.322	1224.871
hgt	None	dead	0.0	0.0	0.0
hgt	None	dead	0.0	0.0	0.0
los	None	dead	0.0	0.0	0.0
hgt	None	dead	0.0	0.0	0.0
los	1431	1430	2678.945	2204.905	2441.925
hgt	None	dead	0.0	0.0	0.0
los	None	dead	0.0	0.0	0.0
spe	249	245	1808.655	1720.98	1764.8175
spe	241	GCA.002841695.1.Bacteria.Elusimicrobiota	1559.885	0.0	779.9425
los	241	GCA.002841695.1.Bacteria.Elusimicrobiota	1559.885	0.0	779.9425
spe	239	GCF.001027545.1.Bacteria.Elusimicrobiota	1457.025	0.0	728.5125
los	239	GCF.001027545.1.Bacteria.Elusimicrobiota	1457.025	0.0	728.5125
spe	244	GCA.001800095.1.Bacteria.Elusimicrobiota	1496.7	0.0	748.35
los	244	GCA.001800095.1.Bacteria.Elusimicrobiota	1496.7	0.0	748.35
hgt	None	dead	0.0	0.0	0.0
hgt	None	dead	0.0	0.0	0.0
los	None	dead	0.0	0.0	0.0
spe	308	290	2526.01	2118.335	2322.1725
spe	290	289	2118.335	1953.23	2035.7825
spe	288	GCA.002323895.1.Bacteria.Verrucomicrobiota	1656.495	0.0	828.2475
los	288	GCA.002323895.1.Bacteria.Verrucomicrobiota	1656.495	0.0	828.2475
hgt	289	GCA.002708005.1.Bacteria.Verrucomicrobiota	1953.23	0.0	976.615
los	289	GCA.002708005.1.Bacteria.Verrucomicrobiota	1953.23	0.0	976.615
spe	660	659	2563.03	1482.555	2022.7925
spe	284	GCA.003164675.1.Bacteria.Verrucomicrobiota	1761.175	0.0	880.5875
los	284	GCA.003164675.1.Bacteria.Verrucomicrobiota	1761.175	0.0	880.5875
spe	284	282	1761.175	1374.795	1567.985
hgt	328	GCF.002277955.1.Bacteria.Planctomycetota	1842.83	0.0	921.415
spe	1427	1426	2442.77	2247.125	2344.9475
los	1427	1426	2442.77	2247.125	2344.9475
dup	1427	1413	2442.77	2151.5	2297.135
spe	1427	1413	2442.77	2151.5	2297.135
spe	1399	GCA.002450835.1.Bacteria.Chloroflexota	1824.235	0.0	912.1175
los	1399	GCA.002450835.1.Bacteria.Chloroflexota	1824.235	0.0	912.1175
dup	1413	1412	2151.5	1912.54	2032.02
spe	1412	1408	1912.54	1849.35	1880.945
los	1412	1408	1912.54	1849.35	1880.945
spe	1411	GCA.002450515.1.Bacteria.Chloroflexota	1632.645	0.0	816.3225
los	1411	GCA.002450515.1.Bacteria.Chloroflexota	1632.645	0.0	816.3225
spe	1413	1412	2151.5	1912.54	2032.02
spe	1411	GCA.002717805.1.Bacteria.Chloroflexota	1632.645	0.0	816.3225
los	1411	GCA.002717805.1.Bacteria.Chloroflexota	1632.645	0.0	816.3225
spe	1408	1407	1849.35	1756.215	1802.7825
los	1408	1407	1849.35	1756.215	1802.7825
spe	1402	GCA.003228115.1.Bacteria.Chloroflexota	1732.845	0.0	866.4225
los	1402	GCA.003228115.1.Bacteria.Chloroflexota	1732.845	0.0	866.4225
spe	1413	1399	2151.5	1824.235	1987.8675
los	1413	1399	2151.5	1824.235	1987.8675
spe	1413	1412	2151.5	1912.54	2032.02
spe	1412	1411	1912.54	1632.645	1772.5925
hgt	1411	GCA.002717805.1.Bacteria.Chloroflexota	1632.645	0.0	816.3225
los	1411	GCA.002717805.1.Bacteria.Chloroflexota	1632.645	0.0	816.3225
dup	1412	1408	1912.54	1849.35	1880.945
spe	1408	1402	1849.35	1732.845	1791.0975
los	1408	1402	1849.35	1732.845	1791.0975
spe	1407	1406	1756.215	1650.16	1703.1875
los	1407	1406	1756.215	1650.16	1703.1875
spe	1412	1408	1912.54	1849.35	1880.945
spe	1407	GCA.002717565.1.Bacteria.Chloroflexota	1756.215	0.0	878.1075
los	1407	GCA.002717565.1.Bacteria.Chloroflexota	1756.215	0.0	878.1075
spe	1406	GCA.002710215.1.Bacteria.Chloroflexota	1650.16	0.0	825.08
los	1406	GCA.002710215.1.Bacteria.Chloroflexota	1650.16	0.0	825.08
spe	1402	GCA.002721445.1.Bacteria.Chloroflexota	1732.845	0.0	866.4225
los	1402	GCA.002721445.1.Bacteria.Chloroflexota	1732.845	0.0	866.4225
spe	1723	1657	3473.32	3302.405	3387.8625
los	1723	1657	3473.32	3302.405	3387.8625
spe	1722	1664	3258.43	2797.97	3028.2
los	1722	1664	3258.43	2797.97	3028.2
spe	1722	1721	3258.43	3170.865	3214.6475
spe	1721	1667	3170.865	2879.985	3025.425
hgt	816	GCA.002707085.1.Bacteria.Myxococcota.A	1355.92	0.0	677.96
hgt	169	168	1354.955	1286.485	1320.72
hgt	400	GCA.002401295.1.Bacteria.SAR324	2394.165	0.0	1197.0825
dup	169	168	1354.955	1286.485	1320.72
spe	169	168	1354.955	1286.485	1320.72
spe	167	GCA.000004985.1.Eukaryota.Heterolobosea	1104.9615	0.0	552.48075
los	167	GCA.000004985.1.Eukaryota.Heterolobosea	1104.9615	0.0	552.48075
spe	166	GCA.000209225.1.Eukaryota.Cnidaria	870.936	0.0	435.468
los	166	GCA.000209225.1.Eukaryota.Cnidaria	870.936	0.0	435.468
spe	165	GCA.000002865.1.Eukaryota.Choanoflagellata	603.2	0.0	301.6
los	165	GCA.000002865.1.Eukaryota.Choanoflagellata	603.2	0.0	301.6
spe	160	159	1191.64	1092.41	1142.025
los	160	159	1191.64	1092.41	1142.025
spe	169	168	1354.955	1286.485	1320.72
spe	160	GCA.015473125.1.Eukaryota.Viridiplantae	1191.64	0.0	595.82
los	160	GCA.015473125.1.Eukaryota.Viridiplantae	1191.64	0.0	595.82
spe	159	GCF.000091205.1.Eukaryota.Rhodophyta	1092.41	0.0	546.205
los	159	GCF.000091205.1.Eukaryota.Rhodophyta	1092.41	0.0	546.205
spe	167	GCA.000004985.1.Eukaryota.Heterolobosea	1104.9615	0.0	552.48075
los	167	GCA.000004985.1.Eukaryota.Heterolobosea	1104.9615	0.0	552.48075
spe	167	166	1104.9615	870.936	987.94875
spe	165	GCA.000188695.1.Eukaryota.Choanoflagellata	603.2	0.0	301.6
los	165	GCA.000188695.1.Eukaryota.Choanoflagellata	603.2	0.0	301.6
dup	166	GCA.000209225.1.Eukaryota.Cnidaria	870.936	0.0	435.468
hgt	None	dead	0.0	0.0	0.0
dup	None	dead	0.0	0.0	0.0
hgt	None	dead	0.0	0.0	0.0
los	None	dead	0.0	0.0	0.0
hgt	None	dead	0.0	0.0	0.0
los	None	dead	0.0	0.0	0.0
hgt	None	dead	0.0	0.0	0.0
dup	None	dead	0.0	0.0	0.0
hgt	None	dead	0.0	0.0	0.0
los	None	dead	0.0	0.0	0.0
hgt	None	dead	0.0	0.0	0.0
los	None	dead	0.0	0.0	0.0
hgt	1667	GCA.003503675.1.Bacteria.Cyanobacteria	2879.985	0.0	1439.9925
los	1667	GCA.003503675.1.Bacteria.Cyanobacteria	2879.985	0.0	1439.9925
spe	1475	1463	2647.025	2401.705	2524.365
spe	1463	1462	2401.705	2298.115	2349.91
hgt	1462	GCA.002436065.1.Bacteria.Chloroflexota	2298.115	0.0	1149.0575
los	1462	GCA.002436065.1.Bacteria.Chloroflexota	2298.115	0.0	1149.0575
spe	1462	1461	2298.115	1906.91	2102.5125
hgt	1461	GCA.002347925.1.Bacteria.Chloroflexota	1906.91	0.0	953.455
los	1461	GCA.002347925.1.Bacteria.Chloroflexota	1906.91	0.0	953.455
hgt	1113	1109	2606.93	2159.355	2383.1425
spe	1457	GCA.002404055.1.Bacteria.Chloroflexota	1966.385	0.0	983.1925
los	1457	GCA.002404055.1.Bacteria.Chloroflexota	1966.385	0.0	983.1925
hgt	None	dead	0.0	0.0	0.0
hgt	None	dead	0.0	0.0	0.0
los	None	dead	0.0	0.0	0.0
spe	1113	1109	2606.93	2159.355	2383.1425
spe	1109	1108	2159.355	1806.035	1982.695
spe	1106	GCF.000427095.1.Bacteria.Armatimonadota	1668.05	0.0	834.025
los	1106	GCF.000427095.1.Bacteria.Armatimonadota	1668.05	0.0	834.025
hgt	1108	GCA.002431715.1.Bacteria.Armatimonadota	1806.035	0.0	903.0175
los	1108	GCA.002431715.1.Bacteria.Armatimonadota	1806.035	0.0	903.0175
hgt	None	dead	0.0	0.0	0.0
hgt	None	dead	0.0	0.0	0.0
los	None	dead	0.0	0.0	0.0
spe	327	326	1542.255	1215.9915	1379.12325
spe	1721	1720	3170.865	2606.555	2888.71
spe	1719	GCF.000013205.1.Bacteria.Cyanobacteria	2498.57	0.0	1249.285
los	1719	GCF.000013205.1.Bacteria.Cyanobacteria	2498.57	0.0	1249.285
spe	1718	1717	2360.855	2145.98	2253.4175
los	1718	1717	2360.855	2145.98	2253.4175
spe	1718	1704	2360.855	2247.23	2304.0425
spe	1672	GCF.000015965.1.Bacteria.Cyanobacteria	2002.185	0.0	1001.0925
los	1672	GCF.000015965.1.Bacteria.Cyanobacteria	2002.185	0.0	1001.0925
dup	1704	1703	2247.23	2155.655	2201.4425
spe	1704	1703	2247.23	2155.655	2201.4425
spe	1679	GCF.000473895.1.Bacteria.Cyanobacteria	1829.33	0.0	914.665
los	1679	GCF.000473895.1.Bacteria.Cyanobacteria	1829.33	0.0	914.665
spe	1678	1676	892.4805	250.8965	571.6885
los	1678	1676	892.4805	250.8965	571.6885
spe	1702	GCF.003838225.1.Bacteria.Cyanobacteria	2083.6	0.0	1041.8
los	1702	GCF.003838225.1.Bacteria.Cyanobacteria	2083.6	0.0	1041.8
spe	1701	1700	2042.11	1961.585	2001.8475
los	1701	1700	2042.11	1961.585	2001.8475
spe	1685	GCF.000018105.1.Bacteria.Cyanobacteria	1873.315	0.0	936.6575
los	1685	GCF.000018105.1.Bacteria.Cyanobacteria	1873.315	0.0	936.6575
spe	1684	GCF.000316115.1.Bacteria.Cyanobacteria	1661.66	0.0	830.83
los	1684	GCF.000316115.1.Bacteria.Cyanobacteria	1661.66	0.0	830.83
spe	1704	1703	2247.23	2155.655	2201.4425
spe	1679	1678	1829.33	892.4805	1360.90525
los	1679	1678	1829.33	892.4805	1360.90525
dup	1703	1702	2155.655	2083.6	2119.6275
spe	1703	1702	2155.655	2083.6	2119.6275
dup	1702	1701	2083.6	2042.11	2062.855
spe	1701	1685	2042.11	1873.315	1957.7125
los	1701	1685	2042.11	1873.315	1957.7125
spe	1700	1699	1961.585	1903.88	1932.7325
los	1700	1699	1961.585	1903.88	1932.7325
spe	1700	1688	1961.585	1636.375	1798.98
spe	1702	1701	2083.6	2042.11	2062.855
spe	1685	GCF.000018105.1.Bacteria.Cyanobacteria	1873.315	0.0	936.6575
los	1685	GCF.000018105.1.Bacteria.Cyanobacteria	1873.315	0.0	936.6575
spe	1684	GCA.001698445.1.Bacteria.Cyanobacteria	1661.66	0.0	830.83
los	1684	GCA.001698445.1.Bacteria.Cyanobacteria	1661.66	0.0	830.83
spe	1700	1688	1961.585	1636.375	1798.98
los	1700	1688	1961.585	1636.375	1798.98
spe	1699	1698	1903.88	1614.145	1759.0125
los	1699	1698	1903.88	1614.145	1759.0125
spe	1702	GCF.003838225.1.Bacteria.Cyanobacteria	2083.6	0.0	1041.8
los	1702	GCF.003838225.1.Bacteria.Cyanobacteria	2083.6	0.0	1041.8
spe	1702	1701	2083.6	2042.11	2062.855
spe	1685	1684	1873.315	1661.66	1767.4875
los	1685	1684	1873.315	1661.66	1767.4875
spe	1700	1688	1961.585	1636.375	1798.98
los	1700	1688	1961.585	1636.375	1798.98
spe	1699	GCF.000317045.1.Bacteria.Cyanobacteria	1903.88	0.0	951.94
los	1699	GCF.000317045.1.Bacteria.Cyanobacteria	1903.88	0.0	951.94
spe	1698	1692	1614.145	178.9818	896.5634
los	1698	1692	1614.145	178.9818	896.5634
spe	1698	1697	1614.145	1294.515	1454.33
spe	1697	1695	1294.515	878.0175	1086.26625
hgt	832	GCA.002696345.1.Bacteria.Myxococcota	1622.625	0.0	811.3125
