event	left_node	right_node	left_date	right_date	midpoint_date
dup	1393	1392	3594.23	3486.295	3540.2625
spe	1393	1392	3594.23	3486.295	3540.2625
spe	1391	1211	3193.865	2951.505	3072.685
los	1391	1211	3193.865	2951.505	3072.685
spe	1391	1390	3193.865	3074.65	3134.2575
spe	1389	1388	2995.16	2841.585	2918.3725
los	1389	1388	2995.16	2841.585	2918.3725
spe	1237	1236	2548.64	2380.34	2464.49
los	1237	1236	2548.64	2380.34	2464.49
spe	1221	GCA.002375895.1.Bacteria.Firmicutes.E	2065.095	0.0	1032.5475
los	1221	GCA.002375895.1.Bacteria.Firmicutes.E	2065.095	0.0	1032.5475
spe	1218	GCA.001513125.1.Bacteria.DTU030	2879.54	0.0	1439.77
los	1218	GCA.001513125.1.Bacteria.DTU030	2879.54	0.0	1439.77
spe	1216	1215	2264.52	1572.11	1918.315
los	1216	1215	2264.52	1572.11	1918.315
spe	1392	1188	3486.295	3139.205	3312.75
hgt	1233	GCA.002291985.1.Bacteria.Firmicutes.E	1501.49	0.0	750.745
spe	1188	1187	3139.205	3067.16	3103.1825
spe	1133	GCA.002366545.1.Bacteria.Actinobacteriota	2467.96	0.0	1233.98
los	1133	GCA.002366545.1.Bacteria.Actinobacteriota	2467.96	0.0	1233.98
hgt	1477	1476	3024.12	2783.015	2903.5675
spe	1187	1186	3067.16	2936.225	3001.6925
spe	1185	1169	2773.915	2396.405	2585.16
los	1185	1169	2773.915	2396.405	2585.16
spe	1184	1183	2619.05	2026.845	2322.9475
los	1184	1183	2619.05	2026.845	2322.9475
spe	1180	GCF.001029505.1.Bacteria.Actinobacteriota	2187.185	0.0	1093.5925
los	1180	GCF.001029505.1.Bacteria.Actinobacteriota	2187.185	0.0	1093.5925
spe	1179	1178	1862.535	1673.74	1768.1375
los	1179	1178	1862.535	1673.74	1768.1375
spe	1173	GCA.002897715.1.Bacteria.Actinobacteriota	1615.325	0.0	807.6625
los	1173	GCA.002897715.1.Bacteria.Actinobacteriota	1615.325	0.0	807.6625
dup	1186	1136	2936.225	2376.455	2656.34
spe	1136	GCA.003157385.1.Bacteria.Actinobacteriota	2376.455	0.0	1188.2275
los	1136	GCA.003157385.1.Bacteria.Actinobacteriota	2376.455	0.0	1188.2275
dup	1186	1136	2936.225	2376.455	2656.34
spe	1136	GCA.003157385.1.Bacteria.Actinobacteriota	2376.455	0.0	1188.2275
los	1136	GCA.003157385.1.Bacteria.Actinobacteriota	2376.455	0.0	1188.2275
spe	1186	1136	2936.225	2376.455	2656.34
hgt	None	dead	0.0	0.0	0.0
spe	1477	1476	3024.12	2783.015	2903.5675
spe	1476	1454	2783.015	2214.935	2498.975
hgt	1454	1453	2214.935	2115.485	2165.21
los	1454	1453	2214.935	2115.485	2165.21
spe	742	741	2707.335	2099.065	2403.2
hgt	1430	GCA.002239025.1.Bacteria.Chloroflexota	2204.905	0.0	1102.4525
hgt	924	GCA.003221825.1.Bacteria.Gemmatimonadota	1862.1	0.0	931.05
hgt	1163	GCF.000384115.1.Bacteria.Actinobacteriota	995.9815	0.0	497.99075
spe	1454	1446	2214.935	1960.08	2087.5075
spe	1440	1439	1813.195	1555.635	1684.415
los	1440	1439	1813.195	1555.635	1684.415
spe	1446	1445	1960.08	1742.485	1851.2825
hgt	1445	1444	1742.485	1539.09	1640.7875
los	1445	1444	1742.485	1539.09	1640.7875
hgt	1667	GCA.003503675.1.Bacteria.Cyanobacteria	2879.985	0.0	1439.9925
hgt	None	dead	0.0	0.0	0.0
dup	None	dead	0.0	0.0	0.0
hgt	None	dead	0.0	0.0	0.0
los	None	dead	0.0	0.0	0.0
dup	None	dead	0.0	0.0	0.0
hgt	None	dead	0.0	0.0	0.0
los	None	dead	0.0	0.0	0.0
hgt	None	dead	0.0	0.0	0.0
los	None	dead	0.0	0.0	0.0
spe	888	887	2515.76	2332.115	2423.9375
spe	887	886	2332.115	2067.29	2199.7025
hgt	None	dead	0.0	0.0	0.0
los	886	874	2067.29	1965.97	2016.63
hgt	None	dead	0.0	0.0	0.0
los	None	dead	0.0	0.0	0.0
spe	885	884	1945.59	1824.105	1884.8475
los	885	884	1945.59	1824.105	1884.8475
spe	877	GCF.000620765.1.Bacteria.Desulfobacterota.I	1826.365	0.0	913.1825
los	877	GCF.000620765.1.Bacteria.Desulfobacterota.I	1826.365	0.0	913.1825
spe	887	863	2332.115	2111.78	2221.9475
dup	863	862	2111.78	1779.145	1945.4625
spe	862	GCA.002782605.1.Bacteria.Desulfobacterota	1779.145	0.0	889.5725
los	862	GCA.002782605.1.Bacteria.Desulfobacterota	1779.145	0.0	889.5725
spe	861	GCA.002327985.1.Bacteria.Desulfobacterota	1645.455	0.0	822.7275
los	861	GCA.002327985.1.Bacteria.Desulfobacterota	1645.455	0.0	822.7275
spe	863	862	2111.78	1779.145	1945.4625
spe	861	GCA.001304105.1.Bacteria.Desulfobacterota	1645.455	0.0	822.7275
los	861	GCA.001304105.1.Bacteria.Desulfobacterota	1645.455	0.0	822.7275
spe	863	857	2111.78	1980.505	2046.1425
hgt	801	GCA.002328485.1.Bacteria.Desulfobacterota.G	2073.125	0.0	1036.5625
hgt	883	GCA.000961655.1.Bacteria.Desulfobacterota	1441.77	0.0	720.885
hgt	857	GCA.002010915.1.Bacteria.Desulfobacterota	1980.505	0.0	990.2525
los	857	GCA.002010915.1.Bacteria.Desulfobacterota	1980.505	0.0	990.2525
spe	1476	1475	2783.015	2647.025	2715.02
spe	1463	1457	2401.705	1966.385	2184.045
los	1463	1457	2401.705	1966.385	2184.045
spe	1462	1461	2298.115	1906.91	2102.5125
los	1462	1461	2298.115	1906.91	2102.5125
hgt	1387	1327	2774.13	2643.35	2708.74
spe	1474	1473	2497.34	1423.81	1960.575
los	1474	1473	2497.34	1423.81	1960.575
spe	1470	1469	2147.93	1964.555	2056.2425
los	1470	1469	2147.93	1964.555	2056.2425
spe	1387	1327	2774.13	2643.35	2708.74
spe	1289	GCA.002345475.1.Bacteria.Firmicutes.H	2319.605	0.0	1159.8025
los	1289	GCA.002345475.1.Bacteria.Firmicutes.H	2319.605	0.0	1159.8025
spe	1289	1288	2319.605	1737.805	2028.705
spe	1288	1287	1737.805	1455.455	1596.63
hgt	1287	GCA.002329525.1.Bacteria.Firmicutes.C	1455.455	0.0	727.7275
los	1287	GCA.002329525.1.Bacteria.Firmicutes.C	1455.455	0.0	727.7275
spe	1285	1284	1344.265	1051.609	1197.937
los	1285	1284	1344.265	1051.609	1197.937
spe	1281	1280	1116.4885	953.42	1034.95425
los	1281	1280	1116.4885	953.42	1034.95425
hgt	1697	Fischerella.muscicola.CCMEE5323	1294.515	0.0	647.2575
hgt	1280	GCF.000430605.1.Bacteria.Firmicutes.C	953.42	0.0	476.71
dup	1327	1326	2643.35	2448.67	2546.01
spe	1326	1292	2448.67	1962.37	2205.52
los	1326	1292	2448.67	1962.37	2205.52
spe	1326	1325	2448.67	2256.125	2352.3975
spe	1297	1296	1985.275	1805.085	1895.18
los	1297	1296	1985.275	1805.085	1895.18
spe	1324	1308	2152.01	1925.235	2038.6225
los	1324	1308	2152.01	1925.235	2038.6225
spe	1323	1322	2061.88	1700.81	1881.345
los	1323	1322	2061.88	1700.81	1881.345
spe	1323	1319	2061.88	1933.46	1997.67
spe	1318	1317	1818.985	1219.28	1519.1325
los	1318	1317	1818.985	1219.28	1519.1325
spe	1312	GCF.000019165.1.Bacteria.Firmicutes.B	1521.75	0.0	760.875
los	1312	GCF.000019165.1.Bacteria.Firmicutes.B	1521.75	0.0	760.875
hgt	1338	GCF.002335525.1.Bacteria.Firmicutes	1618.77	0.0	809.385
spe	1327	1326	2643.35	2448.67	2546.01
spe	1326	1292	2448.67	1962.37	2205.52
hgt	1292	GCF.000024605.1.Bacteria.Firmicutes.B	1962.37	0.0	981.185
los	1292	GCF.000024605.1.Bacteria.Firmicutes.B	1962.37	0.0	981.185
hgt	1227	GCA.003242675.1.Bacteria.Firmicutes.E	1969.33	0.0	984.665
hgt	1136	GCA.001768645.1.Bacteria.Actinobacteriota	2376.455	0.0	1188.2275
dup	1326	1325	2448.67	2256.125	2352.3975
spe	1326	1325	2448.67	2256.125	2352.3975
hgt	1274	1240	2600.015	2224.995	2412.505
spe	1324	1323	2152.01	2061.88	2106.945
los	1324	1323	2152.01	2061.88	2106.945
spe	1308	1300	1925.235	1565.1	1745.1675
los	1308	1300	1925.235	1565.1	1745.1675
spe	1307	GCA.000987045.1.Bacteria.Firmicutes.B	1703.5	0.0	851.75
los	1307	GCA.000987045.1.Bacteria.Firmicutes.B	1703.5	0.0	851.75
spe	1305	1304	1518.03	1212.67	1365.35
los	1305	1304	1518.03	1212.67	1365.35
spe	1274	1240	2600.015	2224.995	2412.505
spe	1297	GCA.002329495.1.Bacteria.Firmicutes.B	1985.275	0.0	992.6375
los	1297	GCA.002329495.1.Bacteria.Firmicutes.B	1985.275	0.0	992.6375
spe	1297	1296	1985.275	1805.085	1895.18
dup	1326	1325	2448.67	2256.125	2352.3975
spe	1325	1297	2256.125	1985.275	2120.7
los	1325	1297	2256.125	1985.275	2120.7
spe	1324	1323	2152.01	2061.88	2106.945
los	1324	1323	2152.01	2061.88	2106.945
spe	1308	1300	1925.235	1565.1	1745.1675
los	1308	1300	1925.235	1565.1	1745.1675
spe	1307	1305	1703.5	1518.03	1610.765
los	1307	1305	1703.5	1518.03	1610.765
hgt	1210	1209	2781.0	2390.265	2585.6325
spe	1325	1297	2256.125	1985.275	2120.7
los	1325	1297	2256.125	1985.275	2120.7
spe	1324	1323	2152.01	2061.88	2106.945
los	1324	1323	2152.01	2061.88	2106.945
spe	1324	1308	2152.01	1925.235	2038.6225
spe	1307	GCA.000987045.1.Bacteria.Firmicutes.B	1703.5	0.0	851.75
los	1307	GCA.000987045.1.Bacteria.Firmicutes.B	1703.5	0.0	851.75
spe	1305	GCF.002207765.1.Bacteria.Firmicutes.B	1518.03	0.0	759.015
los	1305	GCF.002207765.1.Bacteria.Firmicutes.B	1518.03	0.0	759.015
spe	1304	GCA.001508005.1.Bacteria.Firmicutes.B	1212.67	0.0	606.335
los	1304	GCA.001508005.1.Bacteria.Firmicutes.B	1212.67	0.0	606.335
hgt	1203	GCA.002399265.1.Bacteria.Firmicutes.G	1946.15	0.0	973.075
hgt	None	dead	0.0	0.0	0.0
hgt	None	dead	0.0	0.0	0.0
los	None	dead	0.0	0.0	0.0
spe	1308	1300	1925.235	1565.1	1745.1675
hgt	1380	GCF.001049895.1.Bacteria.Firmicutes	1588.96	0.0	794.48
spe	1210	1209	2781.0	2390.265	2585.6325
spe	1208	GCA.900016865.1.Bacteria.Firmicutes.G	2182.765	0.0	1091.3825
los	1208	GCA.900016865.1.Bacteria.Firmicutes.G	2182.765	0.0	1091.3825
dup	None	dead	0.0	0.0	0.0
hgt	None	dead	0.0	0.0	0.0
los	None	dead	0.0	0.0	0.0
hgt	None	dead	0.0	0.0	0.0
los	None	dead	0.0	0.0	0.0
spe	1393	1392	3594.23	3486.295	3540.2625
hgt	None	dead	0.0	0.0	0.0
hgt	None	dead	0.0	0.0	0.0
los	None	dead	0.0	0.0	0.0
spe	1381	1351	1697.085	1602.01	1649.5475
spe	1347	GCF.900099895.1.Bacteria.Firmicutes	1294.365	0.0	647.1825
los	1347	GCF.900099895.1.Bacteria.Firmicutes	1294.365	0.0	647.1825
spe	1350	GCF.000942395.1.Bacteria.Firmicutes	1409.0	0.0	704.5
los	1350	GCF.000942395.1.Bacteria.Firmicutes	1409.0	0.0	704.5
spe	1392	1391	3486.295	3193.865	3340.08
hgt	278	262	3428.485	3190.66	3309.5725
spe	1391	1211	3193.865	2951.505	3072.685
hgt	None	dead	0.0	0.0	0.0
los	1211	1210	2951.505	2781.0	2866.2525
hgt	None	dead	0.0	0.0	0.0
los	None	dead	0.0	0.0	0.0
spe	1199	1198	2662.26	2386.815	2524.5375
los	1199	1198	2662.26	2386.815	2524.5375
spe	1191	GCA.002399235.1.Bacteria.Firmicutes.G	2225.115	0.0	1112.5575
los	1191	GCA.002399235.1.Bacteria.Firmicutes.G	2225.115	0.0	1112.5575
dup	1191	GCA.002408345.1.Bacteria.Firmicutes.G	2225.115	0.0	1112.5575
hgt	None	dead	0.0	0.0	0.0
hgt	None	dead	0.0	0.0	0.0
los	None	dead	0.0	0.0	0.0
dup	899	898	3077.265	3008.34	3042.8025
spe	898	756	3008.34	2635.78	2822.06
los	898	756	3008.34	2635.78	2822.06
spe	898	897	3008.34	2922.2	2965.27
spe	889	843	2701.575	2593.715	2647.645
los	889	843	2701.575	2593.715	2647.645
spe	888	887	2515.76	2332.115	2423.9375
los	888	887	2515.76	2332.115	2423.9375
spe	854	853	2344.965	2065.005	2204.985
los	854	853	2344.965	2065.005	2204.985
spe	850	846	2301.83	2027.01	2164.42
los	850	846	2301.83	2027.01	2164.42
spe	849	GCA.001896555.1.Bacteria.Desulfobacterota	1938.415	0.0	969.2075
los	849	GCA.001896555.1.Bacteria.Desulfobacterota	1938.415	0.0	969.2075
spe	897	896	2922.2	2689.39	2805.795
spe	895	GCA.002897695.1.Bacteria.BMS3Abin14	2233.715	0.0	1116.8575
los	895	GCA.002897695.1.Bacteria.BMS3Abin14	2233.715	0.0	1116.8575
hgt	None	dead	0.0	0.0	0.0
hgt	None	dead	0.0	0.0	0.0
los	None	dead	0.0	0.0	0.0
hgt	896	892	2689.39	2160.3	2424.845
los	896	892	2689.39	2160.3	2424.845
dup	899	898	3077.265	3008.34	3042.8025
spe	899	898	3077.265	3008.34	3042.8025
spe	756	GCA.001790645.1.Bacteria.Schekmanbacteria	2635.78	0.0	1317.89
los	756	GCA.001790645.1.Bacteria.Schekmanbacteria	2635.78	0.0	1317.89
spe	754	753	2364.085	2099.055	2231.57
los	754	753	2364.085	2099.055	2231.57
spe	754	746	2364.085	2036.715	2200.4
hgt	359	GCA.001302825.1.Bacteria.Planctomycetota	1876.535	0.0	938.2675
hgt	668	GCA.001775755.1.Bacteria.Acidobacteriota	1575.265	0.0	787.6325
hgt	895	GCA.002897695.1.Bacteria.BMS3Abin14	2233.715	0.0	1116.8575
hgt	1116	GCA.002435745.1.Bacteria.UBP15	2382.81	0.0	1191.405
hgt	603	602	1669.485	1587.075	1628.28
spe	603	602	1669.485	1587.075	1628.28
spe	601	600	1425.555	1212.31	1318.9325
los	601	600	1425.555	1212.31	1318.9325
spe	595	GCA.002454015.1.Bacteria.Proteobacteria	1214.005	0.0	607.0025
los	595	GCA.002454015.1.Bacteria.Proteobacteria	1214.005	0.0	607.0025
spe	592	GCF.000024725.1.Bacteria.Proteobacteria	1273.13	0.0	636.565
los	592	GCF.000024725.1.Bacteria.Proteobacteria	1273.13	0.0	636.565
hgt	188	GCA.001787855.1.Bacteria.Riflebacteria	3280.19	0.0	1640.095
spe	898	897	3008.34	2922.2	2965.27
spe	897	896	2922.2	2689.39	2805.795
spe	892	GCA.001873295.1.Bacteria.CG2.30.70.394	2160.3	0.0	1080.15
los	892	GCA.001873295.1.Bacteria.CG2.30.70.394	2160.3	0.0	1080.15
hgt	None	dead	0.0	0.0	0.0
hgt	None	dead	0.0	0.0	0.0
los	None	dead	0.0	0.0	0.0
hgt	896	895	2689.39	2233.715	2461.5525
los	896	895	2689.39	2233.715	2461.5525
dup	738	737	2387.34	2168.56	2277.95
spe	737	733	2168.56	1662.33	1915.445
los	737	733	2168.56	1662.33	1915.445
spe	736	GCA.003454665.1.Bacteria.Nitrospirota	1883.24	0.0	941.62
los	736	GCA.003454665.1.Bacteria.Nitrospirota	1883.24	0.0	941.62
spe	738	737	2387.34	2168.56	2277.95
spe	736	GCA.001803795.1.Bacteria.Nitrospirota	1883.24	0.0	941.62
los	736	GCA.001803795.1.Bacteria.Nitrospirota	1883.24	0.0	941.62
spe	737	733	2168.56	1662.33	1915.445
spe	732	GCA.002011735.1.Bacteria.Nitrospirota	1418.365	0.0	709.1825
los	732	GCA.002011735.1.Bacteria.Nitrospirota	1418.365	0.0	709.1825
spe	897	889	2922.2	2701.575	2811.8875
hgt	889	843	2701.575	2593.715	2647.645
los	889	843	2701.575	2593.715	2647.645
hgt	None	dead	0.0	0.0	0.0
dup	None	dead	0.0	0.0	0.0
hgt	None	dead	0.0	0.0	0.0
los	None	dead	0.0	0.0	0.0
hgt	None	dead	0.0	0.0	0.0
los	None	dead	0.0	0.0	0.0
spe	517	516	2211.17	2128.885	2170.0275
spe	428	GCA.002787615.1.Bacteria.Proteobacteria	2006.63	0.0	1003.315
los	428	GCA.002787615.1.Bacteria.Proteobacteria	2006.63	0.0	1003.315
spe	427	GCA.002422845.1.Bacteria.Proteobacteria	1878.965	0.0	939.4825
los	427	GCA.002422845.1.Bacteria.Proteobacteria	1878.965	0.0	939.4825
spe	426	425	1807.88	1731.535	1769.7075
los	426	425	1807.88	1731.535	1769.7075
spe	416	415	1500.62	1271.57	1386.095
los	416	415	1500.62	1271.57	1386.095
spe	516	515	2128.885	2002.575	2065.73
hgt	542	GCA.002631715.1.Bacteria.Proteobacteria	1750.015	0.0	875.0075
hgt	515	GCA.002632265.1.Bacteria.Proteobacteria	2002.575	0.0	1001.2875
los	515	GCA.002632265.1.Bacteria.Proteobacteria	2002.575	0.0	1001.2875
spe	515	514	2002.575	1851.4	1926.9875
hgt	None	dead	0.0	0.0	0.0
spe	514	436	1851.4	1731.205	1791.3025
spe	435	GCA.006969625.1.Bacteria.Proteobacteria	1539.415	0.0	769.7075
los	435	GCA.006969625.1.Bacteria.Proteobacteria	1539.415	0.0	769.7075
spe	434	GCA.002238885.1.Bacteria.Proteobacteria	1329.5	0.0	664.75
los	434	GCA.002238885.1.Bacteria.Proteobacteria	1329.5	0.0	664.75
hgt	598	GCA.002292285.1.Bacteria.Proteobacteria	904.2135	0.0	452.10675
hgt	None	dead	0.0	0.0	0.0
los	None	dead	0.0	0.0	0.0
spe	454	453	839.502	720.6325	780.06725
hgt	560	GCA.001735895.1.Bacteria.Proteobacteria	1588.3	0.0	794.15
hgt	551	GCA.002746645.1.Bacteria.Proteobacteria	1101.556	0.0	550.778
hgt	581	GCA.002868855.1.Bacteria.Proteobacteria	1247.6	0.0	623.8
hgt	558	GCA.002386945.1.Bacteria.Proteobacteria	1422.015	0.0	711.0075
hgt	435	GCA.006969625.1.Bacteria.Proteobacteria	1539.415	0.0	769.7075
hgt	796	GCA.002238415.1.Bacteria.Desulfobacterota.B	1757.055	0.0	878.5275
spe	514	513	1851.4	1786.09	1818.745
spe	513	483	1786.09	1736.705	1761.3975
spe	447	439	1590.07	1430.985	1510.5275
los	447	439	1590.07	1430.985	1510.5275
spe	447	446	1590.07	1389.555	1489.8125
spe	445	GCA.002717225.1.Bacteria.Proteobacteria	1267.47	0.0	633.735
los	445	GCA.002717225.1.Bacteria.Proteobacteria	1267.47	0.0	633.735
spe	444	GCA.002348425.1.Bacteria.Proteobacteria	1089.937	0.0	544.9685
los	444	GCA.002348425.1.Bacteria.Proteobacteria	1089.937	0.0	544.9685
hgt	600	GCA.002007425.1.Bacteria.Proteobacteria	1212.31	0.0	606.155
spe	482	458	1642.38	1513.53	1577.955
los	482	458	1642.38	1513.53	1577.955
spe	481	480	1564.755	1431.52	1498.1375
los	481	480	1564.755	1431.52	1498.1375
spe	469	468	1451.305	1270.185	1360.745
los	469	468	1451.305	1270.185	1360.745
spe	463	GCF.002251795.1.Bacteria.Proteobacteria	1313.945	0.0	656.9725
los	463	GCF.002251795.1.Bacteria.Proteobacteria	1313.945	0.0	656.9725
spe	463	462	1313.945	1065.146	1189.5455
hgt	506	GCA.001464215.1.Bacteria.Proteobacteria	1020.1165	0.0	510.05825
hgt	495	GCA.002796975.1.Bacteria.Proteobacteria	1152.21	0.0	576.105
hgt	592	GCF.000024725.1.Bacteria.Proteobacteria	1273.13	0.0	636.565
hgt	456	GCF.002148795.1.Bacteria.Proteobacteria	1329.135	0.0	664.5675
hgt	552	GCF.001614315.2.Bacteria.Proteobacteria	1397.305	0.0	698.6525
spe	512	486	1671.055	1393.215	1532.135
los	512	486	1671.055	1393.215	1532.135
spe	512	511	1671.055	1589.625	1630.34
spe	511	489	1589.625	1225.83	1407.7275
hgt	489	GCA.002701885.1.Bacteria.Proteobacteria	1225.83	0.0	612.915
los	489	GCA.002701885.1.Bacteria.Proteobacteria	1225.83	0.0	612.915
spe	510	509	1517.685	1417.44	1467.5625
los	510	509	1517.685	1417.44	1467.5625
spe	510	492	1517.685	1247.39	1382.5375
hgt	1058	GCF.000233775.1.Bacteria.Synergistota	2648.915	0.0	1324.4575
hgt	None	dead	0.0	0.0	0.0
hgt	None	dead	0.0	0.0	0.0
los	None	dead	0.0	0.0	0.0
spe	889	888	2701.575	2515.76	2608.6675
spe	888	854	2515.76	2344.965	2430.3625
spe	850	846	2301.83	2027.01	2164.42
los	850	846	2301.83	2027.01	2164.42
spe	849	GCF.000266945.1.Bacteria.Desulfobacterota	1938.415	0.0	969.2075
los	849	GCF.000266945.1.Bacteria.Desulfobacterota	1938.415	0.0	969.2075
hgt	None	dead	0.0	0.0	0.0
los	854	853	2344.965	2065.005	2204.985
hgt	None	dead	0.0	0.0	0.0
los	None	dead	0.0	0.0	0.0
spe	887	863	2332.115	2111.78	2221.9475
los	887	863	2332.115	2111.78	2221.9475
spe	887	886	2332.115	2067.29	2199.7025
spe	874	868	1965.97	1758.21	1862.09
los	874	868	1965.97	1758.21	1862.09
spe	873	GCA.002011835.1.Bacteria.Desulfobacterota	1792.01	0.0	896.005
los	873	GCA.002011835.1.Bacteria.Desulfobacterota	1792.01	0.0	896.005
spe	871	GCA.002899795.1.Bacteria.Desulfobacterota	1532.675	0.0	766.3375
los	871	GCA.002899795.1.Bacteria.Desulfobacterota	1532.675	0.0	766.3375
spe	885	884	1945.59	1824.105	1884.8475
los	885	884	1945.59	1824.105	1884.8475
spe	877	GCA.001797675.1.Bacteria.Desulfobacterota	1826.365	0.0	913.1825
los	877	GCA.001797675.1.Bacteria.Desulfobacterota	1826.365	0.0	913.1825
hgt	714	713	2462.345	2300.685	2381.515
hgt	871	GCA.002899795.1.Bacteria.Desulfobacterota	1532.675	0.0	766.3375
hgt	None	dead	0.0	0.0	0.0
hgt	None	dead	0.0	0.0	0.0
los	None	dead	0.0	0.0	0.0
hgt	None	dead	0.0	0.0	0.0
hgt	None	dead	0.0	0.0	0.0
los	None	dead	0.0	0.0	0.0
spe	602	601	1587.075	1425.555	1506.315
spe	601	600	1425.555	1212.31	1318.9325
hgt	600	GCA.002007425.1.Bacteria.Proteobacteria	1212.31	0.0	606.155
los	600	GCA.002007425.1.Bacteria.Proteobacteria	1212.31	0.0	606.155
spe	600	598	1212.31	904.2135	1058.26175
hgt	598	GCA.002170535.1.Bacteria.Proteobacteria	904.2135	0.0	452.10675
los	598	GCA.002170535.1.Bacteria.Proteobacteria	904.2135	0.0	452.10675
spe	601	595	1425.555	1214.005	1319.78
hgt	595	GCA.002389045.1.Bacteria.Proteobacteria	1214.005	0.0	607.0025
los	595	GCA.002389045.1.Bacteria.Proteobacteria	1214.005	0.0	607.0025
spe	714	713	2462.345	2300.685	2381.515
spe	712	711	2094.82	1902.735	1998.7775
los	712	711	2094.82	1902.735	1998.7775
spe	706	GCA.002327305.1.Bacteria.Acidobacteriota	1817.88	0.0	908.94
los	706	GCA.002327305.1.Bacteria.Acidobacteriota	1817.88	0.0	908.94
spe	704	GCA.003133645.1.Bacteria.Acidobacteriota	1616.3	0.0	808.15
los	704	GCA.003133645.1.Bacteria.Acidobacteriota	1616.3	0.0	808.15
spe	702	GCA.003152095.1.Bacteria.Acidobacteriota	1354.27	0.0	677.135
los	702	GCA.003152095.1.Bacteria.Acidobacteriota	1354.27	0.0	677.135
spe	699	681	2165.445	1934.475	2049.96
los	699	681	2165.445	1934.475	2049.96
spe	699	698	2165.445	1924.625	2045.035
spe	686	684	1699.78	1325.86	1512.82
los	686	684	1699.78	1325.86	1512.82
spe	697	696	1651.7	1431.15	1541.425
los	697	696	1651.7	1431.15	1541.425
spe	898	756	3008.34	2635.78	2822.06
los	898	756	3008.34	2635.78	2822.06
spe	897	896	2922.2	2689.39	2805.795
los	897	896	2922.2	2689.39	2805.795
dup	897	889	2922.2	2701.575	2811.8875
hgt	397	GCF.000526155.1.Bacteria.Desulfobacterota	3012.355	0.0	1506.1775
spe	897	889	2922.2	2701.575	2811.8875
spe	889	843	2701.575	2593.715	2647.645
hgt	None	dead	0.0	0.0	0.0
los	843	783	2593.715	2471.955	2532.835
hgt	None	dead	0.0	0.0	0.0
los	None	dead	0.0	0.0	0.0
spe	842	798	2481.42	2208.72	2345.07
los	842	798	2481.42	2208.72	2345.07
spe	842	841	2481.42	2397.295	2439.3575
spe	801	GCA.002328485.1.Bacteria.Desulfobacterota.G	2073.125	0.0	1036.5625
los	801	GCA.002328485.1.Bacteria.Desulfobacterota.G	2073.125	0.0	1036.5625
spe	840	804	2199.32	2020.19	2109.755
los	840	804	2199.32	2020.19	2109.755
spe	839	829	2107.47	2062.825	2085.1475
los	839	829	2107.47	2062.825	2085.1475
spe	838	837	1933.55	1633.315	1783.4325
los	838	837	1933.55	1633.315	1783.4325
spe	834	832	1863.715	1622.625	1743.17
los	834	832	1863.715	1622.625	1743.17
spe	888	854	2515.76	2344.965	2430.3625
los	888	854	2515.76	2344.965	2430.3625
spe	888	887	2515.76	2332.115	2423.9375
spe	863	862	2111.78	1779.145	1945.4625
los	863	862	2111.78	1779.145	1945.4625
spe	857	GCA.001830835.1.Bacteria.Desulfobacterota	1980.505	0.0	990.2525
los	857	GCA.001830835.1.Bacteria.Desulfobacterota	1980.505	0.0	990.2525
spe	886	885	2067.29	1945.59	2006.44
los	886	885	2067.29	1945.59	2006.44
spe	874	868	1965.97	1758.21	1862.09
los	874	868	1965.97	1758.21	1862.09
spe	873	871	1792.01	1532.675	1662.3425
los	873	871	1792.01	1532.675	1662.3425
hgt	31	GCA.001723855.1.Archaea.Altiarchaeota	2674.29	0.0	1337.145
spe	897	889	2922.2	2701.575	2811.8875
hgt	None	dead	0.0	0.0	0.0
hgt	None	dead	0.0	0.0	0.0
los	None	dead	0.0	0.0	0.0
hgt	None	dead	0.0	0.0	0.0
spe	889	888	2701.575	2515.76	2608.6675
spe	887	886	2332.115	2067.29	2199.7025
los	887	886	2332.115	2067.29	2199.7025
spe	863	857	2111.78	1980.505	2046.1425
los	863	857	2111.78	1980.505	2046.1425
spe	862	GCA.002782605.1.Bacteria.Desulfobacterota	1779.145	0.0	889.5725
los	862	GCA.002782605.1.Bacteria.Desulfobacterota	1779.145	0.0	889.5725
spe	861	GCA.002327985.1.Bacteria.Desulfobacterota	1645.455	0.0	822.7275
los	861	GCA.002327985.1.Bacteria.Desulfobacterota	1645.455	0.0	822.7275
spe	888	854	2515.76	2344.965	2430.3625
spe	850	846	2301.83	2027.01	2164.42
los	850	846	2301.83	2027.01	2164.42
spe	849	GCA.001896555.1.Bacteria.Desulfobacterota	1938.415	0.0	969.2075
los	849	GCA.001896555.1.Bacteria.Desulfobacterota	1938.415	0.0	969.2075
hgt	854	853	2344.965	2065.005	2204.985
los	854	853	2344.965	2065.005	2204.985
dup	None	dead	0.0	0.0	0.0
hgt	None	dead	0.0	0.0	0.0
los	None	dead	0.0	0.0	0.0
hgt	None	dead	0.0	0.0	0.0
los	None	dead	0.0	0.0	0.0
spe	1421	1419	1703.17	1560.275	1631.7225
spe	889	843	2701.575	2593.715	2647.645
spe	843	842	2593.715	2481.42	2537.5675
spe	842	841	2481.42	2397.295	2439.3575
spe	841	801	2397.295	2073.125	2235.21
hgt	801	GCA.001797815.1.Bacteria.RBG.13.61.14	2073.125	0.0	1036.5625
los	801	GCA.001797815.1.Bacteria.RBG.13.61.14	2073.125	0.0	1036.5625
spe	841	840	2397.295	2199.32	2298.3075
spe	839	829	2107.47	2062.825	2085.1475
los	839	829	2107.47	2062.825	2085.1475
spe	838	834	1933.55	1863.715	1898.6325
los	838	834	1933.55	1863.715	1898.6325
spe	837	GCA.002309015.1.Bacteria.Myxococcota	1633.315	0.0	816.6575
los	837	GCA.002309015.1.Bacteria.Myxococcota	1633.315	0.0	816.6575
hgt	None	dead	0.0	0.0	0.0
los	840	804	2199.32	2020.19	2109.755
hgt	None	dead	0.0	0.0	0.0
los	None	dead	0.0	0.0	0.0
hgt	None	dead	0.0	0.0	0.0
hgt	None	dead	0.0	0.0	0.0
los	None	dead	0.0	0.0	0.0
hgt	None	dead	0.0	0.0	0.0
los	842	798	2481.42	2208.72	2345.07
hgt	None	dead	0.0	0.0	0.0
los	None	dead	0.0	0.0	0.0
hgt	None	dead	0.0	0.0	0.0
dup	None	dead	0.0	0.0	0.0
hgt	None	dead	0.0	0.0	0.0
los	None	dead	0.0	0.0	0.0
hgt	None	dead	0.0	0.0	0.0
los	None	dead	0.0	0.0	0.0
hgt	None	dead	0.0	0.0	0.0
hgt	None	dead	0.0	0.0	0.0
los	None	dead	0.0	0.0	0.0
hgt	None	dead	0.0	0.0	0.0
los	843	783	2593.715	2471.955	2532.835
hgt	None	dead	0.0	0.0	0.0
los	None	dead	0.0	0.0	0.0
hgt	None	dead	0.0	0.0	0.0
hgt	None	dead	0.0	0.0	0.0
los	None	dead	0.0	0.0	0.0
hgt	173	151	2879.565	2655.89	2767.7275
hgt	None	dead	0.0	0.0	0.0
dup	None	dead	0.0	0.0	0.0
hgt	None	dead	0.0	0.0	0.0
los	None	dead	0.0	0.0	0.0
hgt	None	dead	0.0	0.0	0.0
los	None	dead	0.0	0.0	0.0
dup	80	GCF.002114285.1.Archaea.Halobacteriota	1577.665	0.0	788.8325
spe	173	151	2879.565	2655.89	2767.7275
spe	147	GCA.001940755.1.Archaea.Asgardarchaeota	2129.97	0.0	1064.985
los	147	GCA.001940755.1.Archaea.Asgardarchaeota	2129.97	0.0	1064.985
spe	150	GCA.003144275.1.Archaea.Asgardarchaeota	1958.415	0.0	979.2075
los	150	GCA.003144275.1.Archaea.Asgardarchaeota	1958.415	0.0	979.2075
spe	278	262	3428.485	3190.66	3309.5725
hgt	None	dead	0.0	0.0	0.0
hgt	None	dead	0.0	0.0	0.0
los	None	dead	0.0	0.0	0.0
hgt	176	175	3232.565	3094.86	3163.7125
spe	262	194	3190.66	2695.625	2943.1425
hgt	None	dead	0.0	0.0	0.0
hgt	None	dead	0.0	0.0	0.0
los	None	dead	0.0	0.0	0.0
hgt	None	dead	0.0	0.0	0.0
los	194	193	2695.625	2415.11	2555.3675
hgt	None	dead	0.0	0.0	0.0
los	None	dead	0.0	0.0	0.0
spe	176	175	3232.565	3094.86	3163.7125
spe	175	143	3094.86	2506.355	2800.6075
hgt	143	GCA.001563325.1.Archaea.Asgardarchaeota	2506.355	0.0	1253.1775
los	143	GCA.001563325.1.Archaea.Asgardarchaeota	2506.355	0.0	1253.1775
spe	175	174	3094.86	2978.795	3036.8275
hgt	None	dead	0.0	0.0	0.0
dup	None	dead	0.0	0.0	0.0
hgt	None	dead	0.0	0.0	0.0
los	None	dead	0.0	0.0	0.0
spe	1431	1427	2678.945	2442.77	2560.8575
spe	1413	1399	2151.5	1824.235	1987.8675
los	1413	1399	2151.5	1824.235	1987.8675
spe	1412	1408	1912.54	1849.35	1880.945
los	1412	1408	1912.54	1849.35	1880.945
spe	1411	GCA.002450515.1.Bacteria.Chloroflexota	1632.645	0.0	816.3225
los	1411	GCA.002450515.1.Bacteria.Chloroflexota	1632.645	0.0	816.3225
spe	1427	1426	2442.77	2247.125	2344.9475
hgt	1426	1425	2247.125	2026.57	2136.8475
los	1426	1425	2247.125	2026.57	2136.8475
hgt	None	dead	0.0	0.0	0.0
los	None	dead	0.0	0.0	0.0
spe	86	84	1547.845	1360.205	1454.025
hgt	87	GCA.002256595.1.Archaea.Halobacteriota	1733.555	0.0	866.7775
hgt	None	dead	0.0	0.0	0.0
los	174	173	2978.795	2879.565	2929.18
hgt	None	dead	0.0	0.0	0.0
los	None	dead	0.0	0.0	0.0
spe	124	123	2515.505	2385.055	2450.28
spe	123	122	2385.055	2203.735	2294.395
spe	121	GCA.001775995.1.Archaea.Thermoproteota	1743.665	0.0	871.8325
los	121	GCA.001775995.1.Archaea.Thermoproteota	1743.665	0.0	871.8325
hgt	None	dead	0.0	0.0	0.0
hgt	None	dead	0.0	0.0	0.0
los	None	dead	0.0	0.0	0.0
spe	122	118	2203.735	1963.41	2083.5725
spe	118	116	1963.41	1247.9685	1605.68925
hgt	116	GCA.001593875.1.Archaea.Thermoproteota	1247.9685	0.0	623.98425
los	116	GCA.001593875.1.Archaea.Thermoproteota	1247.9685	0.0	623.98425
spe	123	113	2385.055	2111.275	2248.165
hgt	113	GCA.002255025.1.Archaea.Thermoproteota	2111.275	0.0	1055.6375
los	113	GCA.002255025.1.Archaea.Thermoproteota	2111.275	0.0	1055.6375
spe	130	128	1916.685	930.467	1423.576
spe	262	261	3190.66	3090.155	3140.4075
hgt	None	dead	0.0	0.0	0.0
hgt	None	dead	0.0	0.0	0.0
los	None	dead	0.0	0.0	0.0
hgt	None	dead	0.0	0.0	0.0
hgt	None	dead	0.0	0.0	0.0
los	None	dead	0.0	0.0	0.0
hgt	None	dead	0.0	0.0	0.0
los	261	260	3090.155	2656.38	2873.2675
hgt	None	dead	0.0	0.0	0.0
los	None	dead	0.0	0.0	0.0
spe	255	254	3041.58	2921.86	2981.72
los	255	254	3041.58	2921.86	2981.72
spe	199	GCA.003527405.1.Bacteria.Atribacterota	2720.74	0.0	1360.37
los	199	GCA.003527405.1.Bacteria.Atribacterota	2720.74	0.0	1360.37
spe	199	198	2720.74	2444.64	2582.69
hgt	1029	GCA.001777915.1.Bacteria.Edwardsbacteria	2083.06	0.0	1041.53
hgt	251	250	2078.43	1934.74	2006.585
spe	251	250	2078.43	1934.74	2006.585
spe	249	248	1808.655	1213.735	1511.195
los	249	248	1808.655	1213.735	1511.195
spe	245	244	1720.98	1496.7	1608.84
los	245	244	1720.98	1496.7	1608.84
spe	241	239	1559.885	1457.025	1508.455
los	241	239	1559.885	1457.025	1508.455
spe	250	236	1934.74	1769.81	1852.275
hgt	236	GCA.001800495.1.Bacteria.Elusimicrobiota	1769.81	0.0	884.905
los	236	GCA.001800495.1.Bacteria.Elusimicrobiota	1769.81	0.0	884.905
dup	1029	GCA.001777915.1.Bacteria.Edwardsbacteria	2083.06	0.0	1041.53
hgt	1068	GCA.002428295.1.Bacteria.Caldisericota	1804.715	0.0	902.3575
spe	1391	1390	3193.865	3074.65	3134.2575
hgt	None	dead	0.0	0.0	0.0
spe	1390	1218	3074.65	2879.54	2977.095
spe	1216	1215	2264.52	1572.11	1918.315
los	1216	1215	2264.52	1572.11	1918.315
hgt	1289	GCA.002345475.1.Bacteria.Firmicutes.H	2319.605	0.0	1159.8025
hgt	None	dead	0.0	0.0	0.0
los	None	dead	0.0	0.0	0.0
spe	1454	1453	2214.935	2115.485	2165.21
spe	1449	GCA.002366595.1.Bacteria.Chloroflexota	1891.395	0.0	945.6975
los	1449	GCA.002366595.1.Bacteria.Chloroflexota	1891.395	0.0	945.6975
hgt	None	dead	0.0	0.0	0.0
hgt	None	dead	0.0	0.0	0.0
los	None	dead	0.0	0.0	0.0
spe	1453	1452	2115.485	1623.74	1869.6125
hgt	1444	GCA.003451595.1.Bacteria.Chloroflexota	1539.09	0.0	769.545
spe	1389	1237	2995.16	2548.64	2771.9
los	1389	1237	2995.16	2548.64	2771.9
spe	1389	1388	2995.16	2841.585	2918.3725
spe	1274	1240	2600.015	2224.995	2412.505
los	1274	1240	2600.015	2224.995	2412.505
spe	1273	GCF.000166335.1.Bacteria.Firmicutes.A	2372.06	0.0	1186.03
los	1273	GCF.000166335.1.Bacteria.Firmicutes.A	2372.06	0.0	1186.03
spe	1272	1246	2201.415	1853.53	2027.4725
los	1272	1246	2201.415	1853.53	2027.4725
dup	1272	1271	2201.415	1904.435	2052.925
spe	1271	1259	1904.435	1830.34	1867.3875
los	1271	1259	1904.435	1830.34	1867.3875
spe	1270	1264	1709.88	1401.22	1555.55
los	1270	1264	1709.88	1401.22	1555.55
spe	1269	1268	1538.365	1301.03	1419.6975
los	1269	1268	1538.365	1301.03	1419.6975
spe	1272	1271	2201.415	1904.435	2052.925
spe	1270	1264	1709.88	1401.22	1555.55
los	1270	1264	1709.88	1401.22	1555.55
spe	1269	1268	1538.365	1301.03	1419.6975
los	1269	1268	1538.365	1301.03	1419.6975
spe	1259	1258	1830.34	1568.675	1699.5075
los	1259	1258	1830.34	1568.675	1699.5075
spe	1253	GCF.900142265.1.Bacteria.Firmicutes.A	1684.93	0.0	842.465
los	1253	GCF.900142265.1.Bacteria.Firmicutes.A	1684.93	0.0	842.465
spe	1253	1252	1684.93	1492.085	1588.5075
spe	1252	1251	1492.085	1313.25	1402.6675
hgt	1251	GCA.002478485.1.Bacteria.Firmicutes.A	1313.25	0.0	656.625
los	1251	GCA.002478485.1.Bacteria.Firmicutes.A	1313.25	0.0	656.625
hgt	None	dead	0.0	0.0	0.0
hgt	None	dead	0.0	0.0	0.0
los	None	dead	0.0	0.0	0.0
spe	1388	1387	2841.585	2774.13	2807.8575
spe	1386	1330	2592.35	2019.045	2305.6975
los	1386	1330	2592.35	2019.045	2305.6975
spe	1385	1333	2489.295	2115.765	2302.53
los	1385	1333	2489.295	2115.765	2302.53
spe	1384	1338	2053.965	1618.77	1836.3675
los	1384	1338	2053.965	1618.77	1836.3675
spe	1383	1341	1928.425	1562.96	1745.6925
los	1383	1341	1928.425	1562.96	1745.6925
spe	1382	1344	1812.955	1531.325	1672.14
los	1382	1344	1812.955	1531.325	1672.14
spe	1382	1381	1812.955	1697.085	1755.02
spe	1351	1350	1602.01	1409.0	1505.505
los	1351	1350	1602.01	1409.0	1505.505
spe	1347	GCF.001561915.1.Bacteria.Firmicutes	1294.365	0.0	647.1825
los	1347	GCF.001561915.1.Bacteria.Firmicutes	1294.365	0.0	647.1825
spe	1380	GCF.001049895.1.Bacteria.Firmicutes	1588.96	0.0	794.48
los	1380	GCF.001049895.1.Bacteria.Firmicutes	1588.96	0.0	794.48
spe	1379	1378	1514.47	1207.485	1360.9775
los	1379	1378	1514.47	1207.485	1360.9775
spe	1379	1355	1514.47	1273.085	1393.7775
spe	1327	1289	2643.35	2319.605	2481.4775
los	1327	1289	2643.35	2319.605	2481.4775
spe	1326	1292	2448.67	1962.37	2205.52
los	1326	1292	2448.67	1962.37	2205.52
spe	1325	1297	2256.125	1985.275	2120.7
los	1325	1297	2256.125	1985.275	2120.7
spe	1324	1308	2152.01	1925.235	2038.6225
los	1324	1308	2152.01	1925.235	2038.6225
spe	1324	1323	2152.01	2061.88	2106.945
spe	1322	GCA.001512665.1.Bacteria.Firmicutes.B	1700.81	0.0	850.405
los	1322	GCA.001512665.1.Bacteria.Firmicutes.B	1700.81	0.0	850.405
spe	1319	GCF.900100785.1.Bacteria.Firmicutes.B	1933.46	0.0	966.73
los	1319	GCF.900100785.1.Bacteria.Firmicutes.B	1933.46	0.0	966.73
spe	1318	1312	1818.985	1521.75	1670.3675
los	1318	1312	1818.985	1521.75	1670.3675
spe	1317	1315	1219.28	1023.5775	1121.42875
los	1317	1315	1219.28	1023.5775	1121.42875
spe	1188	GCA.002779205.1.Bacteria.Actinobacteriota	3139.205	0.0	1569.6025
los	1188	GCA.002779205.1.Bacteria.Actinobacteriota	3139.205	0.0	1569.6025
spe	1187	1133	3067.16	2467.96	2767.56
los	1187	1133	3067.16	2467.96	2767.56
spe	1187	1186	3067.16	2936.225	3001.6925
spe	1185	1169	2773.915	2396.405	2585.16
los	1185	1169	2773.915	2396.405	2585.16
spe	1184	1180	2619.05	2187.185	2403.1175
los	1184	1180	2619.05	2187.185	2403.1175
spe	1183	GCA.000434775.1.Bacteria.Actinobacteriota	2026.845	0.0	1013.4225
los	1183	GCA.000434775.1.Bacteria.Actinobacteriota	2026.845	0.0	1013.4225
spe	1136	GCA.001768645.1.Bacteria.Actinobacteriota	2376.455	0.0	1188.2275
los	1136	GCA.001768645.1.Bacteria.Actinobacteriota	2376.455	0.0	1188.2275
