event	left_node	right_node	left_date	right_date	midpoint_date
spe	1642	1478	3541.065	3264.47	3402.7675
spe	1478	1477	3264.47	3024.12	3144.295
hgt	None	dead	0.0	0.0	0.0
los	1477	1431	3024.12	2678.945	2851.5325
hgt	None	dead	0.0	0.0	0.0
los	None	dead	0.0	0.0	0.0
spe	1477	1476	3024.12	2783.015	2903.5675
spe	1476	1475	2783.015	2647.025	2715.02
spe	1463	1462	2401.705	2298.115	2349.91
los	1463	1462	2401.705	2298.115	2349.91
spe	1457	GCF.003967555.1.Bacteria.Chloroflexota	1966.385	0.0	983.1925
los	1457	GCF.003967555.1.Bacteria.Chloroflexota	1966.385	0.0	983.1925
spe	1474	1473	2497.34	1423.81	1960.575
los	1474	1473	2497.34	1423.81	1960.575
spe	1470	1469	2147.93	1964.555	2056.2425
los	1470	1469	2147.93	1964.555	2056.2425
hgt	None	dead	0.0	0.0	0.0
los	1476	1454	2783.015	2214.935	2498.975
hgt	None	dead	0.0	0.0	0.0
los	None	dead	0.0	0.0	0.0
dup	694	692	1248.195	1141.9465	1195.07075
spe	694	692	1248.195	1141.9465	1195.07075
hgt	684	GCA.002483445.1.Bacteria.Acidobacteriota	1325.86	0.0	662.93
hgt	347	GCA.002683135.1.Bacteria.Planctomycetota	2010.41	0.0	1005.205
spe	694	692	1248.195	1141.9465	1195.07075
hgt	692	GCA.003140235.1.Bacteria.Acidobacteriota	1141.9465	0.0	570.97325
los	692	GCA.003140235.1.Bacteria.Acidobacteriota	1141.9465	0.0	570.97325
hgt	901	900	3298.045	3178.205	3238.125
spe	1478	1396	3264.47	2089.7	2677.085
hgt	1396	GCA.003244045.1.Bacteria.Dormibacterota	2089.7	0.0	1044.85
los	1396	GCA.003244045.1.Bacteria.Dormibacterota	2089.7	0.0	1044.85
spe	901	900	3298.045	3178.205	3238.125
hgt	None	dead	0.0	0.0	0.0
hgt	None	dead	0.0	0.0	0.0
spe	900	899	3178.205	3077.265	3127.735
spe	898	756	3008.34	2635.78	2822.06
los	898	756	3008.34	2635.78	2822.06
spe	898	897	3008.34	2922.2	2965.27
spe	897	889	2922.2	2701.575	2811.8875
hgt	654	653	2882.745	2568.17	2725.4575
hgt	None	dead	0.0	0.0	0.0
hgt	None	dead	0.0	0.0	0.0
los	None	dead	0.0	0.0	0.0
spe	514	513	1851.4	1786.09	1818.745
hgt	711	GCA.001664505.1.Bacteria.Acidobacteriota	1902.735	0.0	951.3675
hgt	None	dead	0.0	0.0	0.0
spe	513	483	1786.09	1736.705	1761.3975
spe	447	446	1590.07	1389.555	1489.8125
los	447	446	1590.07	1389.555	1489.8125
spe	439	GCA.002723345.1.Bacteria.Proteobacteria	1430.985	0.0	715.4925
los	439	GCA.002723345.1.Bacteria.Proteobacteria	1430.985	0.0	715.4925
spe	483	482	1736.705	1642.38	1689.5425
spe	481	480	1564.755	1431.52	1498.1375
los	481	480	1564.755	1431.52	1498.1375
spe	469	468	1451.305	1270.185	1360.745
los	469	468	1451.305	1270.185	1360.745
spe	463	462	1313.945	1065.146	1189.5455
los	463	462	1313.945	1065.146	1189.5455
spe	482	458	1642.38	1513.53	1577.955
hgt	458	456	1513.53	1329.135	1421.3325
los	458	456	1513.53	1329.135	1421.3325
hgt	574	GCF.000374645.1.Bacteria.Proteobacteria	1374.275	0.0	687.1375
hgt	435	GCA.006969625.1.Bacteria.Proteobacteria	1539.415	0.0	769.7075
hgt	None	dead	0.0	0.0	0.0
los	None	dead	0.0	0.0	0.0
spe	587	581	1406.63	1247.6	1327.115
hgt	611	GCF.003052605.1.Bacteria.Proteobacteria	907.6015	0.0	453.80075
hgt	536	GCF.900111015.1.Bacteria.Proteobacteria	1887.95	0.0	943.975
spe	581	579	1247.6	971.347	1109.4735
hgt	495	GCA.002796975.1.Bacteria.Proteobacteria	1152.21	0.0	576.105
hgt	733	GCA.003235715.1.Bacteria.Nitrospirota	1662.33	0.0	831.165
hgt	849	GCF.000266945.1.Bacteria.Desulfobacterota	1938.415	0.0	969.2075
hgt	326	GCF.900129635.1.Bacteria.Planctomycetota	1215.9915	0.0	607.99575
hgt	None	dead	0.0	0.0	0.0
hgt	None	dead	0.0	0.0	0.0
los	None	dead	0.0	0.0	0.0
spe	581	579	1247.6	971.347	1109.4735
hgt	741	GCA.003220615.1.Bacteria.Methylomirabilota	2099.065	0.0	1049.5325
hgt	None	dead	0.0	0.0	0.0
hgt	None	dead	0.0	0.0	0.0
los	None	dead	0.0	0.0	0.0
spe	513	512	1786.09	1671.055	1728.5725
spe	511	489	1589.625	1225.83	1407.7275
los	511	489	1589.625	1225.83	1407.7275
spe	510	492	1517.685	1247.39	1382.5375
los	510	492	1517.685	1247.39	1382.5375
spe	509	495	1417.44	1152.21	1284.825
los	509	495	1417.44	1152.21	1284.825
spe	508	507	1290.24	1064.673	1177.4565
los	508	507	1290.24	1064.673	1177.4565
spe	498	GCA.002731375.1.Bacteria.Proteobacteria	1143.1505	0.0	571.57525
los	498	GCA.002731375.1.Bacteria.Proteobacteria	1143.1505	0.0	571.57525
spe	486	GCA.002721365.1.Bacteria.Proteobacteria	1393.215	0.0	696.6075
los	486	GCA.002721365.1.Bacteria.Proteobacteria	1393.215	0.0	696.6075
hgt	1042	1022	2835.45	2605.7	2720.575
spe	888	887	2515.76	2332.115	2423.9375
los	888	887	2515.76	2332.115	2423.9375
spe	854	853	2344.965	2065.005	2204.985
los	854	853	2344.965	2065.005	2204.985
spe	850	846	2301.83	2027.01	2164.42
los	850	846	2301.83	2027.01	2164.42
spe	849	GCA.001896555.1.Bacteria.Desulfobacterota	1938.415	0.0	969.2075
los	849	GCA.001896555.1.Bacteria.Desulfobacterota	1938.415	0.0	969.2075
spe	1042	1022	2835.45	2605.7	2720.575
hgt	715	714	2587.59	2462.345	2524.9675
spe	1016	GCA.002414865.1.Bacteria.Fermentibacterota	2392.195	0.0	1196.0975
los	1016	GCA.002414865.1.Bacteria.Fermentibacterota	2392.195	0.0	1196.0975
spe	1015	GCA.002403295.1.Bacteria.Krumholzibacteriota	2074.465	0.0	1037.2325
los	1015	GCA.002403295.1.Bacteria.Krumholzibacteriota	2074.465	0.0	1037.2325
spe	715	714	2587.59	2462.345	2524.9675
hgt	841	840	2397.295	2199.32	2298.3075
hgt	None	dead	0.0	0.0	0.0
hgt	None	dead	0.0	0.0	0.0
hgt	None	dead	0.0	0.0	0.0
dup	None	dead	0.0	0.0	0.0
hgt	None	dead	0.0	0.0	0.0
los	None	dead	0.0	0.0	0.0
hgt	None	dead	0.0	0.0	0.0
los	None	dead	0.0	0.0	0.0
spe	507	503	1064.673	930.456	997.5645
spe	501	GCA.003454415.1.Bacteria.Proteobacteria	746.3765	0.0	373.18825
los	501	GCA.003454415.1.Bacteria.Proteobacteria	746.3765	0.0	373.18825
spe	714	713	2462.345	2300.685	2381.515
spe	712	706	2094.82	1817.88	1956.35
los	712	706	2094.82	1817.88	1956.35
spe	711	GCA.001664505.1.Bacteria.Acidobacteriota	1902.735	0.0	951.3675
los	711	GCA.001664505.1.Bacteria.Acidobacteriota	1902.735	0.0	951.3675
spe	709	GCA.003223995.1.Bacteria.Acidobacteriota	1593.285	0.0	796.6425
los	709	GCA.003223995.1.Bacteria.Acidobacteriota	1593.285	0.0	796.6425
spe	699	681	2165.445	1934.475	2049.96
los	699	681	2165.445	1934.475	2049.96
spe	698	686	1924.625	1699.78	1812.2025
los	698	686	1924.625	1699.78	1812.2025
spe	698	697	1924.625	1651.7	1788.1625
spe	696	GCA.003224665.1.Bacteria.Acidobacteriota	1431.15	0.0	715.575
los	696	GCA.003224665.1.Bacteria.Acidobacteriota	1431.15	0.0	715.575
spe	696	695	1431.15	1321.86	1376.505
spe	694	GCA.001767075.1.Bacteria.Acidobacteriota	1248.195	0.0	624.0975
los	694	GCA.001767075.1.Bacteria.Acidobacteriota	1248.195	0.0	624.0975
spe	692	GCA.003140235.1.Bacteria.Acidobacteriota	1141.9465	0.0	570.97325
los	692	GCA.003140235.1.Bacteria.Acidobacteriota	1141.9465	0.0	570.97325
dup	None	dead	0.0	0.0	0.0
hgt	None	dead	0.0	0.0	0.0
los	None	dead	0.0	0.0	0.0
dup	None	dead	0.0	0.0	0.0
hgt	None	dead	0.0	0.0	0.0
los	None	dead	0.0	0.0	0.0
hgt	None	dead	0.0	0.0	0.0
los	None	dead	0.0	0.0	0.0
hgt	None	dead	0.0	0.0	0.0
los	None	dead	0.0	0.0	0.0
spe	588	587	1783.48	1406.63	1595.055
spe	581	579	1247.6	971.347	1109.4735
los	581	579	1247.6	971.347	1109.4735
spe	587	586	1406.63	1290.345	1348.4875
spe	585	GCA.002688175.1.Bacteria.Proteobacteria	1098.223	0.0	549.1115
los	585	GCA.002688175.1.Bacteria.Proteobacteria	1098.223	0.0	549.1115
hgt	None	dead	0.0	0.0	0.0
hgt	None	dead	0.0	0.0	0.0
los	None	dead	0.0	0.0	0.0
spe	841	840	2397.295	2199.32	2298.3075
spe	840	839	2199.32	2107.47	2153.395
spe	829	817	2062.825	1903.64	1983.2325
los	829	817	2062.825	1903.64	1983.2325
spe	828	GCA.002699025.1.Bacteria.Myxococcota	1800.295	0.0	900.1475
los	828	GCA.002699025.1.Bacteria.Myxococcota	1800.295	0.0	900.1475
spe	827	826	1682.675	1516.045	1599.36
los	827	826	1682.675	1516.045	1599.36
spe	821	GCA.002841825.1.Bacteria.Myxococcota	1480.98	0.0	740.49
los	821	GCA.002841825.1.Bacteria.Myxococcota	1480.98	0.0	740.49
spe	839	838	2107.47	1933.55	2020.51
hgt	None	dead	0.0	0.0	0.0
dup	None	dead	0.0	0.0	0.0
hgt	None	dead	0.0	0.0	0.0
los	None	dead	0.0	0.0	0.0
hgt	None	dead	0.0	0.0	0.0
los	None	dead	0.0	0.0	0.0
hgt	345	GCA.002746235.1.Bacteria.Planctomycetota	1703.735	0.0	851.8675
hgt	None	dead	0.0	0.0	0.0
los	838	837	1933.55	1633.315	1783.4325
hgt	None	dead	0.0	0.0	0.0
los	None	dead	0.0	0.0	0.0
spe	838	834	1933.55	1863.715	1898.6325
spe	834	832	1863.715	1622.625	1743.17
hgt	574	GCF.000374645.1.Bacteria.Proteobacteria	1374.275	0.0	687.1375
hgt	467	GCF.003258945.1.Bacteria.Proteobacteria	1108.71	0.0	554.355
hgt	592	GCF.001720165.1.Bacteria.Proteobacteria	1273.13	0.0	636.565
hgt	832	GCA.002721815.1.Bacteria.Myxococcota	1622.625	0.0	811.3125
los	832	GCA.002721815.1.Bacteria.Myxococcota	1622.625	0.0	811.3125
hgt	834	GCA.001798605.1.Bacteria.Myxococcota	1863.715	0.0	931.8575
los	834	GCA.001798605.1.Bacteria.Myxococcota	1863.715	0.0	931.8575
spe	515	514	2002.575	1851.4	1926.9875
spe	436	GCA.002722885.1.Bacteria.Proteobacteria	1731.205	0.0	865.6025
los	436	GCA.002722885.1.Bacteria.Proteobacteria	1731.205	0.0	865.6025
spe	435	GCA.006969625.1.Bacteria.Proteobacteria	1539.415	0.0	769.7075
los	435	GCA.006969625.1.Bacteria.Proteobacteria	1539.415	0.0	769.7075
spe	435	434	1539.415	1329.5	1434.4575
spe	514	513	1851.4	1786.09	1818.745
spe	512	511	1671.055	1589.625	1630.34
los	512	511	1671.055	1589.625	1630.34
spe	486	GCF.000264455.2.Bacteria.Proteobacteria	1393.215	0.0	696.6075
los	486	GCF.000264455.2.Bacteria.Proteobacteria	1393.215	0.0	696.6075
hgt	513	483	1786.09	1736.705	1761.3975
los	513	483	1786.09	1736.705	1761.3975
spe	840	804	2199.32	2020.19	2109.755
hgt	183	GCA.002402105.1.Bacteria.UBP17	2959.72	0.0	1479.86
hgt	804	GCA.003247575.1.Bacteria.Myxococcota.A	2020.19	0.0	1010.095
los	804	GCA.003247575.1.Bacteria.Myxococcota.A	2020.19	0.0	1010.095
hgt	981	980	1803.65	1671.585	1737.6175
spe	981	980	1803.65	1671.585	1737.6175
spe	979	978	1564.47	1435.29	1499.88
los	979	978	1564.47	1435.29	1499.88
spe	980	972	1671.585	1310.3	1490.9425
hgt	972	GCA.002779395.1.Bacteria.Bacteroidota	1310.3	0.0	655.15
los	972	GCA.002779395.1.Bacteria.Bacteroidota	1310.3	0.0	655.15
spe	1022	1021	2605.7	2221.035	2413.3675
hgt	1021	GCA.002686915.1.Bacteria.ARS69	2221.035	0.0	1110.5175
los	1021	GCA.002686915.1.Bacteria.ARS69	2221.035	0.0	1110.5175
hgt	698	697	1924.625	1651.7	1788.1625
spe	1020	GCA.003235575.1.Bacteria.Eisenbacteria	1634.295	0.0	817.1475
los	1020	GCA.003235575.1.Bacteria.Eisenbacteria	1634.295	0.0	817.1475
spe	698	697	1924.625	1651.7	1788.1625
spe	696	GCA.003224665.1.Bacteria.Acidobacteriota	1431.15	0.0	715.575
los	696	GCA.003224665.1.Bacteria.Acidobacteriota	1431.15	0.0	715.575
spe	696	695	1431.15	1321.86	1376.505
spe	694	GCA.001767075.1.Bacteria.Acidobacteriota	1248.195	0.0	624.0975
los	694	GCA.001767075.1.Bacteria.Acidobacteriota	1248.195	0.0	624.0975
spe	692	GCA.003140235.1.Bacteria.Acidobacteriota	1141.9465	0.0	570.97325
los	692	GCA.003140235.1.Bacteria.Acidobacteriota	1141.9465	0.0	570.97325
hgt	924	GCA.003221825.1.Bacteria.Gemmatimonadota	1862.1	0.0	931.05
hgt	694	GCA.001767075.1.Bacteria.Acidobacteriota	1248.195	0.0	624.0975
dup	654	653	2882.745	2568.17	2725.4575
spe	654	653	2882.745	2568.17	2725.4575
spe	653	652	2568.17	2398.805	2483.4875
hgt	652	526	2398.805	2059.41	2229.1075
los	652	526	2398.805	2059.41	2229.1075
spe	841	840	2397.295	2199.32	2298.3075
spe	804	GCA.002731275.1.Bacteria.Myxococcota	2020.19	0.0	1010.095
los	804	GCA.002731275.1.Bacteria.Myxococcota	2020.19	0.0	1010.095
spe	840	839	2199.32	2107.47	2153.395
spe	829	817	2062.825	1903.64	1983.2325
los	829	817	2062.825	1903.64	1983.2325
spe	828	GCA.002699025.1.Bacteria.Myxococcota	1800.295	0.0	900.1475
los	828	GCA.002699025.1.Bacteria.Myxococcota	1800.295	0.0	900.1475
spe	828	827	1800.295	1682.675	1741.485
spe	826	GCA.002747355.1.Bacteria.Myxococcota	1516.045	0.0	758.0225
los	826	GCA.002747355.1.Bacteria.Myxococcota	1516.045	0.0	758.0225
spe	825	GCA.003170275.1.Bacteria.Myxococcota	1214.79	0.0	607.395
los	825	GCA.003170275.1.Bacteria.Myxococcota	1214.79	0.0	607.395
spe	821	GCA.002841825.1.Bacteria.Myxococcota	1480.98	0.0	740.49
los	821	GCA.002841825.1.Bacteria.Myxococcota	1480.98	0.0	740.49
hgt	None	dead	0.0	0.0	0.0
los	839	838	2107.47	1933.55	2020.51
hgt	None	dead	0.0	0.0	0.0
los	None	dead	0.0	0.0	0.0
spe	780	778	1805.89	1621.195	1713.5425
hgt	611	GCF.000284615.1.Bacteria.Proteobacteria	907.6015	0.0	453.80075
hgt	403	GCF.900177345.1.Bacteria.Proteobacteria	2523.57	0.0	1261.785
spe	651	533	2255.845	2045.455	2150.65
los	651	533	2255.845	2045.455	2150.65
spe	650	536	2166.365	1887.95	2027.1575
los	650	536	2166.365	1887.95	2027.1575
spe	649	543	2098.245	1931.665	2014.955
los	649	543	2098.245	1931.665	2014.955
spe	649	648	2098.245	2024.465	2061.355
spe	648	562	2024.465	1860.4	1942.4325
hgt	562	546	1860.4	1496.095	1678.2475
los	562	546	1860.4	1496.095	1678.2475
spe	561	560	1784.925	1588.3	1686.6125
los	561	560	1784.925	1588.3	1686.6125
spe	553	552	1630.725	1397.305	1514.015
los	553	552	1630.725	1397.305	1514.015
spe	648	647	2024.465	1945.285	1984.875
spe	571	565	1781.46	1495.725	1638.5925
los	571	565	1781.46	1495.725	1638.5925
spe	570	GCA.002255365.1.Bacteria.Proteobacteria	1624.36	0.0	812.18
los	570	GCA.002255365.1.Bacteria.Proteobacteria	1624.36	0.0	812.18
spe	568	GCF.001051235.1.Bacteria.Proteobacteria	1463.05	0.0	731.525
los	568	GCF.001051235.1.Bacteria.Proteobacteria	1463.05	0.0	731.525
spe	647	646	1945.285	1897.835	1921.56
spe	588	587	1783.48	1406.63	1595.055
los	588	587	1783.48	1406.63	1595.055
spe	576	GCA.002432655.1.Bacteria.Proteobacteria	1633.525	0.0	816.7625
los	576	GCA.002432655.1.Bacteria.Proteobacteria	1633.525	0.0	816.7625
spe	574	GCF.900112605.1.Bacteria.Proteobacteria	1374.275	0.0	687.1375
los	574	GCF.900112605.1.Bacteria.Proteobacteria	1374.275	0.0	687.1375
spe	645	631	1829.485	1750.855	1790.17
los	645	631	1829.485	1750.855	1790.17
spe	644	643	1683.9	1502.7	1593.3
los	644	643	1683.9	1502.7	1593.3
spe	636	GCA.002840095.1.Bacteria.Proteobacteria	1603.01	0.0	801.505
los	636	GCA.002840095.1.Bacteria.Proteobacteria	1603.01	0.0	801.505
spe	634	GCF.002020875.1.Bacteria.Proteobacteria	1434.16	0.0	717.08
los	634	GCF.002020875.1.Bacteria.Proteobacteria	1434.16	0.0	717.08
spe	654	653	2882.745	2568.17	2725.4575
hgt	574	GCF.900112605.1.Bacteria.Proteobacteria	1374.275	0.0	687.1375
spe	653	652	2568.17	2398.805	2483.4875
hgt	None	dead	0.0	0.0	0.0
los	652	526	2398.805	2059.41	2229.1075
hgt	None	dead	0.0	0.0	0.0
los	None	dead	0.0	0.0	0.0
spe	651	650	2255.845	2166.365	2211.105
los	651	650	2255.845	2166.365	2211.105
spe	533	532	2045.455	1641.495	1843.475
los	533	532	2045.455	1641.495	1843.475
spe	529	GCA.002420425.1.Bacteria.Proteobacteria	1818.925	0.0	909.4625
los	529	GCA.002420425.1.Bacteria.Proteobacteria	1818.925	0.0	909.4625
spe	889	843	2701.575	2593.715	2647.645
hgt	None	dead	0.0	0.0	0.0
los	843	783	2593.715	2471.955	2532.835
hgt	None	dead	0.0	0.0	0.0
los	None	dead	0.0	0.0	0.0
spe	469	463	1451.305	1313.945	1382.625
spe	462	GCF.006980715.1.Bacteria.Proteobacteria	1065.146	0.0	532.573
los	462	GCF.006980715.1.Bacteria.Proteobacteria	1065.146	0.0	532.573
dup	463	GCF.002251795.1.Bacteria.Proteobacteria	1313.945	0.0	656.9725
dup	463	GCF.002251795.1.Bacteria.Proteobacteria	1313.945	0.0	656.9725
dup	463	GCF.002251795.1.Bacteria.Proteobacteria	1313.945	0.0	656.9725
spe	843	842	2593.715	2481.42	2537.5675
spe	841	801	2397.295	2073.125	2235.21
los	841	801	2397.295	2073.125	2235.21
spe	840	804	2199.32	2020.19	2109.755
los	840	804	2199.32	2020.19	2109.755
spe	840	839	2199.32	2107.47	2153.395
spe	838	837	1933.55	1633.315	1783.4325
los	838	837	1933.55	1633.315	1783.4325
spe	834	GCA.001798605.1.Bacteria.Myxococcota	1863.715	0.0	931.8575
los	834	GCA.001798605.1.Bacteria.Myxococcota	1863.715	0.0	931.8575
spe	832	GCA.002721815.1.Bacteria.Myxococcota	1622.625	0.0	811.3125
los	832	GCA.002721815.1.Bacteria.Myxococcota	1622.625	0.0	811.3125
spe	829	828	2062.825	1800.295	1931.56
los	829	828	2062.825	1800.295	1931.56
spe	817	813	1903.64	1756.665	1830.1525
los	817	813	1903.64	1756.665	1830.1525
spe	816	GCA.002707085.1.Bacteria.Myxococcota.A	1355.92	0.0	677.96
los	816	GCA.002707085.1.Bacteria.Myxococcota.A	1355.92	0.0	677.96
hgt	None	dead	0.0	0.0	0.0
los	842	798	2481.42	2208.72	2345.07
hgt	None	dead	0.0	0.0	0.0
los	None	dead	0.0	0.0	0.0
spe	647	646	1945.285	1897.835	1921.56
spe	645	644	1829.485	1683.9	1756.6925
los	645	644	1829.485	1683.9	1756.6925
spe	631	630	1750.855	1615.545	1683.2
los	631	630	1750.855	1615.545	1683.2
spe	631	603	1750.855	1669.485	1710.17
spe	602	592	1587.075	1273.13	1430.1025
los	602	592	1587.075	1273.13	1430.1025
spe	602	601	1587.075	1425.555	1506.315
spe	601	595	1425.555	1214.005	1319.78
hgt	595	GCA.002454015.1.Bacteria.Proteobacteria	1214.005	0.0	607.0025
los	595	GCA.002454015.1.Bacteria.Proteobacteria	1214.005	0.0	607.0025
hgt	579	GCA.003137095.1.Bacteria.Proteobacteria	971.347	0.0	485.6735
hgt	612	GCF.003612015.1.Bacteria.Proteobacteria	1191.86	0.0	595.93
hgt	462	GCF.006980715.1.Bacteria.Proteobacteria	1065.146	0.0	532.573
spe	601	600	1425.555	1212.31	1318.9325
spe	600	598	1212.31	904.2135	1058.26175
hgt	598	GCA.002170535.1.Bacteria.Proteobacteria	904.2135	0.0	452.10675
los	598	GCA.002170535.1.Bacteria.Proteobacteria	904.2135	0.0	452.10675
hgt	796	GCA.002238415.1.Bacteria.Desulfobacterota.B	1757.055	0.0	878.5275
hgt	600	GCA.002007425.1.Bacteria.Proteobacteria	1212.31	0.0	606.155
los	600	GCA.002007425.1.Bacteria.Proteobacteria	1212.31	0.0	606.155
dup	697	GCA.003222815.1.Bacteria.Acidobacteriota	1651.7	0.0	825.85
hgt	579	GCA.003155415.1.Bacteria.Proteobacteria	971.347	0.0	485.6735
dup	697	GCA.003222815.1.Bacteria.Acidobacteriota	1651.7	0.0	825.85
spe	588	576	1783.48	1633.525	1708.5025
los	588	576	1783.48	1633.525	1708.5025
spe	588	587	1783.48	1406.63	1595.055
spe	587	586	1406.63	1290.345	1348.4875
dup	586	585	1290.345	1098.223	1194.284
hgt	510	492	1517.685	1247.39	1382.5375
spe	585	GCA.002338605.1.Bacteria.Proteobacteria	1098.223	0.0	549.1115
los	585	GCA.002338605.1.Bacteria.Proteobacteria	1098.223	0.0	549.1115
spe	510	492	1517.685	1247.39	1382.5375
hgt	579	GCA.003137095.1.Bacteria.Proteobacteria	971.347	0.0	485.6735
hgt	598	GCA.002292285.1.Bacteria.Proteobacteria	904.2135	0.0	452.10675
hgt	468	GCF.900167455.1.Bacteria.Proteobacteria	1270.185	0.0	635.0925
spe	586	585	1290.345	1098.223	1194.284
hgt	585	GCA.002688175.1.Bacteria.Proteobacteria	1098.223	0.0	549.1115
los	585	GCA.002688175.1.Bacteria.Proteobacteria	1098.223	0.0	549.1115
hgt	506	GCA.002480495.1.Bacteria.Proteobacteria	1020.1165	0.0	510.05825
hgt	944	GCA.002712165.1.Bacteria.Proteobacteria	1432.315	0.0	716.1575
spe	587	581	1406.63	1247.6	1327.115
hgt	581	GCA.002868855.1.Bacteria.Proteobacteria	1247.6	0.0	623.8
los	581	GCA.002868855.1.Bacteria.Proteobacteria	1247.6	0.0	623.8
spe	581	579	1247.6	971.347	1109.4735
hgt	579	GCA.003155415.1.Bacteria.Proteobacteria	971.347	0.0	485.6735
los	579	GCA.003155415.1.Bacteria.Proteobacteria	971.347	0.0	485.6735
spe	897	896	2922.2	2689.39	2805.795
spe	892	GCA.001873295.1.Bacteria.CG2.30.70.394	2160.3	0.0	1080.15
los	892	GCA.001873295.1.Bacteria.CG2.30.70.394	2160.3	0.0	1080.15
hgt	720	GCA.002347965.1.Bacteria.UBA2233	2336.65	0.0	1168.325
hgt	None	dead	0.0	0.0	0.0
hgt	None	dead	0.0	0.0	0.0
los	None	dead	0.0	0.0	0.0
hgt	None	dead	0.0	0.0	0.0
hgt	None	dead	0.0	0.0	0.0
los	None	dead	0.0	0.0	0.0
hgt	None	dead	0.0	0.0	0.0
los	896	895	2689.39	2233.715	2461.5525
hgt	None	dead	0.0	0.0	0.0
los	None	dead	0.0	0.0	0.0
spe	899	743	3077.265	2953.32	3015.2925
spe	742	738	2707.335	2387.34	2547.3375
los	742	738	2707.335	2387.34	2547.3375
spe	741	GCA.001771285.1.Bacteria.Methylomirabilota	2099.065	0.0	1049.5325
los	741	GCA.001771285.1.Bacteria.Methylomirabilota	2099.065	0.0	1049.5325
hgt	None	dead	0.0	0.0	0.0
los	743	721	2953.32	2669.375	2811.3475
hgt	None	dead	0.0	0.0	0.0
los	None	dead	0.0	0.0	0.0
dup	1165	1164	1325.685	1172.8835	1249.28425
spe	1164	1160	1172.8835	1016.58	1094.73175
los	1164	1160	1172.8835	1016.58	1094.73175
spe	1163	GCA.001437855.1.Bacteria.Actinobacteriota	995.9815	0.0	497.99075
los	1163	GCA.001437855.1.Bacteria.Actinobacteriota	995.9815	0.0	497.99075
spe	1165	1164	1325.685	1172.8835	1249.28425
spe	1163	GCA.001437855.1.Bacteria.Actinobacteriota	995.9815	0.0	497.99075
los	1163	GCA.001437855.1.Bacteria.Actinobacteriota	995.9815	0.0	497.99075
dup	1163	GCF.000384115.1.Bacteria.Actinobacteriota	995.9815	0.0	497.99075
dup	1163	GCF.000384115.1.Bacteria.Actinobacteriota	995.9815	0.0	497.99075
dup	1163	GCF.000384115.1.Bacteria.Actinobacteriota	995.9815	0.0	497.99075
spe	1160	GCF.000015025.1.Bacteria.Actinobacteriota	1016.58	0.0	508.29
los	1160	GCF.000015025.1.Bacteria.Actinobacteriota	1016.58	0.0	508.29
spe	1158	GCF.900106035.1.Bacteria.Actinobacteriota	905.248	0.0	452.624
los	1158	GCF.900106035.1.Bacteria.Actinobacteriota	905.248	0.0	452.624
dup	1158	GCF.001942305.1.Bacteria.Actinobacteriota	905.248	0.0	452.624
dup	1158	GCF.001942305.1.Bacteria.Actinobacteriota	905.248	0.0	452.624
hgt	1154	GCF.003047285.1.Bacteria.Actinobacteriota	907.0585	0.0	453.52925
hgt	None	dead	0.0	0.0	0.0
los	None	dead	0.0	0.0	0.0
dup	514	513	1851.4	1786.09	1818.745
spe	514	513	1851.4	1786.09	1818.745
spe	512	511	1671.055	1589.625	1630.34
los	512	511	1671.055	1589.625	1630.34
spe	486	GCA.002721365.1.Bacteria.Proteobacteria	1393.215	0.0	696.6075
los	486	GCA.002721365.1.Bacteria.Proteobacteria	1393.215	0.0	696.6075
spe	513	483	1786.09	1736.705	1761.3975
spe	447	446	1590.07	1389.555	1489.8125
los	447	446	1590.07	1389.555	1489.8125
spe	439	GCF.001613805.1.Bacteria.Proteobacteria	1430.985	0.0	715.4925
los	439	GCF.001613805.1.Bacteria.Proteobacteria	1430.985	0.0	715.4925
spe	483	482	1736.705	1642.38	1689.5425
hgt	None	dead	0.0	0.0	0.0
los	482	481	1642.38	1564.755	1603.5675
hgt	None	dead	0.0	0.0	0.0
los	None	dead	0.0	0.0	0.0
spe	458	GCA.002340345.1.Bacteria.Proteobacteria	1513.53	0.0	756.765
los	458	GCA.002340345.1.Bacteria.Proteobacteria	1513.53	0.0	756.765
spe	456	GCF.002148795.1.Bacteria.Proteobacteria	1329.135	0.0	664.5675
los	456	GCF.002148795.1.Bacteria.Proteobacteria	1329.135	0.0	664.5675
spe	455	454	974.476	839.502	906.989
los	455	454	974.476	839.502	906.989
spe	513	483	1786.09	1736.705	1761.3975
los	513	483	1786.09	1736.705	1761.3975
spe	513	512	1786.09	1671.055	1728.5725
spe	511	489	1589.625	1225.83	1407.7275
los	511	489	1589.625	1225.83	1407.7275
spe	510	509	1517.685	1417.44	1467.5625
los	510	509	1517.685	1417.44	1467.5625
spe	492	GCF.900172325.1.Bacteria.Proteobacteria	1247.39	0.0	623.695
los	492	GCF.900172325.1.Bacteria.Proteobacteria	1247.39	0.0	623.695
spe	512	486	1671.055	1393.215	1532.135
hgt	486	GCF.000264455.2.Bacteria.Proteobacteria	1393.215	0.0	696.6075
los	486	GCF.000264455.2.Bacteria.Proteobacteria	1393.215	0.0	696.6075
dup	486	GCA.002721365.1.Bacteria.Proteobacteria	1393.215	0.0	696.6075
hgt	517	GCA.002937675.1.Bacteria.Proteobacteria	2211.17	0.0	1105.585
dup	None	dead	0.0	0.0	0.0
hgt	None	dead	0.0	0.0	0.0
los	None	dead	0.0	0.0	0.0
dup	None	dead	0.0	0.0	0.0
hgt	None	dead	0.0	0.0	0.0
los	None	dead	0.0	0.0	0.0
hgt	None	dead	0.0	0.0	0.0
los	None	dead	0.0	0.0	0.0
spe	900	716	3178.205	2750.795	2964.5
spe	716	670	2750.795	2401.115	2575.955
spe	669	GCA.002335385.1.Bacteria.Acidobacteriota	1836.34	0.0	918.17
los	669	GCA.002335385.1.Bacteria.Acidobacteriota	1836.34	0.0	918.17
spe	668	GCA.002010665.1.Bacteria.Acidobacteriota	1575.265	0.0	787.6325
los	668	GCA.002010665.1.Bacteria.Acidobacteriota	1575.265	0.0	787.6325
hgt	670	GCA.002898535.1.Bacteria.Acidobacteriota	2401.115	0.0	1200.5575
los	670	GCA.002898535.1.Bacteria.Acidobacteriota	2401.115	0.0	1200.5575
spe	716	715	2750.795	2587.59	2669.1925
spe	715	714	2587.59	2462.345	2524.9675
hgt	1119	GCA.002779825.1.Bacteria.Armatimonadota	2017.9	0.0	1008.95
hgt	714	GCA.002731215.1.Bacteria.Acidobacteriota	2462.345	0.0	1231.1725
los	714	GCA.002731215.1.Bacteria.Acidobacteriota	2462.345	0.0	1231.1725
spe	982	981	1930.625	1803.65	1867.1375
spe	980	979	1671.585	1564.47	1618.0275
los	980	979	1671.585	1564.47	1618.0275
spe	972	GCA.002779395.1.Bacteria.Bacteroidota	1310.3	0.0	655.15
los	972	GCA.002779395.1.Bacteria.Bacteroidota	1310.3	0.0	655.15
hgt	926	GCA.001780825.1.Bacteria.Gemmatimonadota	2372.335	0.0	1186.1675
spe	714	713	2462.345	2300.685	2381.515
spe	699	681	2165.445	1934.475	2049.96
los	699	681	2165.445	1934.475	2049.96
spe	698	697	1924.625	1651.7	1788.1625
los	698	697	1924.625	1651.7	1788.1625
spe	686	684	1699.78	1325.86	1512.82
los	686	684	1699.78	1325.86	1512.82
spe	712	711	2094.82	1902.735	1998.7775
los	712	711	2094.82	1902.735	1998.7775
spe	706	GCA.002327305.1.Bacteria.Acidobacteriota	1817.88	0.0	908.94
los	706	GCA.002327305.1.Bacteria.Acidobacteriota	1817.88	0.0	908.94
spe	704	GCA.003133645.1.Bacteria.Acidobacteriota	1616.3	0.0	808.15
los	704	GCA.003133645.1.Bacteria.Acidobacteriota	1616.3	0.0	808.15
spe	702	GCA.003223635.1.Bacteria.Acidobacteriota	1354.27	0.0	677.135
los	702	GCA.003223635.1.Bacteria.Acidobacteriota	1354.27	0.0	677.135
spe	715	675	2587.59	2219.92	2403.755
hgt	675	GCA.002789615.1.Bacteria.Acidobacteriota	2219.92	0.0	1109.96
los	675	GCA.002789615.1.Bacteria.Acidobacteriota	2219.92	0.0	1109.96
spe	675	674	2219.92	1948.825	2084.3725
hgt	674	GCA.002747255.1.Bacteria.Acidobacteriota	1948.825	0.0	974.4125
los	674	GCA.002747255.1.Bacteria.Acidobacteriota	1948.825	0.0	974.4125
