event	left_node	right_node	left_date	right_date	midpoint_date
spe	902	901	3388.51	3298.045	3343.2775
hgt	None	dead	0.0	0.0	0.0
hgt	None	dead	0.0	0.0	0.0
los	None	dead	0.0	0.0	0.0
spe	900	716	3178.205	2750.795	2964.5
los	900	716	3178.205	2750.795	2964.5
spe	900	899	3178.205	3077.265	3127.735
spe	743	721	2953.32	2669.375	2811.3475
los	743	721	2953.32	2669.375	2811.3475
spe	742	741	2707.335	2099.065	2403.2
los	742	741	2707.335	2099.065	2403.2
spe	738	728	2387.34	2047.46	2217.4
los	738	728	2387.34	2047.46	2217.4
hgt	None	dead	0.0	0.0	0.0
hgt	None	dead	0.0	0.0	0.0
los	None	dead	0.0	0.0	0.0
spe	737	733	2168.56	1662.33	1915.445
los	737	733	2168.56	1662.33	1915.445
spe	736	GCA.003454665.1.Bacteria.Nitrospirota	1883.24	0.0	941.62
los	736	GCA.003454665.1.Bacteria.Nitrospirota	1883.24	0.0	941.62
spe	898	756	3008.34	2635.78	2822.06
los	898	756	3008.34	2635.78	2822.06
spe	898	897	3008.34	2922.2	2965.27
spe	896	895	2689.39	2233.715	2461.5525
los	896	895	2689.39	2233.715	2461.5525
spe	896	892	2689.39	2160.3	2424.845
hgt	741	GCA.001771285.1.Bacteria.Methylomirabilota	2099.065	0.0	1049.5325
hgt	753	GCA.001803565.1.Bacteria.Nitrospinota.B	2099.055	0.0	1049.5275
hgt	807	GCA.002789955.1.Bacteria.Myxococcota	1533.145	0.0	766.5725
spe	889	843	2701.575	2593.715	2647.645
los	889	843	2701.575	2593.715	2647.645
spe	889	888	2701.575	2515.76	2608.6675
spe	854	853	2344.965	2065.005	2204.985
los	854	853	2344.965	2065.005	2204.985
spe	850	846	2301.83	2027.01	2164.42
los	850	846	2301.83	2027.01	2164.42
spe	849	GCA.001896555.1.Bacteria.Desulfobacterota	1938.415	0.0	969.2075
los	849	GCA.001896555.1.Bacteria.Desulfobacterota	1938.415	0.0	969.2075
spe	887	863	2332.115	2111.78	2221.9475
los	887	863	2332.115	2111.78	2221.9475
spe	886	885	2067.29	1945.59	2006.44
los	886	885	2067.29	1945.59	2006.44
spe	874	868	1965.97	1758.21	1862.09
los	874	868	1965.97	1758.21	1862.09
spe	873	GCA.002011835.1.Bacteria.Desulfobacterota	1792.01	0.0	896.005
los	873	GCA.002011835.1.Bacteria.Desulfobacterota	1792.01	0.0	896.005
spe	871	GCA.002899795.1.Bacteria.Desulfobacterota	1532.675	0.0	766.3375
los	871	GCA.002899795.1.Bacteria.Desulfobacterota	1532.675	0.0	766.3375
spe	663	662	3209.65	3137.46	3173.555
los	663	662	3209.65	3137.46	3173.555
spe	663	397	3209.65	3012.355	3111.0025
hgt	None	dead	0.0	0.0	0.0
hgt	1322	GCA.000961765.1.Bacteria.Firmicutes.B	1700.81	0.0	850.405
hgt	None	dead	0.0	0.0	0.0
los	None	dead	0.0	0.0	0.0
hgt	1350	GCF.001742305.1.Bacteria.Firmicutes	1409.0	0.0	704.5
spe	396	395	2626.695	1520.715	2073.705
los	396	395	2626.695	1520.715	2073.705
hgt	None	dead	0.0	0.0	0.0
hgt	None	dead	0.0	0.0	0.0
hgt	462	GCF.000315795.1.Bacteria.Proteobacteria	1065.146	0.0	532.573
hgt	None	dead	0.0	0.0	0.0
los	None	dead	0.0	0.0	0.0
hgt	None	dead	0.0	0.0	0.0
hgt	None	dead	0.0	0.0	0.0
los	None	dead	0.0	0.0	0.0
spe	1382	1381	1812.955	1697.085	1755.02
spe	1380	1379	1588.96	1514.47	1551.715
los	1380	1379	1588.96	1514.47	1551.715
spe	1351	1350	1602.01	1409.0	1505.505
los	1351	1350	1602.01	1409.0	1505.505
spe	1347	GCF.900099895.1.Bacteria.Firmicutes	1294.365	0.0	647.1825
los	1347	GCF.900099895.1.Bacteria.Firmicutes	1294.365	0.0	647.1825
hgt	None	dead	0.0	0.0	0.0
los	None	dead	0.0	0.0	0.0
dup	1228	GCA.003023725.1.Bacteria.Firmicutes.E	2207.365	0.0	1103.6825
hgt	1326	1325	2448.67	2256.125	2352.3975
hgt	1326	1325	2448.67	2256.125	2352.3975
hgt	1440	GCF.001306175.1.Bacteria.Chloroflexota	1813.195	0.0	906.5975
hgt	895	GCA.002897695.1.Bacteria.BMS3Abin14	2233.715	0.0	1116.8575
spe	1326	1325	2448.67	2256.125	2352.3975
spe	1324	1308	2152.01	1925.235	2038.6225
los	1324	1308	2152.01	1925.235	2038.6225
spe	1323	1319	2061.88	1933.46	1997.67
los	1323	1319	2061.88	1933.46	1997.67
hgt	None	dead	0.0	0.0	0.0
spe	1322	GCA.001512665.1.Bacteria.Firmicutes.B	1700.81	0.0	850.405
los	1322	GCA.001512665.1.Bacteria.Firmicutes.B	1700.81	0.0	850.405
hgt	None	dead	0.0	0.0	0.0
los	None	dead	0.0	0.0	0.0
dup	1325	1297	2256.125	1985.275	2120.7
spe	1297	GCA.002329495.1.Bacteria.Firmicutes.B	1985.275	0.0	992.6375
los	1297	GCA.002329495.1.Bacteria.Firmicutes.B	1985.275	0.0	992.6375
spe	1296	GCA.001513545.1.Bacteria.Firmicutes.B	1805.085	0.0	902.5425
los	1296	GCA.001513545.1.Bacteria.Firmicutes.B	1805.085	0.0	902.5425
hgt	None	dead	0.0	0.0	0.0
hgt	1476	1454	2783.015	2214.935	2498.975
hgt	None	dead	0.0	0.0	0.0
los	None	dead	0.0	0.0	0.0
spe	1476	1454	2783.015	2214.935	2498.975
spe	1453	1452	2115.485	1623.74	1869.6125
los	1453	1452	2115.485	1623.74	1869.6125
spe	1449	GCA.002366595.1.Bacteria.Chloroflexota	1891.395	0.0	945.6975
los	1449	GCA.002366595.1.Bacteria.Chloroflexota	1891.395	0.0	945.6975
spe	1454	1446	2214.935	1960.08	2087.5075
spe	1440	GCF.001306175.1.Bacteria.Chloroflexota	1813.195	0.0	906.5975
los	1440	GCF.001306175.1.Bacteria.Chloroflexota	1813.195	0.0	906.5975
spe	1439	1438	1555.635	1347.94	1451.7875
los	1439	1438	1555.635	1347.94	1451.7875
spe	1446	1445	1960.08	1742.485	1851.2825
spe	1444	GCA.002366755.1.Bacteria.Chloroflexota	1539.09	0.0	769.545
los	1444	GCA.002366755.1.Bacteria.Chloroflexota	1539.09	0.0	769.545
spe	1325	1297	2256.125	1985.275	2120.7
hgt	1297	GCA.002329495.1.Bacteria.Firmicutes.B	1985.275	0.0	992.6375
los	1297	GCA.002329495.1.Bacteria.Firmicutes.B	1985.275	0.0	992.6375
hgt	265	GCA.003290465.1.Bacteria.Sumerlaeota	1973.575	0.0	986.7875
hgt	849	GCF.000266945.1.Bacteria.Desulfobacterota	1938.415	0.0	969.2075
hgt	328	GCF.002277955.1.Bacteria.Planctomycetota	1842.83	0.0	921.415
spe	1297	1296	1985.275	1805.085	1895.18
hgt	1296	GCA.001513545.1.Bacteria.Firmicutes.B	1805.085	0.0	902.5425
los	1296	GCA.001513545.1.Bacteria.Firmicutes.B	1805.085	0.0	902.5425
hgt	684	GCA.002483445.1.Bacteria.Acidobacteriota	1325.86	0.0	662.93
spe	1326	1325	2448.67	2256.125	2352.3975
spe	1297	GCA.002329495.1.Bacteria.Firmicutes.B	1985.275	0.0	992.6375
los	1297	GCA.002329495.1.Bacteria.Firmicutes.B	1985.275	0.0	992.6375
spe	1297	1296	1985.275	1805.085	1895.18
hgt	None	dead	0.0	0.0	0.0
los	1296	GCA.001513545.1.Bacteria.Firmicutes.B	1805.085	0.0	902.5425
hgt	None	dead	0.0	0.0	0.0
los	None	dead	0.0	0.0	0.0
spe	1325	1324	2256.125	2152.01	2204.0675
spe	1323	1319	2061.88	1933.46	1997.67
los	1323	1319	2061.88	1933.46	1997.67
spe	1322	GCA.001512665.1.Bacteria.Firmicutes.B	1700.81	0.0	850.405
los	1322	GCA.001512665.1.Bacteria.Firmicutes.B	1700.81	0.0	850.405
spe	1308	1300	1925.235	1565.1	1745.1675
los	1308	1300	1925.235	1565.1	1745.1675
spe	1308	1307	1925.235	1703.5	1814.3675
spe	1307	1305	1703.5	1518.03	1610.765
hgt	1305	1304	1518.03	1212.67	1365.35
los	1305	1304	1518.03	1212.67	1365.35
