event	left_node	right_node	left_date	right_date	midpoint_date
spe	1727	1726	3797.955	3785.015	3791.485
spe	1094	1093	3721.555	3558.68	3640.1175
los	1094	1093	3721.555	3558.68	3640.1175
spe	1048	278	3560.57	3428.485	3494.5275
los	1048	278	3560.57	3428.485	3494.5275
spe	1047	365	3546.415	3289.67	3418.0425
los	1047	365	3546.415	3289.67	3418.0425
spe	1046	1045	3486.69	3272.33	3379.51
los	1046	1045	3486.69	3272.33	3379.51
spe	1046	902	3486.69	3388.51	3437.6
spe	390	389	3128.085	2749.555	2938.82
los	390	389	3128.085	2749.555	2938.82
spe	902	901	3388.51	3298.045	3343.2775
spe	901	900	3298.045	3178.205	3238.125
hgt	None	dead	0.0	0.0	0.0
los	900	716	3178.205	2750.795	2964.5
hgt	None	dead	0.0	0.0	0.0
los	None	dead	0.0	0.0	0.0
spe	899	898	3077.265	3008.34	3042.8025
los	899	898	3077.265	3008.34	3042.8025
spe	743	742	2953.32	2707.335	2830.3275
los	743	742	2953.32	2707.335	2830.3275
spe	721	720	2669.375	2336.65	2503.0125
los	721	720	2669.375	2336.65	2503.0125
spe	901	663	3298.045	3209.65	3253.8475
hgt	None	dead	0.0	0.0	0.0
los	663	397	3209.65	3012.355	3111.0025
hgt	None	dead	0.0	0.0	0.0
los	None	dead	0.0	0.0	0.0
spe	663	662	3209.65	3137.46	3173.555
hgt	None	dead	0.0	0.0	0.0
los	662	400	3137.46	2394.165	2765.8125
hgt	None	dead	0.0	0.0	0.0
los	None	dead	0.0	0.0	0.0
spe	661	655	3082.4	3023.71	3053.055
los	661	655	3082.4	3023.71	3053.055
spe	660	GCA.002395105.1.Bacteria.Proteobacteria	2563.03	0.0	1281.515
los	660	GCA.002395105.1.Bacteria.Proteobacteria	2563.03	0.0	1281.515
spe	659	GCA.000830255.1.Bacteria.Campylobacterota	1482.555	0.0	741.2775
los	659	GCA.000830255.1.Bacteria.Campylobacterota	1482.555	0.0	741.2775
hgt	None	dead	0.0	0.0	0.0
hgt	None	dead	0.0	0.0	0.0
los	None	dead	0.0	0.0	0.0
spe	1726	1725	3785.015	3734.58	3759.7975
spe	1725	1724	3734.58	3628.125	3681.3525
hgt	None	dead	0.0	0.0	0.0
hgt	None	dead	0.0	0.0	0.0
hgt	None	dead	0.0	0.0	0.0
los	None	dead	0.0	0.0	0.0
hgt	178	177	3649.25	3486.475	3567.8625
spe	1723	1722	3473.32	3258.43	3365.875
los	1723	1722	3473.32	3258.43	3365.875
spe	1657	1656	3302.405	3049.13	3175.7675
los	1657	1656	3302.405	3049.13	3175.7675
spe	1645	GCA.002050035.1.Bacteria.4484.113	3111.405	0.0	1555.7025
los	1645	GCA.002050035.1.Bacteria.4484.113	3111.405	0.0	1555.7025
dup	178	177	3649.25	3486.475	3567.8625
spe	178	177	3649.25	3486.475	3567.8625
spe	177	95	3486.475	3251.76	3369.1175
spe	94	42	3195.115	2648.12	2921.6175
los	94	42	3195.115	2648.12	2921.6175
spe	93	GCF.000025525.1.Archaea.Methanobacteriota.A	2978.785	0.0	1489.3925
los	93	GCF.000025525.1.Archaea.Methanobacteriota.A	2978.785	0.0	1489.3925
spe	92	70	2820.295	2306.48	2563.3875
los	92	70	2820.295	2306.48	2563.3875
spe	91	GCA.003034855.1.Archaea.Halobacteriota	2456.155	0.0	1228.0775
los	91	GCA.003034855.1.Archaea.Halobacteriota	2456.155	0.0	1228.0775
spe	90	89	2213.885	2018.03	2115.9575
los	90	89	2213.885	2018.03	2115.9575
spe	74	GCF.000194625.1.Archaea.Halobacteriota	1964.425	0.0	982.2125
los	74	GCF.000194625.1.Archaea.Halobacteriota	1964.425	0.0	982.2125
spe	39	35	2961.96	2647.665	2804.8125
los	39	35	2961.96	2647.665	2804.8125
spe	38	GCA.001515205.2.Archaea.Hadarchaeota	2493.245	0.0	1246.6225
los	38	GCA.001515205.2.Archaea.Hadarchaeota	2493.245	0.0	1246.6225
spe	177	176	3486.475	3232.565	3359.52
hgt	None	dead	0.0	0.0	0.0
los	176	175	3232.565	3094.86	3163.7125
hgt	None	dead	0.0	0.0	0.0
los	None	dead	0.0	0.0	0.0
spe	176	140	3232.565	3044.4	3138.4825
spe	139	109	2917.505	2602.795	2760.15
los	139	109	2917.505	2602.795	2760.15
spe	138	124	2764.09	2515.505	2639.7975
los	138	124	2764.09	2515.505	2639.7975
spe	137	136	2491.115	2332.2	2411.6575
los	137	136	2491.115	2332.2	2411.6575
hgt	99	GCF.001481685.1.Archaea.Thermoproteota	1639.4	0.0	819.7
spe	178	177	3649.25	3486.475	3567.8625
spe	176	175	3232.565	3094.86	3163.7125
los	176	175	3232.565	3094.86	3163.7125
spe	140	GCF.000019605.1.Archaea.Thermoproteota	3044.4	0.0	1522.2
los	140	GCF.000019605.1.Archaea.Thermoproteota	3044.4	0.0	1522.2
dup	140	139	3044.4	2917.505	2980.9525
hgt	None	dead	0.0	0.0	0.0
dup	None	dead	0.0	0.0	0.0
hgt	None	dead	0.0	0.0	0.0
los	None	dead	0.0	0.0	0.0
dup	None	dead	0.0	0.0	0.0
dup	None	dead	0.0	0.0	0.0
hgt	None	dead	0.0	0.0	0.0
los	None	dead	0.0	0.0	0.0
dup	None	dead	0.0	0.0	0.0
hgt	None	dead	0.0	0.0	0.0
los	None	dead	0.0	0.0	0.0
hgt	None	dead	0.0	0.0	0.0
los	None	dead	0.0	0.0	0.0
dup	None	dead	0.0	0.0	0.0
hgt	None	dead	0.0	0.0	0.0
los	None	dead	0.0	0.0	0.0
dup	None	dead	0.0	0.0	0.0
hgt	None	dead	0.0	0.0	0.0
los	None	dead	0.0	0.0	0.0
hgt	None	dead	0.0	0.0	0.0
los	None	dead	0.0	0.0	0.0
spe	140	139	3044.4	2917.505	2980.9525
spe	138	137	2764.09	2491.115	2627.6025
los	138	137	2764.09	2491.115	2627.6025
spe	124	123	2515.505	2385.055	2450.28
los	124	123	2515.505	2385.055	2450.28
spe	139	109	2917.505	2602.795	2760.15
spe	108	GCF.000148385.1.Archaea.Thermoproteota	2228.635	0.0	1114.3175
los	108	GCF.000148385.1.Archaea.Thermoproteota	2228.635	0.0	1114.3175
spe	107	GCA.001717025.1.Archaea.Thermoproteota	1874.74	0.0	937.37
los	107	GCA.001717025.1.Archaea.Thermoproteota	1874.74	0.0	937.37
spe	103	GCA.002254745.1.Archaea.Thermoproteota	2146.08	0.0	1073.04
los	103	GCA.002254745.1.Archaea.Thermoproteota	2146.08	0.0	1073.04
spe	101	99	1883.85	1639.4	1761.625
los	101	99	1883.85	1639.4	1761.625
spe	140	139	3044.4	2917.505	2980.9525
hgt	None	dead	0.0	0.0	0.0
los	139	138	2917.505	2764.09	2840.7975
hgt	None	dead	0.0	0.0	0.0
los	None	dead	0.0	0.0	0.0
spe	109	103	2602.795	2146.08	2374.4375
los	109	103	2602.795	2146.08	2374.4375
spe	108	107	2228.635	1874.74	2051.6875
los	108	107	2228.635	1874.74	2051.6875
dup	108	GCF.000148385.1.Archaea.Thermoproteota	2228.635	0.0	1114.3175
hgt	68	GCA.002495185.1.Archaea.Thermoplasmatota	1880.675	0.0	940.3375
spe	177	95	3486.475	3251.76	3369.1175
spe	94	42	3195.115	2648.12	2921.6175
los	94	42	3195.115	2648.12	2921.6175
spe	94	93	3195.115	2978.785	3086.95
spe	92	70	2820.295	2306.48	2563.3875
los	92	70	2820.295	2306.48	2563.3875
spe	92	91	2820.295	2456.155	2638.225
spe	91	90	2456.155	2213.885	2335.02
spe	74	GCA.002011165.1.Archaea.Halobacteriota	1964.425	0.0	982.2125
los	74	GCA.002011165.1.Archaea.Halobacteriota	1964.425	0.0	982.2125
spe	90	89	2213.885	2018.03	2115.9575
spe	77	GCA.003194435.1.Archaea.Halobacteriota	1646.475	0.0	823.2375
los	77	GCA.003194435.1.Archaea.Halobacteriota	1646.475	0.0	823.2375
hgt	89	88	2018.03	1850.095	1934.0625
los	89	88	2018.03	1850.095	1934.0625
spe	32	26	3162.845	606.986	1884.9155
spe	95	39	3251.76	2961.96	3106.86
spe	35	GCF.002201895.1.Archaea.Euryarchaeota	2647.665	0.0	1323.8325
los	35	GCF.002201895.1.Archaea.Euryarchaeota	2647.665	0.0	1323.8325
hgt	None	dead	0.0	0.0	0.0
los	39	38	2961.96	2493.245	2727.6025
hgt	None	dead	0.0	0.0	0.0
los	None	dead	0.0	0.0	0.0
dup	86	GCA.001412335.1.Archaea.Halobacteriota	1547.845	0.0	773.9225
hgt	1444	GCA.002366755.1.Bacteria.Chloroflexota	1539.09	0.0	769.545
hgt	905	GCA.001412425.1.Bacteria.Cloacimonadota	2019.13	0.0	1009.565
hgt	107	GCA.001717025.1.Archaea.Thermoproteota	1874.74	0.0	937.37
hgt	1452	GCA.002423325.1.Bacteria.Chloroflexota	1623.74	0.0	811.87
hgt	77	GCA.003194435.1.Archaea.Halobacteriota	1646.475	0.0	823.2375
hgt	None	dead	0.0	0.0	0.0
los	None	dead	0.0	0.0	0.0
spe	1425	1424	2026.57	1882.275	1954.4225
spe	1422	GCA.003484395.1.Bacteria.Chloroflexota	1743.865	0.0	871.9325
los	1422	GCA.003484395.1.Bacteria.Chloroflexota	1743.865	0.0	871.9325
spe	1421	GCA.002347295.1.Bacteria.Chloroflexota	1703.17	0.0	851.585
los	1421	GCA.002347295.1.Bacteria.Chloroflexota	1703.17	0.0	851.585
spe	1419	GCA.002352365.1.Bacteria.Chloroflexota	1560.275	0.0	780.1375
los	1419	GCA.002352365.1.Bacteria.Chloroflexota	1560.275	0.0	780.1375
hgt	113	GCA.002255025.1.Archaea.Thermoproteota	2111.275	0.0	1055.6375
spe	1642	1641	3541.065	3197.795	3369.43
los	1642	1641	3541.065	3197.795	3369.43
spe	1478	1396	3264.47	2089.7	2677.085
los	1478	1396	3264.47	2089.7	2677.085
spe	1477	1431	3024.12	2678.945	2851.5325
los	1477	1431	3024.12	2678.945	2851.5325
spe	1476	1475	2783.015	2647.025	2715.02
los	1476	1475	2783.015	2647.025	2715.02
spe	1476	1454	2783.015	2214.935	2498.975
spe	1453	1452	2115.485	1623.74	1869.6125
los	1453	1452	2115.485	1623.74	1869.6125
spe	1449	GCA.002400365.1.Bacteria.Chloroflexota	1891.395	0.0	945.6975
los	1449	GCA.002400365.1.Bacteria.Chloroflexota	1891.395	0.0	945.6975
spe	1446	1440	1960.08	1813.195	1886.6375
los	1446	1440	1960.08	1813.195	1886.6375
spe	1445	GCA.003130875.1.Bacteria.Chloroflexota	1742.485	0.0	871.2425
los	1445	GCA.003130875.1.Bacteria.Chloroflexota	1742.485	0.0	871.2425
spe	1444	GCA.003451595.1.Bacteria.Chloroflexota	1539.09	0.0	769.545
los	1444	GCA.003451595.1.Bacteria.Chloroflexota	1539.09	0.0	769.545
spe	1725	1393	3734.58	3594.23	3664.405
hgt	None	dead	0.0	0.0	0.0
los	1393	1129	3594.23	3343.055	3468.6425
hgt	None	dead	0.0	0.0	0.0
los	None	dead	0.0	0.0	0.0
spe	888	887	2515.76	2332.115	2423.9375
spe	863	857	2111.78	1980.505	2046.1425
los	863	857	2111.78	1980.505	2046.1425
spe	862	GCA.002782605.1.Bacteria.Desulfobacterota	1779.145	0.0	889.5725
los	862	GCA.002782605.1.Bacteria.Desulfobacterota	1779.145	0.0	889.5725
spe	861	GCA.002327985.1.Bacteria.Desulfobacterota	1645.455	0.0	822.7275
los	861	GCA.002327985.1.Bacteria.Desulfobacterota	1645.455	0.0	822.7275
spe	886	874	2067.29	1965.97	2016.63
los	886	874	2067.29	1965.97	2016.63
spe	886	885	2067.29	1945.59	2006.44
spe	884	880	1824.105	1550.835	1687.47
los	884	880	1824.105	1550.835	1687.47
spe	883	GCA.000961655.1.Bacteria.Desulfobacterota	1441.77	0.0	720.885
los	883	GCA.000961655.1.Bacteria.Desulfobacterota	1441.77	0.0	720.885
spe	877	GCA.001797675.1.Bacteria.Desulfobacterota	1826.365	0.0	913.1825
los	877	GCA.001797675.1.Bacteria.Desulfobacterota	1826.365	0.0	913.1825
spe	1393	1392	3594.23	3486.295	3540.2625
spe	1188	GCA.002779205.1.Bacteria.Actinobacteriota	3139.205	0.0	1569.6025
los	1188	GCA.002779205.1.Bacteria.Actinobacteriota	3139.205	0.0	1569.6025
spe	1187	1186	3067.16	2936.225	3001.6925
los	1187	1186	3067.16	2936.225	3001.6925
spe	1133	GCA.001871795.1.Bacteria.Actinobacteriota	2467.96	0.0	1233.98
los	1133	GCA.001871795.1.Bacteria.Actinobacteriota	2467.96	0.0	1233.98
spe	1391	1211	3193.865	2951.505	3072.685
los	1391	1211	3193.865	2951.505	3072.685
spe	1390	1218	3074.65	2879.54	2977.095
los	1390	1218	3074.65	2879.54	2977.095
spe	1389	1237	2995.16	2548.64	2771.9
los	1389	1237	2995.16	2548.64	2771.9
spe	1388	1274	2841.585	2600.015	2720.8
los	1388	1274	2841.585	2600.015	2720.8
spe	1387	1386	2774.13	2592.35	2683.24
los	1387	1386	2774.13	2592.35	2683.24
spe	1387	1327	2774.13	2643.35	2708.74
spe	1289	GCA.002345475.1.Bacteria.Firmicutes.H	2319.605	0.0	1159.8025
los	1289	GCA.002345475.1.Bacteria.Firmicutes.H	2319.605	0.0	1159.8025
spe	1288	GCA.002411145.1.Bacteria.Firmicutes.C	1737.805	0.0	868.9025
los	1288	GCA.002411145.1.Bacteria.Firmicutes.C	1737.805	0.0	868.9025
spe	1287	GCA.002329525.1.Bacteria.Firmicutes.C	1455.455	0.0	727.7275
los	1287	GCA.002329525.1.Bacteria.Firmicutes.C	1455.455	0.0	727.7275
spe	1285	1284	1344.265	1051.609	1197.937
los	1285	1284	1344.265	1051.609	1197.937
spe	1281	1280	1116.4885	953.42	1034.95425
los	1281	1280	1116.4885	953.42	1034.95425
dup	1281	GCF.002257705.1.Bacteria.Firmicutes.C	1116.4885	0.0	558.24425
spe	1327	1326	2643.35	2448.67	2546.01
spe	1325	1297	2256.125	1985.275	2120.7
los	1325	1297	2256.125	1985.275	2120.7
spe	1324	1308	2152.01	1925.235	2038.6225
los	1324	1308	2152.01	1925.235	2038.6225
spe	1323	1322	2061.88	1700.81	1881.345
los	1323	1322	2061.88	1700.81	1881.345
spe	1323	1319	2061.88	1933.46	1997.67
spe	1318	1317	1818.985	1219.28	1519.1325
los	1318	1317	1818.985	1219.28	1519.1325
spe	1312	GCF.000019165.1.Bacteria.Firmicutes.B	1521.75	0.0	760.875
los	1312	GCF.000019165.1.Bacteria.Firmicutes.B	1521.75	0.0	760.875
spe	1326	1292	2448.67	1962.37	2205.52
hgt	1292	GCF.001950325.1.Bacteria.Firmicutes.B	1962.37	0.0	981.185
los	1292	GCF.001950325.1.Bacteria.Firmicutes.B	1962.37	0.0	981.185
dup	216	GCA.001805575.1.Bacteria.Omnitrophota	1473.715	0.0	736.8575
