event	left_node	right_node	left_date	right_date	midpoint_date
hgt	None	dead	0.0	0.0	0.0
hgt	None	dead	0.0	0.0	0.0
los	None	dead	0.0	0.0	0.0
spe	1477	1476	3024.12	2783.015	2903.5675
spe	1476	1475	2783.015	2647.025	2715.02
spe	1475	1463	2647.025	2401.705	2524.365
spe	1462	1461	2298.115	1906.91	2102.5125
los	1462	1461	2298.115	1906.91	2102.5125
hgt	None	dead	0.0	0.0	0.0
los	1463	1457	2401.705	1966.385	2184.045
hgt	None	dead	0.0	0.0	0.0
los	None	dead	0.0	0.0	0.0
spe	1382	1381	1812.955	1697.085	1755.02
spe	1380	GCF.001049895.1.Bacteria.Firmicutes	1588.96	0.0	794.48
los	1380	GCF.001049895.1.Bacteria.Firmicutes	1588.96	0.0	794.48
spe	1379	1378	1514.47	1207.485	1360.9775
los	1379	1378	1514.47	1207.485	1360.9775
dup	1379	1355	1514.47	1273.085	1393.7775
spe	1355	GCF.000503775.1.Bacteria.Firmicutes	1273.085	0.0	636.5425
los	1355	GCF.000503775.1.Bacteria.Firmicutes	1273.085	0.0	636.5425
spe	1379	1355	1514.47	1273.085	1393.7775
spe	1381	1351	1697.085	1602.01	1649.5475
hgt	1351	1347	1602.01	1294.365	1448.1875
los	1351	1347	1602.01	1294.365	1448.1875
spe	1350	GCF.000942395.1.Bacteria.Firmicutes	1409.0	0.0	704.5
los	1350	GCF.000942395.1.Bacteria.Firmicutes	1409.0	0.0	704.5
spe	1475	1474	2647.025	2497.34	2572.1825
spe	1470	GCF.000025005.1.Bacteria.Chloroflexota	2147.93	0.0	1073.965
los	1470	GCF.000025005.1.Bacteria.Chloroflexota	2147.93	0.0	1073.965
spe	1469	1467	1964.555	1808.245	1886.4
los	1469	1467	1964.555	1808.245	1886.4
hgt	1474	1473	2497.34	1423.81	1960.575
los	1474	1473	2497.34	1423.81	1960.575
hgt	None	dead	0.0	0.0	0.0
hgt	None	dead	0.0	0.0	0.0
hgt	None	dead	0.0	0.0	0.0
los	None	dead	0.0	0.0	0.0
spe	694	692	1248.195	1141.9465	1195.07075
hgt	742	741	2707.335	2099.065	2403.2
spe	1476	1454	2783.015	2214.935	2498.975
spe	1454	1453	2214.935	2115.485	2165.21
hgt	1453	1452	2115.485	1623.74	1869.6125
los	1453	1452	2115.485	1623.74	1869.6125
spe	1453	1449	2115.485	1891.395	2003.44
hgt	1449	GCA.002366595.1.Bacteria.Chloroflexota	1891.395	0.0	945.6975
los	1449	GCA.002366595.1.Bacteria.Chloroflexota	1891.395	0.0	945.6975
hgt	489	GCA.002348365.1.Bacteria.Proteobacteria	1225.83	0.0	612.915
dup	489	GCA.002348365.1.Bacteria.Proteobacteria	1225.83	0.0	612.915
spe	1454	1446	2214.935	1960.08	2087.5075
hgt	None	dead	0.0	0.0	0.0
los	1446	1445	1960.08	1742.485	1851.2825
hgt	None	dead	0.0	0.0	0.0
los	None	dead	0.0	0.0	0.0
spe	1446	1440	1960.08	1813.195	1886.6375
hgt	532	GCA.002405475.1.Bacteria.Proteobacteria	1641.495	0.0	820.7475
hgt	702	GCA.003223635.1.Bacteria.Acidobacteriota	1354.27	0.0	677.135
hgt	821	GCF.000737335.2.Bacteria.Proteobacteria	1480.98	0.0	740.49
hgt	579	GCA.003137095.1.Bacteria.Proteobacteria	971.347	0.0	485.6735
hgt	None	dead	0.0	0.0	0.0
los	1440	1439	1813.195	1555.635	1684.415
hgt	None	dead	0.0	0.0	0.0
los	None	dead	0.0	0.0	0.0
spe	327	326	1542.255	1215.9915	1379.12325
hgt	1457	GCF.003967555.1.Bacteria.Chloroflexota	1966.385	0.0	983.1925
hgt	1437	GCF.900066015.1.Bacteria.Chloroflexota	1218.17	0.0	609.085
dup	742	741	2707.335	2099.065	2403.2
hgt	1387	1327	2774.13	2643.35	2708.74
spe	742	741	2707.335	2099.065	2403.2
hgt	892	GCA.001873285.1.Bacteria.CG2.30.53.67	2160.3	0.0	1080.15
hgt	400	GCA.002401295.1.Bacteria.SAR324	2394.165	0.0	1197.0825
hgt	520	519	2793.675	2628.48	2711.0775
spe	1387	1327	2774.13	2643.35	2708.74
spe	1327	1289	2643.35	2319.605	2481.4775
dup	1289	1288	2319.605	1737.805	2028.705
hgt	1324	1323	2152.01	2061.88	2106.945
spe	1288	GCA.002411145.1.Bacteria.Firmicutes.C	1737.805	0.0	868.9025
los	1288	GCA.002411145.1.Bacteria.Firmicutes.C	1737.805	0.0	868.9025
spe	1287	GCA.002329525.1.Bacteria.Firmicutes.C	1455.455	0.0	727.7275
los	1287	GCA.002329525.1.Bacteria.Firmicutes.C	1455.455	0.0	727.7275
spe	1287	1285	1455.455	1344.265	1399.86
spe	1284	GCF.000425045.1.Bacteria.Firmicutes.C	1051.609	0.0	525.8045
los	1284	GCF.000425045.1.Bacteria.Firmicutes.C	1051.609	0.0	525.8045
spe	1285	1281	1344.265	1116.4885	1230.37675
spe	1280	GCF.000430605.1.Bacteria.Firmicutes.C	953.42	0.0	476.71
los	1280	GCF.000430605.1.Bacteria.Firmicutes.C	953.42	0.0	476.71
spe	1324	1323	2152.01	2061.88	2106.945
spe	1322	GCA.001512665.1.Bacteria.Firmicutes.B	1700.81	0.0	850.405
los	1322	GCA.001512665.1.Bacteria.Firmicutes.B	1700.81	0.0	850.405
spe	1319	1318	1933.46	1818.985	1876.2225
los	1319	1318	1933.46	1818.985	1876.2225
spe	1288	GCA.002411145.1.Bacteria.Firmicutes.C	1737.805	0.0	868.9025
los	1288	GCA.002411145.1.Bacteria.Firmicutes.C	1737.805	0.0	868.9025
spe	1288	1287	1737.805	1455.455	1596.63
spe	1285	1284	1344.265	1051.609	1197.937
los	1285	1284	1344.265	1051.609	1197.937
spe	1281	GCF.002257705.1.Bacteria.Firmicutes.C	1116.4885	0.0	558.24425
los	1281	GCF.002257705.1.Bacteria.Firmicutes.C	1116.4885	0.0	558.24425
spe	1280	GCF.900104455.1.Bacteria.Firmicutes.C	953.42	0.0	476.71
los	1280	GCF.900104455.1.Bacteria.Firmicutes.C	953.42	0.0	476.71
hgt	837	GCA.001768075.1.Bacteria.Myxococcota	1633.315	0.0	816.6575
hgt	1289	GCA.002345475.1.Bacteria.Firmicutes.H	2319.605	0.0	1159.8025
los	1289	GCA.002345475.1.Bacteria.Firmicutes.H	2319.605	0.0	1159.8025
spe	1326	1292	2448.67	1962.37	2205.52
los	1326	1292	2448.67	1962.37	2205.52
spe	1326	1325	2448.67	2256.125	2352.3975
spe	1324	1323	2152.01	2061.88	2106.945
los	1324	1323	2152.01	2061.88	2106.945
spe	1308	1300	1925.235	1565.1	1745.1675
los	1308	1300	1925.235	1565.1	1745.1675
spe	1307	1305	1703.5	1518.03	1610.765
los	1307	1305	1703.5	1518.03	1610.765
spe	1325	1297	2256.125	1985.275	2120.7
hgt	1297	GCA.002329495.1.Bacteria.Firmicutes.B	1985.275	0.0	992.6375
los	1297	GCA.002329495.1.Bacteria.Firmicutes.B	1985.275	0.0	992.6375
spe	1296	GCA.001513545.1.Bacteria.Firmicutes.B	1805.085	0.0	902.5425
los	1296	GCA.001513545.1.Bacteria.Firmicutes.B	1805.085	0.0	902.5425
hgt	None	dead	0.0	0.0	0.0
dup	None	dead	0.0	0.0	0.0
hgt	None	dead	0.0	0.0	0.0
los	None	dead	0.0	0.0	0.0
hgt	None	dead	0.0	0.0	0.0
los	None	dead	0.0	0.0	0.0
spe	520	519	2793.675	2628.48	2711.0775
spe	519	518	2628.48	2401.92	2515.2
hgt	518	GCA.002689455.1.Bacteria.Proteobacteria	2401.92	0.0	1200.96
los	518	GCA.002689455.1.Bacteria.Proteobacteria	2401.92	0.0	1200.96
spe	518	517	2401.92	2211.17	2306.545
hgt	517	GCA.002937675.1.Bacteria.Proteobacteria	2211.17	0.0	1105.585
los	517	GCA.002937675.1.Bacteria.Proteobacteria	2211.17	0.0	1105.585
spe	516	428	2128.885	2006.63	2067.7575
los	516	428	2128.885	2006.63	2067.7575
spe	515	GCA.002632265.1.Bacteria.Proteobacteria	2002.575	0.0	1001.2875
los	515	GCA.002632265.1.Bacteria.Proteobacteria	2002.575	0.0	1001.2875
dup	515	514	2002.575	1851.4	1926.9875
spe	514	436	1851.4	1731.205	1791.3025
los	514	436	1851.4	1731.205	1791.3025
dup	514	513	1851.4	1786.09	1818.745
hgt	None	dead	0.0	0.0	0.0
hgt	None	dead	0.0	0.0	0.0
los	None	dead	0.0	0.0	0.0
spe	514	513	1851.4	1786.09	1818.745
spe	512	486	1671.055	1393.215	1532.135
los	512	486	1671.055	1393.215	1532.135
spe	511	489	1589.625	1225.83	1407.7275
los	511	489	1589.625	1225.83	1407.7275
spe	511	510	1589.625	1517.685	1553.655
spe	509	495	1417.44	1152.21	1284.825
los	509	495	1417.44	1152.21	1284.825
spe	508	507	1290.24	1064.673	1177.4565
los	508	507	1290.24	1064.673	1177.4565
spe	498	GCF.000192575.1.Bacteria.Proteobacteria	1143.1505	0.0	571.57525
los	498	GCF.000192575.1.Bacteria.Proteobacteria	1143.1505	0.0	571.57525
spe	510	492	1517.685	1247.39	1382.5375
hgt	436	GCA.002722885.1.Bacteria.Proteobacteria	1731.205	0.0	865.6025
spe	513	483	1786.09	1736.705	1761.3975
spe	447	439	1590.07	1430.985	1510.5275
los	447	439	1590.07	1430.985	1510.5275
spe	446	GCA.002717185.1.Bacteria.Proteobacteria	1389.555	0.0	694.7775
los	446	GCA.002717185.1.Bacteria.Proteobacteria	1389.555	0.0	694.7775
spe	445	444	1267.47	1089.937	1178.7035
los	445	444	1267.47	1089.937	1178.7035
hgt	None	dead	0.0	0.0	0.0
los	483	482	1736.705	1642.38	1689.5425
hgt	None	dead	0.0	0.0	0.0
los	None	dead	0.0	0.0	0.0
spe	600	598	1212.31	904.2135	1058.26175
spe	514	513	1851.4	1786.09	1818.745
spe	483	447	1736.705	1590.07	1663.3875
los	483	447	1736.705	1590.07	1663.3875
spe	482	458	1642.38	1513.53	1577.955
los	482	458	1642.38	1513.53	1577.955
spe	481	480	1564.755	1431.52	1498.1375
los	481	480	1564.755	1431.52	1498.1375
spe	481	469	1564.755	1451.305	1508.03
spe	463	GCF.002251795.1.Bacteria.Proteobacteria	1313.945	0.0	656.9725
los	463	GCF.002251795.1.Bacteria.Proteobacteria	1313.945	0.0	656.9725
spe	462	GCF.000315795.1.Bacteria.Proteobacteria	1065.146	0.0	532.573
los	462	GCF.000315795.1.Bacteria.Proteobacteria	1065.146	0.0	532.573
spe	469	468	1451.305	1270.185	1360.745
spe	467	GCA.002291925.1.Bacteria.Proteobacteria	1108.71	0.0	554.355
los	467	GCA.002291925.1.Bacteria.Proteobacteria	1108.71	0.0	554.355
hgt	746	GCF.900079095.1.Bacteria.Tectomicrobia	2036.715	0.0	1018.3575
hgt	None	dead	0.0	0.0	0.0
hgt	None	dead	0.0	0.0	0.0
los	None	dead	0.0	0.0	0.0
spe	513	512	1786.09	1671.055	1728.5725
spe	486	GCF.000264455.2.Bacteria.Proteobacteria	1393.215	0.0	696.6075
los	486	GCF.000264455.2.Bacteria.Proteobacteria	1393.215	0.0	696.6075
spe	512	511	1671.055	1589.625	1630.34
hgt	None	dead	0.0	0.0	0.0
los	511	510	1589.625	1517.685	1553.655
hgt	None	dead	0.0	0.0	0.0
los	None	dead	0.0	0.0	0.0
spe	511	489	1589.625	1225.83	1407.7275
hgt	489	GCA.002348365.1.Bacteria.Proteobacteria	1225.83	0.0	612.915
los	489	GCA.002348365.1.Bacteria.Proteobacteria	1225.83	0.0	612.915
spe	515	514	2002.575	1851.4	1926.9875
spe	436	GCA.002722885.1.Bacteria.Proteobacteria	1731.205	0.0	865.6025
los	436	GCA.002722885.1.Bacteria.Proteobacteria	1731.205	0.0	865.6025
spe	436	435	1731.205	1539.415	1635.31
spe	434	GCA.002238885.1.Bacteria.Proteobacteria	1329.5	0.0	664.75
los	434	GCA.002238885.1.Bacteria.Proteobacteria	1329.5	0.0	664.75
spe	513	512	1786.09	1671.055	1728.5725
los	513	512	1786.09	1671.055	1728.5725
spe	483	447	1736.705	1590.07	1663.3875
los	483	447	1736.705	1590.07	1663.3875
spe	483	482	1736.705	1642.38	1689.5425
dup	482	458	1642.38	1513.53	1577.955
spe	458	GCA.002340345.1.Bacteria.Proteobacteria	1513.53	0.0	756.765
los	458	GCA.002340345.1.Bacteria.Proteobacteria	1513.53	0.0	756.765
spe	456	455	1329.135	974.476	1151.8055
los	456	455	1329.135	974.476	1151.8055
spe	482	458	1642.38	1513.53	1577.955
spe	456	GCF.002148795.1.Bacteria.Proteobacteria	1329.135	0.0	664.5675
los	456	GCF.002148795.1.Bacteria.Proteobacteria	1329.135	0.0	664.5675
spe	456	455	1329.135	974.476	1151.8055
spe	454	453	839.502	720.6325	780.06725
los	454	453	839.502	720.6325	780.06725
spe	481	480	1564.755	1431.52	1498.1375
los	481	480	1564.755	1431.52	1498.1375
spe	481	469	1564.755	1451.305	1508.03
spe	468	467	1270.185	1108.71	1189.4475
los	468	467	1270.185	1108.71	1189.4475
spe	469	463	1451.305	1313.945	1382.625
hgt	463	GCF.002251795.1.Bacteria.Proteobacteria	1313.945	0.0	656.9725
los	463	GCF.002251795.1.Bacteria.Proteobacteria	1313.945	0.0	656.9725
spe	462	GCF.006980715.1.Bacteria.Proteobacteria	1065.146	0.0	532.573
los	462	GCF.006980715.1.Bacteria.Proteobacteria	1065.146	0.0	532.573
hgt	None	dead	0.0	0.0	0.0
hgt	714	713	2462.345	2300.685	2381.515
spe	742	741	2707.335	2099.065	2403.2
hgt	560	GCA.001735895.1.Bacteria.Proteobacteria	1588.3	0.0	794.15
hgt	741	GCA.001771285.1.Bacteria.Methylomirabilota	2099.065	0.0	1049.5325
los	741	GCA.001771285.1.Bacteria.Methylomirabilota	2099.065	0.0	1049.5325
spe	714	713	2462.345	2300.685	2381.515
spe	699	698	2165.445	1924.625	2045.035
los	699	698	2165.445	1924.625	2045.035
spe	681	680	1934.475	1748.645	1841.56
los	681	680	1934.475	1748.645	1841.56
spe	712	706	2094.82	1817.88	1956.35
los	712	706	2094.82	1817.88	1956.35
spe	711	GCA.001664505.1.Bacteria.Acidobacteriota	1902.735	0.0	951.3675
los	711	GCA.001664505.1.Bacteria.Acidobacteriota	1902.735	0.0	951.3675
spe	709	GCA.003223995.1.Bacteria.Acidobacteriota	1593.285	0.0	796.6425
los	709	GCA.003223995.1.Bacteria.Acidobacteriota	1593.285	0.0	796.6425
dup	None	dead	0.0	0.0	0.0
hgt	None	dead	0.0	0.0	0.0
los	None	dead	0.0	0.0	0.0
hgt	None	dead	0.0	0.0	0.0
los	None	dead	0.0	0.0	0.0
spe	515	514	2002.575	1851.4	1926.9875
spe	513	483	1786.09	1736.705	1761.3975
los	513	483	1786.09	1736.705	1761.3975
spe	513	512	1786.09	1671.055	1728.5725
spe	511	510	1589.625	1517.685	1553.655
los	511	510	1589.625	1517.685	1553.655
spe	489	GCA.002701885.1.Bacteria.Proteobacteria	1225.83	0.0	612.915
los	489	GCA.002701885.1.Bacteria.Proteobacteria	1225.83	0.0	612.915
hgt	None	dead	0.0	0.0	0.0
hgt	None	dead	0.0	0.0	0.0
los	None	dead	0.0	0.0	0.0
hgt	603	602	1669.485	1587.075	1628.28
spe	512	486	1671.055	1393.215	1532.135
hgt	486	GCF.000264455.2.Bacteria.Proteobacteria	1393.215	0.0	696.6075
los	486	GCF.000264455.2.Bacteria.Proteobacteria	1393.215	0.0	696.6075
spe	603	602	1669.485	1587.075	1628.28
spe	601	595	1425.555	1214.005	1319.78
los	601	595	1425.555	1214.005	1319.78
spe	600	GCA.002007425.1.Bacteria.Proteobacteria	1212.31	0.0	606.155
los	600	GCA.002007425.1.Bacteria.Proteobacteria	1212.31	0.0	606.155
spe	598	GCA.002170535.1.Bacteria.Proteobacteria	904.2135	0.0	452.10675
los	598	GCA.002170535.1.Bacteria.Proteobacteria	904.2135	0.0	452.10675
spe	602	592	1587.075	1273.13	1430.1025
hgt	592	GCF.000024725.1.Bacteria.Proteobacteria	1273.13	0.0	636.565
los	592	GCF.000024725.1.Bacteria.Proteobacteria	1273.13	0.0	636.565
spe	514	436	1851.4	1731.205	1791.3025
hgt	436	435	1731.205	1539.415	1635.31
los	436	435	1731.205	1539.415	1635.31
hgt	None	dead	0.0	0.0	0.0
los	None	dead	0.0	0.0	0.0
spe	1236	1228	2380.34	2207.365	2293.8525
spe	1227	1226	1969.33	1819.185	1894.2575
los	1227	1226	1969.33	1819.185	1894.2575
hgt	None	dead	0.0	0.0	0.0
hgt	None	dead	0.0	0.0	0.0
los	None	dead	0.0	0.0	0.0
spe	560	558	1588.3	1422.015	1505.1575
spe	557	GCA.002007405.1.Bacteria.Proteobacteria	1194.24	0.0	597.12
los	557	GCA.002007405.1.Bacteria.Proteobacteria	1194.24	0.0	597.12
hgt	542	GCA.002631715.1.Bacteria.Proteobacteria	1750.015	0.0	875.0075
hgt	None	dead	0.0	0.0	0.0
spe	178	177	3649.25	3486.475	3567.8625
dup	177	176	3486.475	3232.565	3359.52
spe	176	140	3232.565	3044.4	3138.4825
los	176	140	3232.565	3044.4	3138.4825
spe	175	174	3094.86	2978.795	3036.8275
los	175	174	3094.86	2978.795	3036.8275
spe	143	GCA.001563325.1.Archaea.Asgardarchaeota	2506.355	0.0	1253.1775
los	143	GCA.001563325.1.Archaea.Asgardarchaeota	2506.355	0.0	1253.1775
spe	177	176	3486.475	3232.565	3359.52
hgt	None	dead	0.0	0.0	0.0
hgt	None	dead	0.0	0.0	0.0
los	None	dead	0.0	0.0	0.0
hgt	None	dead	0.0	0.0	0.0
dup	None	dead	0.0	0.0	0.0
hgt	None	dead	0.0	0.0	0.0
los	None	dead	0.0	0.0	0.0
hgt	None	dead	0.0	0.0	0.0
los	None	dead	0.0	0.0	0.0
spe	176	175	3232.565	3094.86	3163.7125
spe	143	GCA.001940655.1.Archaea.Asgardarchaeota	2506.355	0.0	1253.1775
los	143	GCA.001940655.1.Archaea.Asgardarchaeota	2506.355	0.0	1253.1775
spe	174	GCA.001940665.1.Archaea.Asgardarchaeota	2978.795	0.0	1489.3975
los	174	GCA.001940665.1.Archaea.Asgardarchaeota	2978.795	0.0	1489.3975
spe	173	172	2879.565	1667.17	2273.3675
los	173	172	2879.565	1667.17	2273.3675
spe	151	150	2655.89	1958.415	2307.1525
los	151	150	2655.89	1958.415	2307.1525
spe	147	GCA.001940725.1.Archaea.Asgardarchaeota	2129.97	0.0	1064.985
los	147	GCA.001940725.1.Archaea.Asgardarchaeota	2129.97	0.0	1064.985
spe	176	140	3232.565	3044.4	3138.4825
spe	139	138	2917.505	2764.09	2840.7975
los	139	138	2917.505	2764.09	2840.7975
spe	139	109	2917.505	2602.795	2760.15
spe	103	GCA.002254745.1.Archaea.Thermoproteota	2146.08	0.0	1073.04
los	103	GCA.002254745.1.Archaea.Thermoproteota	2146.08	0.0	1073.04
spe	101	99	1883.85	1639.4	1761.625
los	101	99	1883.85	1639.4	1761.625
spe	108	107	2228.635	1874.74	2051.6875
los	108	107	2228.635	1874.74	2051.6875
hgt	None	dead	0.0	0.0	0.0
hgt	None	dead	0.0	0.0	0.0
los	None	dead	0.0	0.0	0.0
spe	177	95	3486.475	3251.76	3369.1175
spe	94	42	3195.115	2648.12	2921.6175
los	94	42	3195.115	2648.12	2921.6175
spe	93	GCF.000025525.1.Archaea.Methanobacteriota.A	2978.785	0.0	1489.3925
los	93	GCF.000025525.1.Archaea.Methanobacteriota.A	2978.785	0.0	1489.3925
spe	92	70	2820.295	2306.48	2563.3875
los	92	70	2820.295	2306.48	2563.3875
spe	91	GCA.003034855.1.Archaea.Halobacteriota	2456.155	0.0	1228.0775
los	91	GCA.003034855.1.Archaea.Halobacteriota	2456.155	0.0	1228.0775
spe	90	89	2213.885	2018.03	2115.9575
los	90	89	2213.885	2018.03	2115.9575
spe	74	GCF.000194625.1.Archaea.Halobacteriota	1964.425	0.0	982.2125
los	74	GCF.000194625.1.Archaea.Halobacteriota	1964.425	0.0	982.2125
spe	39	35	2961.96	2647.665	2804.8125
los	39	35	2961.96	2647.665	2804.8125
spe	38	GCA.001515205.2.Archaea.Hadarchaeota	2493.245	0.0	1246.6225
los	38	GCA.001515205.2.Archaea.Hadarchaeota	2493.245	0.0	1246.6225
dup	None	dead	0.0	0.0	0.0
dup	None	dead	0.0	0.0	0.0
hgt	None	dead	0.0	0.0	0.0
los	None	dead	0.0	0.0	0.0
hgt	None	dead	0.0	0.0	0.0
los	None	dead	0.0	0.0	0.0
spe	515	514	2002.575	1851.4	1926.9875
spe	514	513	1851.4	1786.09	1818.745
spe	483	482	1736.705	1642.38	1689.5425
los	483	482	1736.705	1642.38	1689.5425
spe	447	439	1590.07	1430.985	1510.5275
los	447	439	1590.07	1430.985	1510.5275
spe	446	445	1389.555	1267.47	1328.5125
los	446	445	1389.555	1267.47	1328.5125
hgt	513	512	1786.09	1671.055	1728.5725
los	513	512	1786.09	1671.055	1728.5725
spe	514	436	1851.4	1731.205	1791.3025
spe	435	GCA.006969625.1.Bacteria.Proteobacteria	1539.415	0.0	769.7075
los	435	GCA.006969625.1.Bacteria.Proteobacteria	1539.415	0.0	769.7075
spe	434	GCA.002898275.1.Bacteria.Proteobacteria	1329.5	0.0	664.75
los	434	GCA.002898275.1.Bacteria.Proteobacteria	1329.5	0.0	664.75
hgt	796	GCA.002238415.1.Bacteria.Desulfobacterota.B	1757.055	0.0	878.5275
hgt	598	GCA.002292285.1.Bacteria.Proteobacteria	904.2135	0.0	452.10675
hgt	None	dead	0.0	0.0	0.0
los	None	dead	0.0	0.0	0.0
spe	902	901	3388.51	3298.045	3343.2775
spe	901	663	3298.045	3209.65	3253.8475
hgt	None	dead	0.0	0.0	0.0
los	663	662	3209.65	3137.46	3173.555
hgt	None	dead	0.0	0.0	0.0
los	None	dead	0.0	0.0	0.0
spe	1326	1325	2448.67	2256.125	2352.3975
spe	1297	GCA.002329495.1.Bacteria.Firmicutes.B	1985.275	0.0	992.6375
los	1297	GCA.002329495.1.Bacteria.Firmicutes.B	1985.275	0.0	992.6375
spe	1296	GCA.001513545.1.Bacteria.Firmicutes.B	1805.085	0.0	902.5425
los	1296	GCA.001513545.1.Bacteria.Firmicutes.B	1805.085	0.0	902.5425
dup	1325	1324	2256.125	2152.01	2204.0675
spe	1324	1308	2152.01	1925.235	2038.6225
los	1324	1308	2152.01	1925.235	2038.6225
spe	1323	1322	2061.88	1700.81	1881.345
los	1323	1322	2061.88	1700.81	1881.345
spe	1319	1318	1933.46	1818.985	1876.2225
los	1319	1318	1933.46	1818.985	1876.2225
dup	1319	GCF.900100785.1.Bacteria.Firmicutes.B	1933.46	0.0	966.73
hgt	1380	GCF.001049895.1.Bacteria.Firmicutes	1588.96	0.0	794.48
spe	1325	1324	2256.125	2152.01	2204.0675
spe	1308	1307	1925.235	1703.5	1814.3675
los	1308	1307	1925.235	1703.5	1814.3675
spe	1300	GCA.002418765.1.Bacteria.Firmicutes.B	1565.1	0.0	782.55
los	1300	GCA.002418765.1.Bacteria.Firmicutes.B	1565.1	0.0	782.55
spe	1324	1323	2152.01	2061.88	2106.945
spe	1322	GCA.001512665.1.Bacteria.Firmicutes.B	1700.81	0.0	850.405
los	1322	GCA.001512665.1.Bacteria.Firmicutes.B	1700.81	0.0	850.405
hgt	1323	1319	2061.88	1933.46	1997.67
los	1323	1319	2061.88	1933.46	1997.67
spe	663	397	3209.65	3012.355	3111.0025
hgt	1208	GCA.001513145.1.Bacteria.Firmicutes.G	2182.765	0.0	1091.3825
hgt	713	712	2300.685	2094.82	2197.7525
hgt	873	871	1792.01	1532.675	1662.3425
spe	873	871	1792.01	1532.675	1662.3425
hgt	857	GCA.002010915.1.Bacteria.Desulfobacterota	1980.505	0.0	990.2525
hgt	None	dead	0.0	0.0	0.0
hgt	None	dead	0.0	0.0	0.0
los	None	dead	0.0	0.0	0.0
spe	713	712	2300.685	2094.82	2197.7525
spe	706	704	1817.88	1616.3	1717.09
los	706	704	1817.88	1616.3	1717.09
spe	712	711	2094.82	1902.735	1998.7775
spe	709	GCA.003223145.1.Bacteria.Acidobacteriota	1593.285	0.0	796.6425
los	709	GCA.003223145.1.Bacteria.Acidobacteriota	1593.285	0.0	796.6425
hgt	702	GCA.003152095.1.Bacteria.Acidobacteriota	1354.27	0.0	677.135
hgt	1462	GCA.002436065.1.Bacteria.Chloroflexota	2298.115	0.0	1149.0575
hgt	397	396	3012.355	2626.695	2819.525
los	397	396	3012.355	2626.695	2819.525
spe	1390	1389	3074.65	2995.16	3034.905
spe	1389	1237	2995.16	2548.64	2771.9
spe	1221	GCA.002375925.1.Bacteria.Firmicutes.E	2065.095	0.0	1032.5475
los	1221	GCA.002375925.1.Bacteria.Firmicutes.E	2065.095	0.0	1032.5475
spe	1236	1228	2380.34	2207.365	2293.8525
los	1236	1228	2380.34	2207.365	2293.8525
spe	1235	1234	2102.15	1826.555	1964.3525
los	1235	1234	2102.15	1826.555	1964.3525
spe	1389	1388	2995.16	2841.585	2918.3725
spe	1388	1387	2841.585	2774.13	2807.8575
spe	1386	1330	2592.35	2019.045	2305.6975
los	1386	1330	2592.35	2019.045	2305.6975
spe	1385	1384	2489.295	2053.965	2271.63
los	1385	1384	2489.295	2053.965	2271.63
spe	1333	GCA.002423965.1.Bacteria.Firmicutes.D	2115.765	0.0	1057.8825
los	1333	GCA.002423965.1.Bacteria.Firmicutes.D	2115.765	0.0	1057.8825
spe	1327	1289	2643.35	2319.605	2481.4775
los	1327	1289	2643.35	2319.605	2481.4775
spe	1327	1326	2643.35	2448.67	2546.01
spe	1292	GCF.000024605.1.Bacteria.Firmicutes.B	1962.37	0.0	981.185
los	1292	GCF.000024605.1.Bacteria.Firmicutes.B	1962.37	0.0	981.185
spe	1326	1325	2448.67	2256.125	2352.3975
hgt	1325	1297	2256.125	1985.275	2120.7
los	1325	1297	2256.125	1985.275	2120.7
spe	1324	1308	2152.01	1925.235	2038.6225
los	1324	1308	2152.01	1925.235	2038.6225
spe	1323	1322	2061.88	1700.81	1881.345
los	1323	1322	2061.88	1700.81	1881.345
spe	1319	GCF.900100785.1.Bacteria.Firmicutes.B	1933.46	0.0	966.73
los	1319	GCF.900100785.1.Bacteria.Firmicutes.B	1933.46	0.0	966.73
spe	1318	1317	1818.985	1219.28	1519.1325
los	1318	1317	1818.985	1219.28	1519.1325
spe	1312	GCF.000019165.1.Bacteria.Firmicutes.B	1521.75	0.0	760.875
los	1312	GCF.000019165.1.Bacteria.Firmicutes.B	1521.75	0.0	760.875
hgt	None	dead	0.0	0.0	0.0
hgt	None	dead	0.0	0.0	0.0
los	None	dead	0.0	0.0	0.0
spe	1385	1384	2489.295	2053.965	2271.63
spe	1383	1382	1928.425	1812.955	1870.69
los	1383	1382	1928.425	1812.955	1870.69
spe	1341	GCF.001311905.1.Bacteria.Firmicutes	1562.96	0.0	781.48
los	1341	GCF.001311905.1.Bacteria.Firmicutes	1562.96	0.0	781.48
spe	1384	1338	2053.965	1618.77	1836.3675
spe	1337	GCF.000092905.1.Bacteria.Firmicutes	1358.655	0.0	679.3275
los	1337	GCF.000092905.1.Bacteria.Firmicutes	1358.655	0.0	679.3275
spe	1388	1274	2841.585	2600.015	2720.8
spe	1240	GCA.002376045.1.Bacteria.Firmicutes.A	2224.995	0.0	1112.4975
los	1240	GCA.002376045.1.Bacteria.Firmicutes.A	2224.995	0.0	1112.4975
spe	1273	1272	2372.06	2201.415	2286.7375
los	1273	1272	2372.06	2201.415	2286.7375
hgt	None	dead	0.0	0.0	0.0
dup	None	dead	0.0	0.0	0.0
hgt	None	dead	0.0	0.0	0.0
los	None	dead	0.0	0.0	0.0
hgt	None	dead	0.0	0.0	0.0
los	None	dead	0.0	0.0	0.0
spe	901	900	3298.045	3178.205	3238.125
spe	900	716	3178.205	2750.795	2964.5
spe	715	714	2587.59	2462.345	2524.9675
los	715	714	2587.59	2462.345	2524.9675
spe	675	GCA.002789615.1.Bacteria.Acidobacteriota	2219.92	0.0	1109.96
los	675	GCA.002789615.1.Bacteria.Acidobacteriota	2219.92	0.0	1109.96
spe	674	GCA.002747255.1.Bacteria.Acidobacteriota	1948.825	0.0	974.4125
los	674	GCA.002747255.1.Bacteria.Acidobacteriota	1948.825	0.0	974.4125
hgt	None	dead	0.0	0.0	0.0
los	716	670	2750.795	2401.115	2575.955
hgt	None	dead	0.0	0.0	0.0
los	None	dead	0.0	0.0	0.0
dup	900	899	3178.205	3077.265	3127.735
dup	900	899	3178.205	3077.265	3127.735
hgt	None	dead	0.0	0.0	0.0
hgt	None	dead	0.0	0.0	0.0
los	None	dead	0.0	0.0	0.0
hgt	None	dead	0.0	0.0	0.0
dup	None	dead	0.0	0.0	0.0
hgt	None	dead	0.0	0.0	0.0
los	None	dead	0.0	0.0	0.0
dup	None	dead	0.0	0.0	0.0
hgt	None	dead	0.0	0.0	0.0
los	None	dead	0.0	0.0	0.0
dup	None	dead	0.0	0.0	0.0
hgt	None	dead	0.0	0.0	0.0
los	None	dead	0.0	0.0	0.0
dup	None	dead	0.0	0.0	0.0
hgt	None	dead	0.0	0.0	0.0
los	None	dead	0.0	0.0	0.0
hgt	None	dead	0.0	0.0	0.0
los	None	dead	0.0	0.0	0.0
spe	900	899	3178.205	3077.265	3127.735
spe	899	743	3077.265	2953.32	3015.2925
hgt	None	dead	0.0	0.0	0.0
los	743	721	2953.32	2669.375	2811.3475
hgt	None	dead	0.0	0.0	0.0
los	None	dead	0.0	0.0	0.0
spe	743	742	2953.32	2707.335	2830.3275
hgt	713	712	2300.685	2094.82	2197.7525
hgt	361	353	2351.985	2183.07	2267.5275
spe	742	741	2707.335	2099.065	2403.2
hgt	741	GCA.001771285.1.Bacteria.Methylomirabilota	2099.065	0.0	1049.5325
los	741	GCA.001771285.1.Bacteria.Methylomirabilota	2099.065	0.0	1049.5325
hgt	1449	GCA.002400365.1.Bacteria.Chloroflexota	1891.395	0.0	945.6975
hgt	692	GCA.003140235.1.Bacteria.Acidobacteriota	1141.9465	0.0	570.97325
hgt	None	dead	0.0	0.0	0.0
hgt	None	dead	0.0	0.0	0.0
los	None	dead	0.0	0.0	0.0
spe	361	353	2351.985	2183.07	2267.5275
spe	352	350	1776.1	1516.925	1646.5125
los	352	350	1776.1	1516.925	1646.5125
spe	353	347	2183.07	2010.41	2096.74
hgt	None	dead	0.0	0.0	0.0
los	347	345	2010.41	1703.735	1857.0725
hgt	None	dead	0.0	0.0	0.0
los	None	dead	0.0	0.0	0.0
spe	713	712	2300.685	2094.82	2197.7525
spe	711	709	1902.735	1593.285	1748.01
los	711	709	1902.735	1593.285	1748.01
hgt	1385	1384	2489.295	2053.965	2271.63
spe	712	706	2094.82	1817.88	1956.35
hgt	659	GCA.000830255.1.Bacteria.Campylobacterota	1482.555	0.0	741.2775
hgt	706	GCA.002327305.1.Bacteria.Acidobacteriota	1817.88	0.0	908.94
los	706	GCA.002327305.1.Bacteria.Acidobacteriota	1817.88	0.0	908.94
hgt	829	828	2062.825	1800.295	1931.56
spe	706	704	1817.88	1616.3	1717.09
hgt	704	GCA.003133645.1.Bacteria.Acidobacteriota	1616.3	0.0	808.15
los	704	GCA.003133645.1.Bacteria.Acidobacteriota	1616.3	0.0	808.15
spe	704	702	1616.3	1354.27	1485.285
hgt	796	GCA.002238415.1.Bacteria.Desulfobacterota.B	1757.055	0.0	878.5275
hgt	702	GCA.003152095.1.Bacteria.Acidobacteriota	1354.27	0.0	677.135
los	702	GCA.003152095.1.Bacteria.Acidobacteriota	1354.27	0.0	677.135
hgt	None	dead	0.0	0.0	0.0
hgt	746	GCA.002238965.1.Bacteria.UBA8248	2036.715	0.0	1018.3575
hgt	1041	GCA.002686955.1.Bacteria.Gemmatimonadota.A	2693.13	0.0	1346.565
hgt	None	dead	0.0	0.0	0.0
hgt	None	dead	0.0	0.0	0.0
los	None	dead	0.0	0.0	0.0
spe	829	828	2062.825	1800.295	1931.56
spe	827	826	1682.675	1516.045	1599.36
los	827	826	1682.675	1516.045	1599.36
spe	821	GCA.002841825.1.Bacteria.Myxococcota	1480.98	0.0	740.49
los	821	GCA.002841825.1.Bacteria.Myxococcota	1480.98	0.0	740.49
dup	None	dead	0.0	0.0	0.0
hgt	None	dead	0.0	0.0	0.0
los	None	dead	0.0	0.0	0.0
hgt	None	dead	0.0	0.0	0.0
los	None	dead	0.0	0.0	0.0
spe	1385	1384	2489.295	2053.965	2271.63
spe	1383	1382	1928.425	1812.955	1870.69
los	1383	1382	1928.425	1812.955	1870.69
spe	1341	GCF.001311905.1.Bacteria.Firmicutes	1562.96	0.0	781.48
los	1341	GCF.001311905.1.Bacteria.Firmicutes	1562.96	0.0	781.48
spe	1338	GCF.002335525.1.Bacteria.Firmicutes	1618.77	0.0	809.385
los	1338	GCF.002335525.1.Bacteria.Firmicutes	1618.77	0.0	809.385
spe	1338	1337	1618.77	1358.655	1488.7125
hgt	406	GCA.001872725.1.Bacteria.Proteobacteria	2569.1	0.0	1284.55
hgt	None	dead	0.0	0.0	0.0
dup	None	dead	0.0	0.0	0.0
hgt	None	dead	0.0	0.0	0.0
los	None	dead	0.0	0.0	0.0
dup	None	dead	0.0	0.0	0.0
hgt	None	dead	0.0	0.0	0.0
los	None	dead	0.0	0.0	0.0
hgt	None	dead	0.0	0.0	0.0
los	None	dead	0.0	0.0	0.0
spe	742	738	2707.335	2387.34	2547.3375
spe	738	728	2387.34	2047.46	2217.4
hgt	728	724	2047.46	1631.91	1839.685
los	728	724	2047.46	1631.91	1839.685
spe	728	727	2047.46	1801.01	1924.235
hgt	727	GCA.001805205.1.Bacteria.Nitrospirota	1801.01	0.0	900.505
los	727	GCA.001805205.1.Bacteria.Nitrospirota	1801.01	0.0	900.505
spe	738	737	2387.34	2168.56	2277.95
spe	737	736	2168.56	1883.24	2025.9
hgt	736	GCA.001803795.1.Bacteria.Nitrospirota	1883.24	0.0	941.62
los	736	GCA.001803795.1.Bacteria.Nitrospirota	1883.24	0.0	941.62
hgt	1119	GCA.002779825.1.Bacteria.Armatimonadota	2017.9	0.0	1008.95
hgt	275	GCA.001784175.1.Bacteria.Lindowbacteria	2878.805	0.0	1439.4025
hgt	749	GCA.003229375.1.Bacteria.Nitrospinota	1781.81	0.0	890.905
hgt	1173	GCA.002897715.1.Bacteria.Actinobacteriota	1615.325	0.0	807.6625
hgt	386	GCA.002450905.1.Bacteria.Spirochaetota	2009.02	0.0	1004.51
hgt	None	dead	0.0	0.0	0.0
hgt	754	753	2364.085	2099.055	2231.57
spe	737	733	2168.56	1662.33	1915.445
hgt	733	732	1662.33	1418.365	1540.3475
los	733	732	1662.33	1418.365	1540.3475
spe	754	753	2364.085	2099.055	2231.57
spe	753	751	2099.055	1941.285	2020.17
hgt	751	GCA.002500605.1.Bacteria.Nitrospinota	1941.285	0.0	970.6425
los	751	GCA.002500605.1.Bacteria.Nitrospinota	1941.285	0.0	970.6425
spe	749	GCA.002705185.1.Bacteria.Nitrospinota	1781.81	0.0	890.905
los	749	GCA.002705185.1.Bacteria.Nitrospinota	1781.81	0.0	890.905
dup	None	dead	0.0	0.0	0.0
hgt	None	dead	0.0	0.0	0.0
los	None	dead	0.0	0.0	0.0
hgt	None	dead	0.0	0.0	0.0
los	None	dead	0.0	0.0	0.0
hgt	759	GCA.003170555.1.Bacteria.FEN.1099	2069.88	0.0	1034.94
dup	406	GCA.001872725.1.Bacteria.Proteobacteria	2569.1	0.0	1284.55
hgt	397	GCF.000526155.1.Bacteria.Desulfobacterota	3012.355	0.0	1506.1775
dup	397	GCF.000526155.1.Bacteria.Desulfobacterota	3012.355	0.0	1506.1775
dup	899	898	3077.265	3008.34	3042.8025
spe	899	898	3077.265	3008.34	3042.8025
hgt	1083	1082	3063.215	2875.59	2969.4025
spe	898	756	3008.34	2635.78	2822.06
hgt	756	GCA.001790645.1.Bacteria.Schekmanbacteria	2635.78	0.0	1317.89
los	756	GCA.001790645.1.Bacteria.Schekmanbacteria	2635.78	0.0	1317.89
spe	756	754	2635.78	2364.085	2499.9325
spe	754	753	2364.085	2099.055	2231.57
dup	753	GCA.001803565.1.Bacteria.Nitrospinota.B	2099.055	0.0	1049.5275
dup	753	GCA.001803565.1.Bacteria.Nitrospinota.B	2099.055	0.0	1049.5275
hgt	794	GCA.001798565.1.Bacteria.Desulfobacterota.B	1455.87	0.0	727.935
hgt	686	GCA.002451015.1.Bacteria.Acidobacteriota	1699.78	0.0	849.89
dup	753	GCA.001803565.1.Bacteria.Nitrospinota.B	2099.055	0.0	1049.5275
dup	753	GCA.001803565.1.Bacteria.Nitrospinota.B	2099.055	0.0	1049.5275
hgt	None	dead	0.0	0.0	0.0
los	753	751	2099.055	1941.285	2020.17
hgt	None	dead	0.0	0.0	0.0
los	None	dead	0.0	0.0	0.0
dup	794	GCA.001798565.1.Bacteria.Desulfobacterota.B	1455.87	0.0	727.935
dup	794	GCA.001798565.1.Bacteria.Desulfobacterota.B	1455.87	0.0	727.935
hgt	None	dead	0.0	0.0	0.0
los	754	746	2364.085	2036.715	2200.4
hgt	None	dead	0.0	0.0	0.0
los	None	dead	0.0	0.0	0.0
dup	498	GCA.002731375.1.Bacteria.Proteobacteria	1143.1505	0.0	571.57525
hgt	1307	GCA.000987045.1.Bacteria.Firmicutes.B	1703.5	0.0	851.75
hgt	595	GCA.002389045.1.Bacteria.Proteobacteria	1214.005	0.0	607.0025
hgt	501	GCA.003158585.1.Bacteria.Proteobacteria	746.3765	0.0	373.18825
dup	498	GCA.002731375.1.Bacteria.Proteobacteria	1143.1505	0.0	571.57525
hgt	1281	GCF.002257705.1.Bacteria.Firmicutes.C	1116.4885	0.0	558.24425
spe	1083	1082	3063.215	2875.59	2969.4025
spe	1082	1080	2875.59	2598.745	2737.1675
spe	1079	GCF.000421485.1.Bacteria.Aquificota	2250.72	0.0	1125.36
los	1079	GCF.000421485.1.Bacteria.Aquificota	2250.72	0.0	1125.36
spe	1078	1076	1978.035	1449.05	1713.5425
los	1078	1076	1978.035	1449.05	1713.5425
hgt	1145	GCA.001767695.1.Bacteria.Actinobacteriota	2028.235	0.0	1014.1175
hgt	1080	GCF.001547735.1.Bacteria.Thermosulfidibacterota	2598.745	0.0	1299.3725
los	1080	GCF.001547735.1.Bacteria.Thermosulfidibacterota	2598.745	0.0	1299.3725
hgt	982	GCF.001535965.1.Bacteria.Bacteroidota	1930.625	0.0	965.3125
spe	897	896	2922.2	2689.39	2805.795
los	897	896	2922.2	2689.39	2805.795
spe	897	889	2922.2	2701.575	2811.8875
spe	889	888	2701.575	2515.76	2608.6675
hgt	None	dead	0.0	0.0	0.0
hgt	None	dead	0.0	0.0	0.0
los	None	dead	0.0	0.0	0.0
dup	753	GCA.001803565.1.Bacteria.Nitrospinota.B	2099.055	0.0	1049.5275
hgt	1008	GCA.000447245.1.Bacteria.Zixibacteria	1946.09	0.0	973.045
hgt	356	GCA.001828445.1.Bacteria.Planctomycetota	1822.11	0.0	911.055
hgt	741	GCA.001771285.1.Bacteria.Methylomirabilota	2099.065	0.0	1049.5325
hgt	861	GCA.002327985.1.Bacteria.Desulfobacterota	1645.455	0.0	822.7275
hgt	None	dead	0.0	0.0	0.0
hgt	None	dead	0.0	0.0	0.0
los	None	dead	0.0	0.0	0.0
hgt	None	dead	0.0	0.0	0.0
los	888	854	2515.76	2344.965	2430.3625
hgt	None	dead	0.0	0.0	0.0
los	None	dead	0.0	0.0	0.0
hgt	None	dead	0.0	0.0	0.0
hgt	None	dead	0.0	0.0	0.0
los	None	dead	0.0	0.0	0.0
dup	888	887	2515.76	2332.115	2423.9375
spe	887	886	2332.115	2067.29	2199.7025
los	887	886	2332.115	2067.29	2199.7025
spe	863	857	2111.78	1980.505	2046.1425
los	863	857	2111.78	1980.505	2046.1425
spe	862	GCA.002782605.1.Bacteria.Desulfobacterota	1779.145	0.0	889.5725
los	862	GCA.002782605.1.Bacteria.Desulfobacterota	1779.145	0.0	889.5725
spe	861	GCA.001304105.1.Bacteria.Desulfobacterota	1645.455	0.0	822.7275
los	861	GCA.001304105.1.Bacteria.Desulfobacterota	1645.455	0.0	822.7275
dup	888	887	2515.76	2332.115	2423.9375
spe	888	887	2515.76	2332.115	2423.9375
spe	887	886	2332.115	2067.29	2199.7025
hgt	886	885	2067.29	1945.59	2006.44
los	886	885	2067.29	1945.59	2006.44
spe	874	873	1965.97	1792.01	1878.99
los	874	873	1965.97	1792.01	1878.99
spe	868	866	1758.21	1421.715	1589.9625
los	868	866	1758.21	1421.715	1589.9625
spe	887	863	2332.115	2111.78	2221.9475
spe	862	GCA.002782605.1.Bacteria.Desulfobacterota	1779.145	0.0	889.5725
los	862	GCA.002782605.1.Bacteria.Desulfobacterota	1779.145	0.0	889.5725
spe	861	GCA.001304105.1.Bacteria.Desulfobacterota	1645.455	0.0	822.7275
los	861	GCA.001304105.1.Bacteria.Desulfobacterota	1645.455	0.0	822.7275
hgt	863	857	2111.78	1980.505	2046.1425
los	863	857	2111.78	1980.505	2046.1425
hgt	742	738	2707.335	2387.34	2547.3375
spe	888	887	2515.76	2332.115	2423.9375
spe	887	886	2332.115	2067.29	2199.7025
spe	886	885	2067.29	1945.59	2006.44
spe	884	880	1824.105	1550.835	1687.47
los	884	880	1824.105	1550.835	1687.47
spe	883	GCA.001751085.1.Bacteria.Desulfobacterota	1441.77	0.0	720.885
los	883	GCA.001751085.1.Bacteria.Desulfobacterota	1441.77	0.0	720.885
spe	877	GCA.001797675.1.Bacteria.Desulfobacterota	1826.365	0.0	913.1825
los	877	GCA.001797675.1.Bacteria.Desulfobacterota	1826.365	0.0	913.1825
hgt	1216	GCF.000020005.1.Bacteria.Firmicutes.D	2264.52	0.0	1132.26
hgt	None	dead	0.0	0.0	0.0
los	886	874	2067.29	1965.97	2016.63
hgt	None	dead	0.0	0.0	0.0
los	None	dead	0.0	0.0	0.0
hgt	1237	1221	2548.64	2065.095	2306.8675
hgt	None	dead	0.0	0.0	0.0
los	887	863	2332.115	2111.78	2221.9475
hgt	None	dead	0.0	0.0	0.0
los	None	dead	0.0	0.0	0.0
spe	1381	1351	1697.085	1602.01	1649.5475
spe	1347	GCF.900099895.1.Bacteria.Firmicutes	1294.365	0.0	647.1825
los	1347	GCF.900099895.1.Bacteria.Firmicutes	1294.365	0.0	647.1825
spe	1350	GCF.000942395.1.Bacteria.Firmicutes	1409.0	0.0	704.5
los	1350	GCF.000942395.1.Bacteria.Firmicutes	1409.0	0.0	704.5
spe	1237	1221	2548.64	2065.095	2306.8675
hgt	1322	GCA.000961765.1.Bacteria.Firmicutes.B	1700.81	0.0	850.405
hgt	None	dead	0.0	0.0	0.0
hgt	None	dead	0.0	0.0	0.0
los	None	dead	0.0	0.0	0.0
spe	742	738	2707.335	2387.34	2547.3375
spe	728	724	2047.46	1631.91	1839.685
los	728	724	2047.46	1631.91	1839.685
spe	727	GCA.001805205.1.Bacteria.Nitrospirota	1801.01	0.0	900.505
los	727	GCA.001805205.1.Bacteria.Nitrospirota	1801.01	0.0	900.505
spe	737	733	2168.56	1662.33	1915.445
los	737	733	2168.56	1662.33	1915.445
spe	736	GCA.001803795.1.Bacteria.Nitrospirota	1883.24	0.0	941.62
los	736	GCA.001803795.1.Bacteria.Nitrospirota	1883.24	0.0	941.62
spe	889	843	2701.575	2593.715	2647.645
hgt	None	dead	0.0	0.0	0.0
hgt	None	dead	0.0	0.0	0.0
los	None	dead	0.0	0.0	0.0
hgt	None	dead	0.0	0.0	0.0
los	843	842	2593.715	2481.42	2537.5675
hgt	None	dead	0.0	0.0	0.0
los	None	dead	0.0	0.0	0.0
hgt	None	dead	0.0	0.0	0.0
hgt	None	dead	0.0	0.0	0.0
los	None	dead	0.0	0.0	0.0
hgt	None	dead	0.0	0.0	0.0
hgt	1475	1474	2647.025	2497.34	2572.1825
spe	783	759	2471.955	2069.88	2270.9175
los	783	759	2471.955	2069.88	2270.9175
spe	782	781	2283.175	2076.175	2179.675
los	782	781	2283.175	2076.175	2179.675
spe	770	GCA.002787535.1.Bacteria.Bdellovibrionota	2135.495	0.0	1067.7475
los	770	GCA.002787535.1.Bacteria.Bdellovibrionota	2135.495	0.0	1067.7475
spe	769	768	1907.64	1764.5	1836.07
los	769	768	1907.64	1764.5	1836.07
spe	1475	1474	2647.025	2497.34	2572.1825
spe	1473	GCA.003243965.1.Bacteria.Chloroflexota	1423.81	0.0	711.905
los	1473	GCA.003243965.1.Bacteria.Chloroflexota	1423.81	0.0	711.905
spe	1474	1470	2497.34	2147.93	2322.635
hgt	1470	GCF.000025005.1.Bacteria.Chloroflexota	2147.93	0.0	1073.965
los	1470	GCF.000025005.1.Bacteria.Chloroflexota	2147.93	0.0	1073.965
spe	1469	1467	1964.555	1808.245	1886.4
los	1469	1467	1964.555	1808.245	1886.4
dup	None	dead	0.0	0.0	0.0
hgt	None	dead	0.0	0.0	0.0
los	None	dead	0.0	0.0	0.0
hgt	None	dead	0.0	0.0	0.0
los	None	dead	0.0	0.0	0.0
spe	899	898	3077.265	3008.34	3042.8025
dup	898	897	3008.34	2922.2	2965.27
spe	897	896	2922.2	2689.39	2805.795
los	897	896	2922.2	2689.39	2805.795
spe	889	843	2701.575	2593.715	2647.645
los	889	843	2701.575	2593.715	2647.645
spe	889	888	2701.575	2515.76	2608.6675
spe	854	853	2344.965	2065.005	2204.985
los	854	853	2344.965	2065.005	2204.985
spe	850	846	2301.83	2027.01	2164.42
los	850	846	2301.83	2027.01	2164.42
spe	849	GCA.001896555.1.Bacteria.Desulfobacterota	1938.415	0.0	969.2075
los	849	GCA.001896555.1.Bacteria.Desulfobacterota	1938.415	0.0	969.2075
dup	888	887	2515.76	2332.115	2423.9375
spe	888	887	2515.76	2332.115	2423.9375
hgt	887	863	2332.115	2111.78	2221.9475
los	887	863	2332.115	2111.78	2221.9475
spe	887	886	2332.115	2067.29	2199.7025
hgt	None	dead	0.0	0.0	0.0
hgt	None	dead	0.0	0.0	0.0
los	None	dead	0.0	0.0	0.0
spe	886	885	2067.29	1945.59	2006.44
spe	884	880	1824.105	1550.835	1687.47
los	884	880	1824.105	1550.835	1687.47
spe	883	GCA.001751085.1.Bacteria.Desulfobacterota	1441.77	0.0	720.885
los	883	GCA.001751085.1.Bacteria.Desulfobacterota	1441.77	0.0	720.885
spe	877	GCA.001797675.1.Bacteria.Desulfobacterota	1826.365	0.0	913.1825
los	877	GCA.001797675.1.Bacteria.Desulfobacterota	1826.365	0.0	913.1825
dup	886	874	2067.29	1965.97	2016.63
spe	874	873	1965.97	1792.01	1878.99
los	874	873	1965.97	1792.01	1878.99
spe	868	866	1758.21	1421.715	1589.9625
los	868	866	1758.21	1421.715	1589.9625
spe	886	874	2067.29	1965.97	2016.63
spe	868	GCA.002347095.1.Bacteria.Desulfobacterota	1758.21	0.0	879.105
los	868	GCA.002347095.1.Bacteria.Desulfobacterota	1758.21	0.0	879.105
spe	866	GCA.003194485.1.Bacteria.Desulfobacterota	1421.715	0.0	710.8575
los	866	GCA.003194485.1.Bacteria.Desulfobacterota	1421.715	0.0	710.8575
spe	874	873	1965.97	1792.01	1878.99
hgt	873	871	1792.01	1532.675	1662.3425
los	873	871	1792.01	1532.675	1662.3425
dup	888	887	2515.76	2332.115	2423.9375
spe	887	863	2332.115	2111.78	2221.9475
los	887	863	2332.115	2111.78	2221.9475
spe	886	874	2067.29	1965.97	2016.63
los	886	874	2067.29	1965.97	2016.63
spe	885	884	1945.59	1824.105	1884.8475
los	885	884	1945.59	1824.105	1884.8475
spe	877	GCF.000620765.1.Bacteria.Desulfobacterota.I	1826.365	0.0	913.1825
los	877	GCF.000620765.1.Bacteria.Desulfobacterota.I	1826.365	0.0	913.1825
spe	888	887	2515.76	2332.115	2423.9375
spe	886	874	2067.29	1965.97	2016.63
los	886	874	2067.29	1965.97	2016.63
spe	886	885	2067.29	1945.59	2006.44
spe	877	GCA.001797675.1.Bacteria.Desulfobacterota	1826.365	0.0	913.1825
los	877	GCA.001797675.1.Bacteria.Desulfobacterota	1826.365	0.0	913.1825
spe	885	884	1945.59	1824.105	1884.8475
spe	883	GCA.001751085.1.Bacteria.Desulfobacterota	1441.77	0.0	720.885
los	883	GCA.001751085.1.Bacteria.Desulfobacterota	1441.77	0.0	720.885
hgt	None	dead	0.0	0.0	0.0
los	884	880	1824.105	1550.835	1687.47
hgt	None	dead	0.0	0.0	0.0
los	None	dead	0.0	0.0	0.0
spe	887	863	2332.115	2111.78	2221.9475
hgt	None	dead	0.0	0.0	0.0
los	863	862	2111.78	1779.145	1945.4625
hgt	None	dead	0.0	0.0	0.0
los	None	dead	0.0	0.0	0.0
spe	857	GCA.001830835.1.Bacteria.Desulfobacterota	1980.505	0.0	990.2525
los	857	GCA.001830835.1.Bacteria.Desulfobacterota	1980.505	0.0	990.2525
spe	898	897	3008.34	2922.2	2965.27
spe	897	896	2922.2	2689.39	2805.795
spe	896	892	2689.39	2160.3	2424.845
hgt	1307	GCA.000987045.1.Bacteria.Firmicutes.B	1703.5	0.0	851.75
hgt	1020	GCA.001780165.1.Bacteria.Eisenbacteria	1634.295	0.0	817.1475
hgt	892	GCA.001873295.1.Bacteria.CG2.30.70.394	2160.3	0.0	1080.15
los	892	GCA.001873295.1.Bacteria.CG2.30.70.394	2160.3	0.0	1080.15
hgt	None	dead	0.0	0.0	0.0
hgt	None	dead	0.0	0.0	0.0
los	None	dead	0.0	0.0	0.0
hgt	396	GCF.000177635.2.Bacteria.Chrysiogenota	2626.695	0.0	1313.3475
hgt	None	dead	0.0	0.0	0.0
hgt	None	dead	0.0	0.0	0.0
los	None	dead	0.0	0.0	0.0
hgt	None	dead	0.0	0.0	0.0
los	896	895	2689.39	2233.715	2461.5525
hgt	None	dead	0.0	0.0	0.0
los	None	dead	0.0	0.0	0.0
spe	897	889	2922.2	2701.575	2811.8875
spe	888	854	2515.76	2344.965	2430.3625
los	888	854	2515.76	2344.965	2430.3625
spe	887	863	2332.115	2111.78	2221.9475
los	887	863	2332.115	2111.78	2221.9475
spe	886	885	2067.29	1945.59	2006.44
los	886	885	2067.29	1945.59	2006.44
spe	874	873	1965.97	1792.01	1878.99
los	874	873	1965.97	1792.01	1878.99
spe	868	866	1758.21	1421.715	1589.9625
los	868	866	1758.21	1421.715	1589.9625
spe	889	843	2701.575	2593.715	2647.645
hgt	None	dead	0.0	0.0	0.0
hgt	None	dead	0.0	0.0	0.0
los	None	dead	0.0	0.0	0.0
spe	706	704	1817.88	1616.3	1717.09
spe	702	GCA.003223635.1.Bacteria.Acidobacteriota	1354.27	0.0	677.135
los	702	GCA.003223635.1.Bacteria.Acidobacteriota	1354.27	0.0	677.135
hgt	None	dead	0.0	0.0	0.0
los	843	783	2593.715	2471.955	2532.835
hgt	None	dead	0.0	0.0	0.0
los	None	dead	0.0	0.0	0.0
spe	1454	1446	2214.935	1960.08	2087.5075
spe	1445	GCA.003130875.1.Bacteria.Chloroflexota	1742.485	0.0	871.2425
los	1445	GCA.003130875.1.Bacteria.Chloroflexota	1742.485	0.0	871.2425
spe	1444	GCA.002366755.1.Bacteria.Chloroflexota	1539.09	0.0	769.545
los	1444	GCA.002366755.1.Bacteria.Chloroflexota	1539.09	0.0	769.545
spe	1440	GCF.001306175.1.Bacteria.Chloroflexota	1813.195	0.0	906.5975
los	1440	GCF.001306175.1.Bacteria.Chloroflexota	1813.195	0.0	906.5975
spe	1439	1438	1555.635	1347.94	1451.7875
los	1439	1438	1555.635	1347.94	1451.7875
spe	842	798	2481.42	2208.72	2345.07
los	842	798	2481.42	2208.72	2345.07
dup	842	841	2481.42	2397.295	2439.3575
spe	841	801	2397.295	2073.125	2235.21
los	841	801	2397.295	2073.125	2235.21
spe	840	804	2199.32	2020.19	2109.755
los	840	804	2199.32	2020.19	2109.755
spe	840	839	2199.32	2107.47	2153.395
spe	838	834	1933.55	1863.715	1898.6325
los	838	834	1933.55	1863.715	1898.6325
spe	837	GCA.002309015.1.Bacteria.Myxococcota	1633.315	0.0	816.6575
los	837	GCA.002309015.1.Bacteria.Myxococcota	1633.315	0.0	816.6575
spe	829	817	2062.825	1903.64	1983.2325
los	829	817	2062.825	1903.64	1983.2325
spe	828	GCA.002699025.1.Bacteria.Myxococcota	1800.295	0.0	900.1475
los	828	GCA.002699025.1.Bacteria.Myxococcota	1800.295	0.0	900.1475
spe	827	821	1682.675	1480.98	1581.8275
los	827	821	1682.675	1480.98	1581.8275
spe	826	825	1516.045	1214.79	1365.4175
los	826	825	1516.045	1214.79	1365.4175
hgt	997	996	2552.125	2456.91	2504.5175
spe	842	841	2481.42	2397.295	2439.3575
hgt	None	dead	0.0	0.0	0.0
los	841	801	2397.295	2073.125	2235.21
hgt	None	dead	0.0	0.0	0.0
los	None	dead	0.0	0.0	0.0
spe	840	804	2199.32	2020.19	2109.755
los	840	804	2199.32	2020.19	2109.755
spe	840	839	2199.32	2107.47	2153.395
spe	829	828	2062.825	1800.295	1931.56
los	829	828	2062.825	1800.295	1931.56
spe	817	816	1903.64	1355.92	1629.78
los	817	816	1903.64	1355.92	1629.78
spe	813	812	1756.665	1631.73	1694.1975
los	813	812	1756.665	1631.73	1694.1975
spe	807	GCA.002841945.1.Bacteria.Myxococcota	1533.145	0.0	766.5725
los	807	GCA.002841945.1.Bacteria.Myxococcota	1533.145	0.0	766.5725
spe	839	838	2107.47	1933.55	2020.51
spe	837	GCA.002309015.1.Bacteria.Myxococcota	1633.315	0.0	816.6575
los	837	GCA.002309015.1.Bacteria.Myxococcota	1633.315	0.0	816.6575
spe	834	832	1863.715	1622.625	1743.17
los	834	832	1863.715	1622.625	1743.17
spe	997	996	2552.125	2456.91	2504.5175
spe	996	984	2456.91	2373.56	2415.235
spe	950	946	1900.505	1709.46	1804.9825
los	950	946	1900.505	1709.46	1804.9825
spe	949	GCA.002452555.1.Bacteria.Marinisomatota	1614.375	0.0	807.1875
los	949	GCA.002452555.1.Bacteria.Marinisomatota	1614.375	0.0	807.1875
hgt	None	dead	0.0	0.0	0.0
los	984	983	2373.56	2181.175	2277.3675
hgt	None	dead	0.0	0.0	0.0
los	None	dead	0.0	0.0	0.0
spe	996	995	2456.91	2248.605	2352.7575
spe	989	GCA.002011685.1.Bacteria.JdFR.76	1956.7	0.0	978.35
los	989	GCA.002011685.1.Bacteria.JdFR.76	1956.7	0.0	978.35
spe	987	GCA.002327255.1.Bacteria.KSB1	1590.355	0.0	795.1775
los	987	GCA.002327255.1.Bacteria.KSB1	1590.355	0.0	795.1775
spe	994	GCA.001304035.1.Bacteria.SM23.31	2080.615	0.0	1040.3075
los	994	GCA.001304035.1.Bacteria.SM23.31	2080.615	0.0	1040.3075
spe	992	GCA.002049825.1.Bacteria.Calditrichota	1729.195	0.0	864.5975
los	992	GCA.002049825.1.Bacteria.Calditrichota	1729.195	0.0	864.5975
hgt	898	756	3008.34	2635.78	2822.06
los	898	756	3008.34	2635.78	2822.06
dup	1327	1326	2643.35	2448.67	2546.01
spe	1327	1326	2643.35	2448.67	2546.01
spe	1326	1325	2448.67	2256.125	2352.3975
hgt	1325	1297	2256.125	1985.275	2120.7
los	1325	1297	2256.125	1985.275	2120.7
spe	1384	1383	2053.965	1928.425	1991.195
spe	1341	GCF.001311905.1.Bacteria.Firmicutes	1562.96	0.0	781.48
los	1341	GCF.001311905.1.Bacteria.Firmicutes	1562.96	0.0	781.48
spe	1382	1344	1812.955	1531.325	1672.14
los	1382	1344	1812.955	1531.325	1672.14
spe	1382	1381	1812.955	1697.085	1755.02
spe	1381	1351	1697.085	1602.01	1649.5475
spe	1347	GCF.900099895.1.Bacteria.Firmicutes	1294.365	0.0	647.1825
los	1347	GCF.900099895.1.Bacteria.Firmicutes	1294.365	0.0	647.1825
spe	1350	GCF.000942395.1.Bacteria.Firmicutes	1409.0	0.0	704.5
los	1350	GCF.000942395.1.Bacteria.Firmicutes	1409.0	0.0	704.5
spe	1380	1379	1588.96	1514.47	1551.715
los	1380	1379	1588.96	1514.47	1551.715
dup	1380	GCF.001049895.1.Bacteria.Firmicutes	1588.96	0.0	794.48
hgt	1347	GCF.001561915.1.Bacteria.Firmicutes	1294.365	0.0	647.1825
hgt	None	dead	0.0	0.0	0.0
spe	1325	1324	2256.125	2152.01	2204.0675
spe	1308	1307	1925.235	1703.5	1814.3675
los	1308	1307	1925.235	1703.5	1814.3675
spe	1300	GCA.002418765.1.Bacteria.Firmicutes.B	1565.1	0.0	782.55
los	1300	GCA.002418765.1.Bacteria.Firmicutes.B	1565.1	0.0	782.55
spe	1324	1323	2152.01	2061.88	2106.945
hgt	None	dead	0.0	0.0	0.0
los	1323	1319	2061.88	1933.46	1997.67
hgt	None	dead	0.0	0.0	0.0
los	None	dead	0.0	0.0	0.0
spe	1323	1322	2061.88	1700.81	1881.345
hgt	1322	GCA.001512665.1.Bacteria.Firmicutes.B	1700.81	0.0	850.405
los	1322	GCA.001512665.1.Bacteria.Firmicutes.B	1700.81	0.0	850.405
dup	None	dead	0.0	0.0	0.0
hgt	None	dead	0.0	0.0	0.0
los	None	dead	0.0	0.0	0.0
hgt	None	dead	0.0	0.0	0.0
los	None	dead	0.0	0.0	0.0
spe	1326	1292	2448.67	1962.37	2205.52
hgt	1292	GCF.000024605.1.Bacteria.Firmicutes.B	1962.37	0.0	981.185
los	1292	GCF.000024605.1.Bacteria.Firmicutes.B	1962.37	0.0	981.185
hgt	1227	GCA.003242675.1.Bacteria.Firmicutes.E	1969.33	0.0	984.665
hgt	1296	GCF.900176005.1.Bacteria.Firmicutes.B	1805.085	0.0	902.5425
spe	1327	1326	2643.35	2448.67	2546.01
spe	1326	1292	2448.67	1962.37	2205.52
hgt	1292	GCF.000024605.1.Bacteria.Firmicutes.B	1962.37	0.0	981.185
los	1292	GCF.000024605.1.Bacteria.Firmicutes.B	1962.37	0.0	981.185
hgt	720	GCA.002347965.1.Bacteria.UBA2233	2336.65	0.0	1168.325
hgt	99	GCF.001481685.1.Archaea.Thermoproteota	1639.4	0.0	819.7
hgt	133	GCA.002506605.1.Archaea.Thermoproteota	1814.08	0.0	907.04
hgt	395	GCF.000487995.1.Bacteria.Deferribacterota	1520.715	0.0	760.3575
spe	1326	1325	2448.67	2256.125	2352.3975
hgt	None	dead	0.0	0.0	0.0
hgt	None	dead	0.0	0.0	0.0
los	None	dead	0.0	0.0	0.0
hgt	None	dead	0.0	0.0	0.0
hgt	None	dead	0.0	0.0	0.0
los	None	dead	0.0	0.0	0.0
hgt	1325	1324	2256.125	2152.01	2204.0675
los	1325	1324	2256.125	2152.01	2204.0675
spe	1325	1297	2256.125	1985.275	2120.7
spe	1296	GCF.900176005.1.Bacteria.Firmicutes.B	1805.085	0.0	902.5425
los	1296	GCF.900176005.1.Bacteria.Firmicutes.B	1805.085	0.0	902.5425
hgt	1297	GCA.002329495.1.Bacteria.Firmicutes.B	1985.275	0.0	992.6375
los	1297	GCA.002329495.1.Bacteria.Firmicutes.B	1985.275	0.0	992.6375
spe	900	899	3178.205	3077.265	3127.735
spe	899	743	3077.265	2953.32	3015.2925
hgt	None	dead	0.0	0.0	0.0
hgt	None	dead	0.0	0.0	0.0
los	None	dead	0.0	0.0	0.0
hgt	None	dead	0.0	0.0	0.0
los	743	721	2953.32	2669.375	2811.3475
hgt	None	dead	0.0	0.0	0.0
los	None	dead	0.0	0.0	0.0
spe	743	742	2953.32	2707.335	2830.3275
hgt	None	dead	0.0	0.0	0.0
los	742	738	2707.335	2387.34	2547.3375
hgt	None	dead	0.0	0.0	0.0
los	None	dead	0.0	0.0	0.0
spe	742	741	2707.335	2099.065	2403.2
hgt	634	GCF.002020875.1.Bacteria.Proteobacteria	1434.16	0.0	717.08
hgt	741	GCA.001771285.1.Bacteria.Methylomirabilota	2099.065	0.0	1049.5325
los	741	GCA.001771285.1.Bacteria.Methylomirabilota	2099.065	0.0	1049.5325
hgt	445	GCA.002717225.1.Bacteria.Proteobacteria	1267.47	0.0	633.735
hgt	1469	GCA.001898225.1.Bacteria.Chloroflexota	1964.555	0.0	982.2775
spe	898	756	3008.34	2635.78	2822.06
los	898	756	3008.34	2635.78	2822.06
spe	897	896	2922.2	2689.39	2805.795
los	897	896	2922.2	2689.39	2805.795
dup	897	889	2922.2	2701.575	2811.8875
hgt	None	dead	0.0	0.0	0.0
hgt	None	dead	0.0	0.0	0.0
hgt	None	dead	0.0	0.0	0.0
hgt	None	dead	0.0	0.0	0.0
los	None	dead	0.0	0.0	0.0
hgt	None	dead	0.0	0.0	0.0
dup	897	889	2922.2	2701.575	2811.8875
spe	897	889	2922.2	2701.575	2811.8875
spe	888	854	2515.76	2344.965	2430.3625
los	888	854	2515.76	2344.965	2430.3625
spe	888	887	2515.76	2332.115	2423.9375
spe	887	863	2332.115	2111.78	2221.9475
spe	857	GCA.001830835.1.Bacteria.Desulfobacterota	1980.505	0.0	990.2525
los	857	GCA.001830835.1.Bacteria.Desulfobacterota	1980.505	0.0	990.2525
spe	862	GCA.002782605.1.Bacteria.Desulfobacterota	1779.145	0.0	889.5725
los	862	GCA.002782605.1.Bacteria.Desulfobacterota	1779.145	0.0	889.5725
spe	862	861	1779.145	1645.455	1712.3
spe	886	874	2067.29	1965.97	2016.63
los	886	874	2067.29	1965.97	2016.63
spe	885	884	1945.59	1824.105	1884.8475
los	885	884	1945.59	1824.105	1884.8475
spe	885	877	1945.59	1826.365	1885.9775
hgt	871	GCA.007244385.1.Bacteria.Desulfobacterota	1532.675	0.0	766.3375
spe	889	843	2701.575	2593.715	2647.645
hgt	None	dead	0.0	0.0	0.0
los	843	783	2593.715	2471.955	2532.835
hgt	None	dead	0.0	0.0	0.0
los	None	dead	0.0	0.0	0.0
spe	842	798	2481.42	2208.72	2345.07
los	842	798	2481.42	2208.72	2345.07
spe	841	840	2397.295	2199.32	2298.3075
los	841	840	2397.295	2199.32	2298.3075
spe	801	GCA.001797815.1.Bacteria.RBG.13.61.14	2073.125	0.0	1036.5625
los	801	GCA.001797815.1.Bacteria.RBG.13.61.14	2073.125	0.0	1036.5625
spe	897	889	2922.2	2701.575	2811.8875
spe	888	887	2515.76	2332.115	2423.9375
los	888	887	2515.76	2332.115	2423.9375
spe	854	853	2344.965	2065.005	2204.985
los	854	853	2344.965	2065.005	2204.985
spe	850	846	2301.83	2027.01	2164.42
los	850	846	2301.83	2027.01	2164.42
spe	849	GCA.001896555.1.Bacteria.Desulfobacterota	1938.415	0.0	969.2075
los	849	GCA.001896555.1.Bacteria.Desulfobacterota	1938.415	0.0	969.2075
spe	889	843	2701.575	2593.715	2647.645
spe	842	798	2481.42	2208.72	2345.07
los	842	798	2481.42	2208.72	2345.07
spe	841	840	2397.295	2199.32	2298.3075
los	841	840	2397.295	2199.32	2298.3075
spe	801	GCA.002328485.1.Bacteria.Desulfobacterota.G	2073.125	0.0	1036.5625
los	801	GCA.002328485.1.Bacteria.Desulfobacterota.G	2073.125	0.0	1036.5625
hgt	None	dead	0.0	0.0	0.0
los	843	783	2593.715	2471.955	2532.835
hgt	None	dead	0.0	0.0	0.0
los	None	dead	0.0	0.0	0.0
hgt	None	dead	0.0	0.0	0.0
los	None	dead	0.0	0.0	0.0
spe	1308	1307	1925.235	1703.5	1814.3675
hgt	1281	GCF.002257705.1.Bacteria.Firmicutes.C	1116.4885	0.0	558.24425
dup	1307	GCA.000987045.1.Bacteria.Firmicutes.B	1703.5	0.0	851.75
dup	1281	GCF.002257705.1.Bacteria.Firmicutes.C	1116.4885	0.0	558.24425
dup	1281	GCF.002257705.1.Bacteria.Firmicutes.C	1116.4885	0.0	558.24425
dup	1281	GCF.002257705.1.Bacteria.Firmicutes.C	1116.4885	0.0	558.24425
dup	1281	GCF.002257705.1.Bacteria.Firmicutes.C	1116.4885	0.0	558.24425
dup	1281	GCF.002257705.1.Bacteria.Firmicutes.C	1116.4885	0.0	558.24425
dup	1281	GCF.002257705.1.Bacteria.Firmicutes.C	1116.4885	0.0	558.24425
spe	1307	1305	1703.5	1518.03	1610.765
hgt	1305	1304	1518.03	1212.67	1365.35
los	1305	1304	1518.03	1212.67	1365.35
hgt	861	GCA.002327985.1.Bacteria.Desulfobacterota	1645.455	0.0	822.7275
hgt	686	GCA.002451015.1.Bacteria.Acidobacteriota	1699.78	0.0	849.89
hgt	397	GCF.000526155.1.Bacteria.Desulfobacterota	3012.355	0.0	1506.1775
dup	None	dead	0.0	0.0	0.0
hgt	None	dead	0.0	0.0	0.0
los	None	dead	0.0	0.0	0.0
dup	None	dead	0.0	0.0	0.0
hgt	None	dead	0.0	0.0	0.0
los	None	dead	0.0	0.0	0.0
hgt	None	dead	0.0	0.0	0.0
los	None	dead	0.0	0.0	0.0
dup	None	dead	0.0	0.0	0.0
dup	None	dead	0.0	0.0	0.0
hgt	None	dead	0.0	0.0	0.0
los	None	dead	0.0	0.0	0.0
hgt	None	dead	0.0	0.0	0.0
los	None	dead	0.0	0.0	0.0
dup	1281	GCF.002257705.1.Bacteria.Firmicutes.C	1116.4885	0.0	558.24425
hgt	None	dead	0.0	0.0	0.0
los	None	dead	0.0	0.0	0.0
spe	447	446	1590.07	1389.555	1489.8125
spe	445	GCA.002717225.1.Bacteria.Proteobacteria	1267.47	0.0	633.735
los	445	GCA.002717225.1.Bacteria.Proteobacteria	1267.47	0.0	633.735
spe	444	GCA.002686135.1.Bacteria.Proteobacteria	1089.937	0.0	544.9685
los	444	GCA.002686135.1.Bacteria.Proteobacteria	1089.937	0.0	544.9685
dup	897	889	2922.2	2701.575	2811.8875
hgt	None	dead	0.0	0.0	0.0
dup	None	dead	0.0	0.0	0.0
hgt	None	dead	0.0	0.0	0.0
los	None	dead	0.0	0.0	0.0
hgt	None	dead	0.0	0.0	0.0
los	None	dead	0.0	0.0	0.0
hgt	None	dead	0.0	0.0	0.0
hgt	None	dead	0.0	0.0	0.0
hgt	None	dead	0.0	0.0	0.0
los	None	dead	0.0	0.0	0.0
hgt	None	dead	0.0	0.0	0.0
hgt	None	dead	0.0	0.0	0.0
los	None	dead	0.0	0.0	0.0
dup	897	889	2922.2	2701.575	2811.8875
spe	897	889	2922.2	2701.575	2811.8875
spe	843	783	2593.715	2471.955	2532.835
los	843	783	2593.715	2471.955	2532.835
spe	843	842	2593.715	2481.42	2537.5675
spe	842	841	2481.42	2397.295	2439.3575
hgt	None	dead	0.0	0.0	0.0
hgt	None	dead	0.0	0.0	0.0
los	None	dead	0.0	0.0	0.0
hgt	None	dead	0.0	0.0	0.0
hgt	None	dead	0.0	0.0	0.0
los	None	dead	0.0	0.0	0.0
hgt	None	dead	0.0	0.0	0.0
hgt	None	dead	0.0	0.0	0.0
los	None	dead	0.0	0.0	0.0
hgt	None	dead	0.0	0.0	0.0
los	841	801	2397.295	2073.125	2235.21
hgt	None	dead	0.0	0.0	0.0
los	None	dead	0.0	0.0	0.0
spe	841	840	2397.295	2199.32	2298.3075
hgt	None	dead	0.0	0.0	0.0
hgt	None	dead	0.0	0.0	0.0
los	None	dead	0.0	0.0	0.0
hgt	None	dead	0.0	0.0	0.0
los	840	804	2199.32	2020.19	2109.755
hgt	None	dead	0.0	0.0	0.0
los	None	dead	0.0	0.0	0.0
spe	600	598	1212.31	904.2135	1058.26175
spe	840	839	2199.32	2107.47	2153.395
spe	839	829	2107.47	2062.825	2085.1475
hgt	None	dead	0.0	0.0	0.0
los	829	817	2062.825	1903.64	1983.2325
hgt	None	dead	0.0	0.0	0.0
los	None	dead	0.0	0.0	0.0
spe	829	828	2062.825	1800.295	1931.56
hgt	828	GCA.002699025.1.Bacteria.Myxococcota	1800.295	0.0	900.1475
los	828	GCA.002699025.1.Bacteria.Myxococcota	1800.295	0.0	900.1475
spe	827	821	1682.675	1480.98	1581.8275
los	827	821	1682.675	1480.98	1581.8275
spe	826	GCA.002747355.1.Bacteria.Myxococcota	1516.045	0.0	758.0225
los	826	GCA.002747355.1.Bacteria.Myxococcota	1516.045	0.0	758.0225
spe	826	825	1516.045	1214.79	1365.4175
hgt	794	GCA.003161515.1.Bacteria.Desulfobacterota.B	1455.87	0.0	727.935
spe	839	838	2107.47	1933.55	2020.51
hgt	None	dead	0.0	0.0	0.0
los	838	837	1933.55	1633.315	1783.4325
hgt	None	dead	0.0	0.0	0.0
los	None	dead	0.0	0.0	0.0
spe	834	GCA.001798605.1.Bacteria.Myxococcota	1863.715	0.0	931.8575
los	834	GCA.001798605.1.Bacteria.Myxococcota	1863.715	0.0	931.8575
spe	832	GCA.002696345.1.Bacteria.Myxococcota	1622.625	0.0	811.3125
los	832	GCA.002696345.1.Bacteria.Myxococcota	1622.625	0.0	811.3125
dup	832	GCA.002721815.1.Bacteria.Myxococcota	1622.625	0.0	811.3125
spe	842	798	2481.42	2208.72	2345.07
hgt	None	dead	0.0	0.0	0.0
los	798	786	2208.72	1782.305	1995.5125
hgt	None	dead	0.0	0.0	0.0
los	None	dead	0.0	0.0	0.0
spe	798	797	2208.72	1933.19	2070.955
spe	796	795	1757.055	1569.94	1663.4975
los	796	795	1757.055	1569.94	1663.4975
spe	889	888	2701.575	2515.76	2608.6675
spe	887	886	2332.115	2067.29	2199.7025
los	887	886	2332.115	2067.29	2199.7025
spe	863	857	2111.78	1980.505	2046.1425
los	863	857	2111.78	1980.505	2046.1425
spe	862	GCA.002782605.1.Bacteria.Desulfobacterota	1779.145	0.0	889.5725
los	862	GCA.002782605.1.Bacteria.Desulfobacterota	1779.145	0.0	889.5725
spe	861	GCA.001304105.1.Bacteria.Desulfobacterota	1645.455	0.0	822.7275
los	861	GCA.001304105.1.Bacteria.Desulfobacterota	1645.455	0.0	822.7275
spe	888	854	2515.76	2344.965	2430.3625
hgt	None	dead	0.0	0.0	0.0
los	854	853	2344.965	2065.005	2204.985
hgt	None	dead	0.0	0.0	0.0
los	None	dead	0.0	0.0	0.0
spe	854	850	2344.965	2301.83	2323.3975
hgt	None	dead	0.0	0.0	0.0
los	850	846	2301.83	2027.01	2164.42
hgt	None	dead	0.0	0.0	0.0
los	None	dead	0.0	0.0	0.0
dup	877	GCA.001797675.1.Bacteria.Desulfobacterota	1826.365	0.0	913.1825
spe	850	849	2301.83	1938.415	2120.1225
hgt	376	GCA.002418835.1.Bacteria.Spirochaetota	2164.345	0.0	1082.1725
hgt	1297	GCA.002329495.1.Bacteria.Firmicutes.B	1985.275	0.0	992.6375
spe	889	888	2701.575	2515.76	2608.6675
los	889	888	2701.575	2515.76	2608.6675
spe	843	783	2593.715	2471.955	2532.835
los	843	783	2593.715	2471.955	2532.835
spe	843	842	2593.715	2481.42	2537.5675
spe	798	786	2208.72	1782.305	1995.5125
los	798	786	2208.72	1782.305	1995.5125
spe	798	797	2208.72	1933.19	2070.955
spe	796	GCA.002238415.1.Bacteria.Desulfobacterota.B	1757.055	0.0	878.5275
los	796	GCA.002238415.1.Bacteria.Desulfobacterota.B	1757.055	0.0	878.5275
spe	795	794	1569.94	1455.87	1512.905
los	795	794	1569.94	1455.87	1512.905
spe	791	GCA.002050235.1.Bacteria.Desulfobacterota.B	1320.57	0.0	660.285
los	791	GCA.002050235.1.Bacteria.Desulfobacterota.B	1320.57	0.0	660.285
hgt	270	GCA.002746185.1.Bacteria.Hydrogenedentota	2795.225	0.0	1397.6125
spe	841	801	2397.295	2073.125	2235.21
los	841	801	2397.295	2073.125	2235.21
spe	840	804	2199.32	2020.19	2109.755
los	840	804	2199.32	2020.19	2109.755
spe	839	838	2107.47	1933.55	2020.51
los	839	838	2107.47	1933.55	2020.51
spe	839	829	2107.47	2062.825	2085.1475
spe	817	813	1903.64	1756.665	1830.1525
los	817	813	1903.64	1756.665	1830.1525
spe	816	GCA.002724675.1.Bacteria.Myxococcota.A	1355.92	0.0	677.96
los	816	GCA.002724675.1.Bacteria.Myxococcota.A	1355.92	0.0	677.96
dup	829	828	2062.825	1800.295	1931.56
hgt	None	dead	0.0	0.0	0.0
hgt	None	dead	0.0	0.0	0.0
los	None	dead	0.0	0.0	0.0
dup	829	828	2062.825	1800.295	1931.56
spe	829	828	2062.825	1800.295	1931.56
spe	828	827	1800.295	1682.675	1741.485
spe	826	GCA.002747355.1.Bacteria.Myxococcota	1516.045	0.0	758.0225
los	826	GCA.002747355.1.Bacteria.Myxococcota	1516.045	0.0	758.0225
spe	825	GCA.003170275.1.Bacteria.Myxococcota	1214.79	0.0	607.395
los	825	GCA.003170275.1.Bacteria.Myxococcota	1214.79	0.0	607.395
dup	825	GCA.002344285.1.Bacteria.Myxococcota	1214.79	0.0	607.395
hgt	801	GCA.001797815.1.Bacteria.RBG.13.61.14	2073.125	0.0	1036.5625
hgt	797	GCA.002311335.1.Bacteria.Desulfobacterota.B	1933.19	0.0	966.595
hgt	1141	GCA.003140175.1.Bacteria.Actinobacteriota	1437.0	0.0	718.5
hgt	1163	GCF.000384115.1.Bacteria.Actinobacteriota	995.9815	0.0	497.99075
dup	1141	GCA.003140175.1.Bacteria.Actinobacteriota	1437.0	0.0	718.5
hgt	270	GCA.002746185.1.Bacteria.Hydrogenedentota	2795.225	0.0	1397.6125
dup	1163	GCF.000384115.1.Bacteria.Actinobacteriota	995.9815	0.0	497.99075
hgt	807	GCA.002841945.1.Bacteria.Myxococcota	1533.145	0.0	766.5725
hgt	804	GCA.003247575.1.Bacteria.Myxococcota.A	2020.19	0.0	1010.095
hgt	1148	GCF.000969705.1.Bacteria.Actinobacteriota	1851.865	0.0	925.9325
hgt	1155	GCF.003443735.1.Bacteria.Actinobacteriota	1195.766	0.0	597.883
spe	827	821	1682.675	1480.98	1581.8275
hgt	821	GCA.002841825.1.Bacteria.Myxococcota	1480.98	0.0	740.49
los	821	GCA.002841825.1.Bacteria.Myxococcota	1480.98	0.0	740.49
spe	612	611	1191.86	907.6015	1049.73075
hgt	576	GCA.002432655.1.Bacteria.Proteobacteria	1633.525	0.0	816.7625
hgt	1154	GCF.003047285.1.Bacteria.Actinobacteriota	907.0585	0.0	453.52925
hgt	536	GCF.900111015.1.Bacteria.Proteobacteria	1887.95	0.0	943.975
hgt	495	GCF.003173035.1.Bacteria.Proteobacteria	1152.21	0.0	576.105
hgt	1667	GCA.002783405.1.Bacteria.Cyanobacteria	2879.985	0.0	1439.9925
hgt	778	GCA.002715375.1.Bacteria.Bdellovibrionota	1621.195	0.0	810.5975
hgt	804	GCA.002731275.1.Bacteria.Myxococcota	2020.19	0.0	1010.095
hgt	403	GCF.900177345.1.Bacteria.Proteobacteria	2523.57	0.0	1261.785
spe	828	GCA.002699025.1.Bacteria.Myxococcota	1800.295	0.0	900.1475
los	828	GCA.002699025.1.Bacteria.Myxococcota	1800.295	0.0	900.1475
spe	827	821	1682.675	1480.98	1581.8275
los	827	821	1682.675	1480.98	1581.8275
spe	826	GCA.002747355.1.Bacteria.Myxococcota	1516.045	0.0	758.0225
los	826	GCA.002747355.1.Bacteria.Myxococcota	1516.045	0.0	758.0225
spe	825	GCA.002344285.1.Bacteria.Myxococcota	1214.79	0.0	607.395
los	825	GCA.002344285.1.Bacteria.Myxococcota	1214.79	0.0	607.395
dup	825	GCA.003170275.1.Bacteria.Myxococcota	1214.79	0.0	607.395
spe	829	828	2062.825	1800.295	1931.56
hgt	None	dead	0.0	0.0	0.0
los	828	827	1800.295	1682.675	1741.485
hgt	None	dead	0.0	0.0	0.0
los	None	dead	0.0	0.0	0.0
dup	828	GCA.002699025.1.Bacteria.Myxococcota	1800.295	0.0	900.1475
hgt	746	GCF.900079095.1.Bacteria.Tectomicrobia	2036.715	0.0	1018.3575
hgt	817	813	1903.64	1756.665	1830.1525
hgt	804	GCA.002731275.1.Bacteria.Myxococcota	2020.19	0.0	1010.095
spe	817	813	1903.64	1756.665	1830.1525
spe	812	811	1631.73	1440.74	1536.235
los	812	811	1631.73	1440.74	1536.235
spe	807	GCA.002789955.1.Bacteria.Myxococcota	1533.145	0.0	766.5725
los	807	GCA.002789955.1.Bacteria.Myxococcota	1533.145	0.0	766.5725
dup	None	dead	0.0	0.0	0.0
dup	None	dead	0.0	0.0	0.0
hgt	None	dead	0.0	0.0	0.0
los	None	dead	0.0	0.0	0.0
hgt	None	dead	0.0	0.0	0.0
los	None	dead	0.0	0.0	0.0
dup	None	dead	0.0	0.0	0.0
hgt	None	dead	0.0	0.0	0.0
los	None	dead	0.0	0.0	0.0
dup	None	dead	0.0	0.0	0.0
hgt	None	dead	0.0	0.0	0.0
los	None	dead	0.0	0.0	0.0
hgt	None	dead	0.0	0.0	0.0
los	None	dead	0.0	0.0	0.0
spe	889	843	2701.575	2593.715	2647.645
los	889	843	2701.575	2593.715	2647.645
spe	888	854	2515.76	2344.965	2430.3625
los	888	854	2515.76	2344.965	2430.3625
spe	887	886	2332.115	2067.29	2199.7025
los	887	886	2332.115	2067.29	2199.7025
spe	887	863	2332.115	2111.78	2221.9475
spe	863	862	2111.78	1779.145	1945.4625
hgt	862	GCA.002782605.1.Bacteria.Desulfobacterota	1779.145	0.0	889.5725
los	862	GCA.002782605.1.Bacteria.Desulfobacterota	1779.145	0.0	889.5725
spe	862	861	1779.145	1645.455	1712.3
hgt	118	GCA.001593855.1.Archaea.Thermoproteota	1963.41	0.0	981.705
hgt	861	GCA.001304105.1.Bacteria.Desulfobacterota	1645.455	0.0	822.7275
los	861	GCA.001304105.1.Bacteria.Desulfobacterota	1645.455	0.0	822.7275
hgt	1330	GCA.003444595.1.Bacteria.Firmicutes.D	2019.045	0.0	1009.5225
dup	861	GCA.002327985.1.Bacteria.Desulfobacterota	1645.455	0.0	822.7275
hgt	397	GCF.000526155.1.Bacteria.Desulfobacterota	3012.355	0.0	1506.1775
spe	863	857	2111.78	1980.505	2046.1425
hgt	1445	GCA.003130875.1.Bacteria.Chloroflexota	1742.485	0.0	871.2425
hgt	857	GCA.002010915.1.Bacteria.Desulfobacterota	1980.505	0.0	990.2525
los	857	GCA.002010915.1.Bacteria.Desulfobacterota	1980.505	0.0	990.2525
spe	899	898	3077.265	3008.34	3042.8025
los	899	898	3077.265	3008.34	3042.8025
spe	743	721	2953.32	2669.375	2811.3475
los	743	721	2953.32	2669.375	2811.3475
spe	743	742	2953.32	2707.335	2830.3275
hgt	None	dead	0.0	0.0	0.0
hgt	None	dead	0.0	0.0	0.0
los	None	dead	0.0	0.0	0.0
hgt	None	dead	0.0	0.0	0.0
spe	742	741	2707.335	2099.065	2403.2
dup	None	dead	0.0	0.0	0.0
hgt	None	dead	0.0	0.0	0.0
los	None	dead	0.0	0.0	0.0
hgt	None	dead	0.0	0.0	0.0
los	None	dead	0.0	0.0	0.0
spe	738	737	2387.34	2168.56	2277.95
los	738	737	2387.34	2168.56	2277.95
spe	728	724	2047.46	1631.91	1839.685
los	728	724	2047.46	1631.91	1839.685
spe	728	727	2047.46	1801.01	1924.235
hgt	560	GCA.001735895.1.Bacteria.Proteobacteria	1588.3	0.0	794.15
hgt	397	GCF.000526155.1.Bacteria.Desulfobacterota	3012.355	0.0	1506.1775
hgt	1462	GCA.002436065.1.Bacteria.Chloroflexota	2298.115	0.0	1149.0575
hgt	746	GCA.002238965.1.Bacteria.UBA8248	2036.715	0.0	1018.3575
hgt	446	GCA.002717185.1.Bacteria.Proteobacteria	1389.555	0.0	694.7775
hgt	877	GCF.000620765.1.Bacteria.Desulfobacterota.I	1826.365	0.0	913.1825
hgt	1076	GCF.900142435.1.Bacteria.Aquificota	1449.05	0.0	724.525
hgt	31	GCA.001723855.1.Archaea.Altiarchaeota	2674.29	0.0	1337.145
hgt	1228	GCA.003023725.1.Bacteria.Firmicutes.E	2207.365	0.0	1103.6825
hgt	736	GCA.001803795.1.Bacteria.Nitrospirota	1883.24	0.0	941.62
hgt	31	GCA.001723855.1.Archaea.Altiarchaeota	2674.29	0.0	1337.145
hgt	853	GCA.003232385.1.Bacteria.SZUA.79	2065.005	0.0	1032.5025
