event	left_node	right_node	left_date	right_date	midpoint_date
spe	1726	1725	3785.015	3734.58	3759.7975
hgt	None	dead	0.0	0.0	0.0
spe	1725	1393	3734.58	3594.23	3664.405
spe	1392	1391	3486.295	3193.865	3340.08
los	1392	1391	3486.295	3193.865	3340.08
spe	1188	GCA.002779205.1.Bacteria.Actinobacteriota	3139.205	0.0	1569.6025
los	1188	GCA.002779205.1.Bacteria.Actinobacteriota	3139.205	0.0	1569.6025
hgt	None	dead	0.0	0.0	0.0
hgt	None	dead	0.0	0.0	0.0
los	None	dead	0.0	0.0	0.0
spe	1187	1133	3067.16	2467.96	2767.56
los	1187	1133	3067.16	2467.96	2767.56
spe	1186	1136	2936.225	2376.455	2656.34
los	1186	1136	2936.225	2376.455	2656.34
spe	1186	1185	2936.225	2773.915	2855.07
spe	1169	1145	2396.405	2028.235	2212.32
los	1169	1145	2396.405	2028.235	2212.32
hgt	None	dead	0.0	0.0	0.0
spe	1169	1168	2396.405	2301.295	2348.85
spe	1148	GCA.003021615.1.Bacteria.Actinobacteriota	1851.865	0.0	925.9325
los	1148	GCA.003021615.1.Bacteria.Actinobacteriota	1851.865	0.0	925.9325
spe	1167	GCA.002413185.1.Bacteria.Actinobacteriota	2105.28	0.0	1052.64
los	1167	GCA.002413185.1.Bacteria.Actinobacteriota	2105.28	0.0	1052.64
spe	1166	1165	1472.335	1325.685	1399.01
los	1166	1165	1472.335	1325.685	1399.01
hgt	None	dead	0.0	0.0	0.0
los	None	dead	0.0	0.0	0.0
spe	1165	1164	1325.685	1172.8835	1249.28425
spe	1163	GCA.001437855.1.Bacteria.Actinobacteriota	995.9815	0.0	497.99075
los	1163	GCA.001437855.1.Bacteria.Actinobacteriota	995.9815	0.0	497.99075
spe	1160	GCF.000015025.1.Bacteria.Actinobacteriota	1016.58	0.0	508.29
los	1160	GCF.000015025.1.Bacteria.Actinobacteriota	1016.58	0.0	508.29
spe	1160	1158	1016.58	905.248	960.914
hgt	1155	1154	1195.766	907.0585	1051.41225
spe	1155	1154	1195.766	907.0585	1051.41225
spe	1184	1183	2619.05	2026.845	2322.9475
los	1184	1183	2619.05	2026.845	2322.9475
spe	1180	1179	2187.185	1862.535	2024.86
los	1180	1179	2187.185	1862.535	2024.86
dup	1180	GCF.001029505.1.Bacteria.Actinobacteriota	2187.185	0.0	1093.5925
hgt	1158	GCF.001942305.1.Bacteria.Actinobacteriota	905.248	0.0	452.624
spe	1129	1101	3343.055	3191.295	3267.175
los	1129	1101	3343.055	3191.295	3267.175
spe	1129	1128	3343.055	3162.27	3252.6625
hgt	None	dead	0.0	0.0	0.0
hgt	1469	GCA.001898225.1.Bacteria.Chloroflexota	1964.555	0.0	982.2775
hgt	None	dead	0.0	0.0	0.0
los	None	dead	0.0	0.0	0.0
hgt	1477	1476	3024.12	2783.015	2903.5675
hgt	1406	GCA.002710215.1.Bacteria.Chloroflexota	1650.16	0.0	825.08
hgt	None	dead	0.0	0.0	0.0
hgt	1228	GCA.003023725.1.Bacteria.Firmicutes.E	2207.365	0.0	1103.6825
hgt	None	dead	0.0	0.0	0.0
los	None	dead	0.0	0.0	0.0
spe	1338	1337	1618.77	1358.655	1488.7125
hgt	1379	1355	1514.47	1273.085	1393.7775
spe	1379	1355	1514.47	1273.085	1393.7775
spe	1477	1476	3024.12	2783.015	2903.5675
spe	1454	1453	2214.935	2115.485	2165.21
los	1454	1453	2214.935	2115.485	2165.21
spe	1454	1446	2214.935	1960.08	2087.5075
spe	1446	1440	1960.08	1813.195	1886.6375
spe	1439	1438	1555.635	1347.94	1451.7875
los	1439	1438	1555.635	1347.94	1451.7875
hgt	741	GCA.003220615.1.Bacteria.Methylomirabilota	2099.065	0.0	1049.5325
hgt	1446	1445	1960.08	1742.485	1851.2825
los	1446	1445	1960.08	1742.485	1851.2825
hgt	515	514	2002.575	1851.4	1926.9875
hgt	None	dead	0.0	0.0	0.0
hgt	574	GCF.000374645.1.Bacteria.Proteobacteria	1374.275	0.0	687.1375
hgt	None	dead	0.0	0.0	0.0
los	None	dead	0.0	0.0	0.0
dup	515	514	2002.575	1851.4	1926.9875
dup	515	514	2002.575	1851.4	1926.9875
dup	515	514	2002.575	1851.4	1926.9875
dup	515	514	2002.575	1851.4	1926.9875
dup	515	514	2002.575	1851.4	1926.9875
dup	515	514	2002.575	1851.4	1926.9875
spe	514	436	1851.4	1731.205	1791.3025
los	514	436	1851.4	1731.205	1791.3025
dup	514	513	1851.4	1786.09	1818.745
dup	514	513	1851.4	1786.09	1818.745
dup	514	513	1851.4	1786.09	1818.745
spe	514	513	1851.4	1786.09	1818.745
spe	512	486	1671.055	1393.215	1532.135
los	512	486	1671.055	1393.215	1532.135
spe	511	510	1589.625	1517.685	1553.655
los	511	510	1589.625	1517.685	1553.655
spe	489	GCA.002701885.1.Bacteria.Proteobacteria	1225.83	0.0	612.915
los	489	GCA.002701885.1.Bacteria.Proteobacteria	1225.83	0.0	612.915
spe	513	483	1786.09	1736.705	1761.3975
spe	483	482	1736.705	1642.38	1689.5425
spe	481	480	1564.755	1431.52	1498.1375
los	481	480	1564.755	1431.52	1498.1375
spe	469	463	1451.305	1313.945	1382.625
los	469	463	1451.305	1313.945	1382.625
spe	468	467	1270.185	1108.71	1189.4475
los	468	467	1270.185	1108.71	1189.4475
hgt	None	dead	0.0	0.0	0.0
hgt	None	dead	0.0	0.0	0.0
los	None	dead	0.0	0.0	0.0
spe	458	GCA.002340345.1.Bacteria.Proteobacteria	1513.53	0.0	756.765
los	458	GCA.002340345.1.Bacteria.Proteobacteria	1513.53	0.0	756.765
hgt	435	GCA.006969625.1.Bacteria.Proteobacteria	1539.415	0.0	769.7075
spe	458	456	1513.53	1329.135	1421.3325
spe	456	455	1329.135	974.476	1151.8055
spe	454	GCA.002709155.1.Bacteria.Proteobacteria	839.502	0.0	419.751
los	454	GCA.002709155.1.Bacteria.Proteobacteria	839.502	0.0	419.751
spe	453	GCA.002457765.1.Bacteria.Proteobacteria	720.6325	0.0	360.31625
los	453	GCA.002457765.1.Bacteria.Proteobacteria	720.6325	0.0	360.31625
spe	483	447	1736.705	1590.07	1663.3875
dup	447	446	1590.07	1389.555	1489.8125
spe	446	445	1389.555	1267.47	1328.5125
los	446	445	1389.555	1267.47	1328.5125
spe	447	446	1590.07	1389.555	1489.8125
spe	445	GCA.002717225.1.Bacteria.Proteobacteria	1267.47	0.0	633.735
los	445	GCA.002717225.1.Bacteria.Proteobacteria	1267.47	0.0	633.735
spe	444	GCA.002686135.1.Bacteria.Proteobacteria	1089.937	0.0	544.9685
los	444	GCA.002686135.1.Bacteria.Proteobacteria	1089.937	0.0	544.9685
dup	444	GCA.002348425.1.Bacteria.Proteobacteria	1089.937	0.0	544.9685
dup	444	GCA.002348425.1.Bacteria.Proteobacteria	1089.937	0.0	544.9685
hgt	None	dead	0.0	0.0	0.0
hgt	None	dead	0.0	0.0	0.0
los	None	dead	0.0	0.0	0.0
hgt	446	GCA.002717185.1.Bacteria.Proteobacteria	1389.555	0.0	694.7775
dup	446	GCA.002717185.1.Bacteria.Proteobacteria	1389.555	0.0	694.7775
hgt	468	GCF.900167455.1.Bacteria.Proteobacteria	1270.185	0.0	635.0925
hgt	741	GCA.003220615.1.Bacteria.Methylomirabilota	2099.065	0.0	1049.5325
hgt	498	GCA.002731375.1.Bacteria.Proteobacteria	1143.1505	0.0	571.57525
hgt	434	GCA.002238885.1.Bacteria.Proteobacteria	1329.5	0.0	664.75
hgt	454	GCA.002709155.1.Bacteria.Proteobacteria	839.502	0.0	419.751
dup	741	GCA.003220615.1.Bacteria.Methylomirabilota	2099.065	0.0	1049.5325
hgt	None	dead	0.0	0.0	0.0
los	447	439	1590.07	1430.985	1510.5275
hgt	741	GCA.003220615.1.Bacteria.Methylomirabilota	2099.065	0.0	1049.5325
hgt	None	dead	0.0	0.0	0.0
los	None	dead	0.0	0.0	0.0
spe	513	512	1786.09	1671.055	1728.5725
los	513	512	1786.09	1671.055	1728.5725
spe	513	483	1786.09	1736.705	1761.3975
spe	447	439	1590.07	1430.985	1510.5275
los	447	439	1590.07	1430.985	1510.5275
spe	446	GCA.002717185.1.Bacteria.Proteobacteria	1389.555	0.0	694.7775
los	446	GCA.002717185.1.Bacteria.Proteobacteria	1389.555	0.0	694.7775
spe	445	444	1267.47	1089.937	1178.7035
los	445	444	1267.47	1089.937	1178.7035
spe	482	458	1642.38	1513.53	1577.955
los	482	458	1642.38	1513.53	1577.955
spe	481	480	1564.755	1431.52	1498.1375
los	481	480	1564.755	1431.52	1498.1375
spe	469	463	1451.305	1313.945	1382.625
los	469	463	1451.305	1313.945	1382.625
spe	469	468	1451.305	1270.185	1360.745
spe	467	GCA.002291925.1.Bacteria.Proteobacteria	1108.71	0.0	554.355
los	467	GCA.002291925.1.Bacteria.Proteobacteria	1108.71	0.0	554.355
dup	514	513	1851.4	1786.09	1818.745
spe	514	513	1851.4	1786.09	1818.745
spe	483	447	1736.705	1590.07	1663.3875
los	483	447	1736.705	1590.07	1663.3875
spe	482	458	1642.38	1513.53	1577.955
los	482	458	1642.38	1513.53	1577.955
hgt	None	dead	0.0	0.0	0.0
hgt	None	dead	0.0	0.0	0.0
los	None	dead	0.0	0.0	0.0
spe	481	480	1564.755	1431.52	1498.1375
los	481	480	1564.755	1431.52	1498.1375
hgt	None	dead	0.0	0.0	0.0
hgt	None	dead	0.0	0.0	0.0
los	None	dead	0.0	0.0	0.0
spe	469	463	1451.305	1313.945	1382.625
los	469	463	1451.305	1313.945	1382.625
spe	469	468	1451.305	1270.185	1360.745
spe	467	GCA.002291925.1.Bacteria.Proteobacteria	1108.71	0.0	554.355
los	467	GCA.002291925.1.Bacteria.Proteobacteria	1108.71	0.0	554.355
spe	512	486	1671.055	1393.215	1532.135
los	512	486	1671.055	1393.215	1532.135
spe	511	510	1589.625	1517.685	1553.655
los	511	510	1589.625	1517.685	1553.655
spe	489	GCA.002701885.1.Bacteria.Proteobacteria	1225.83	0.0	612.915
los	489	GCA.002701885.1.Bacteria.Proteobacteria	1225.83	0.0	612.915
dup	489	GCA.002348365.1.Bacteria.Proteobacteria	1225.83	0.0	612.915
dup	489	GCA.002348365.1.Bacteria.Proteobacteria	1225.83	0.0	612.915
spe	514	513	1851.4	1786.09	1818.745
hgt	None	dead	0.0	0.0	0.0
hgt	None	dead	0.0	0.0	0.0
los	None	dead	0.0	0.0	0.0
spe	483	447	1736.705	1590.07	1663.3875
los	483	447	1736.705	1590.07	1663.3875
spe	483	482	1736.705	1642.38	1689.5425
spe	458	GCA.002340345.1.Bacteria.Proteobacteria	1513.53	0.0	756.765
los	458	GCA.002340345.1.Bacteria.Proteobacteria	1513.53	0.0	756.765
spe	456	GCF.002148795.1.Bacteria.Proteobacteria	1329.135	0.0	664.5675
los	456	GCF.002148795.1.Bacteria.Proteobacteria	1329.135	0.0	664.5675
spe	455	454	974.476	839.502	906.989
los	455	454	974.476	839.502	906.989
spe	481	480	1564.755	1431.52	1498.1375
los	481	480	1564.755	1431.52	1498.1375
spe	469	463	1451.305	1313.945	1382.625
los	469	463	1451.305	1313.945	1382.625
spe	468	GCF.900167455.1.Bacteria.Proteobacteria	1270.185	0.0	635.0925
los	468	GCF.900167455.1.Bacteria.Proteobacteria	1270.185	0.0	635.0925
spe	467	GCA.002291925.1.Bacteria.Proteobacteria	1108.71	0.0	554.355
los	467	GCA.002291925.1.Bacteria.Proteobacteria	1108.71	0.0	554.355
spe	513	512	1786.09	1671.055	1728.5725
spe	512	511	1671.055	1589.625	1630.34
spe	489	GCA.002701885.1.Bacteria.Proteobacteria	1225.83	0.0	612.915
los	489	GCA.002701885.1.Bacteria.Proteobacteria	1225.83	0.0	612.915
spe	510	509	1517.685	1417.44	1467.5625
los	510	509	1517.685	1417.44	1467.5625
spe	492	GCF.900172325.1.Bacteria.Proteobacteria	1247.39	0.0	623.695
los	492	GCF.900172325.1.Bacteria.Proteobacteria	1247.39	0.0	623.695
spe	512	486	1671.055	1393.215	1532.135
hgt	None	dead	0.0	0.0	0.0
los	486	GCA.002721365.1.Bacteria.Proteobacteria	1393.215	0.0	696.6075
hgt	None	dead	0.0	0.0	0.0
los	None	dead	0.0	0.0	0.0
spe	514	513	1851.4	1786.09	1818.745
hgt	None	dead	0.0	0.0	0.0
hgt	None	dead	0.0	0.0	0.0
los	None	dead	0.0	0.0	0.0
spe	513	483	1786.09	1736.705	1761.3975
spe	447	439	1590.07	1430.985	1510.5275
los	447	439	1590.07	1430.985	1510.5275
spe	446	445	1389.555	1267.47	1328.5125
los	446	445	1389.555	1267.47	1328.5125
spe	483	482	1736.705	1642.38	1689.5425
spe	481	480	1564.755	1431.52	1498.1375
los	481	480	1564.755	1431.52	1498.1375
spe	469	463	1451.305	1313.945	1382.625
los	469	463	1451.305	1313.945	1382.625
spe	469	468	1451.305	1270.185	1360.745
spe	467	GCA.002291925.1.Bacteria.Proteobacteria	1108.71	0.0	554.355
los	467	GCA.002291925.1.Bacteria.Proteobacteria	1108.71	0.0	554.355
spe	458	GCA.002340345.1.Bacteria.Proteobacteria	1513.53	0.0	756.765
los	458	GCA.002340345.1.Bacteria.Proteobacteria	1513.53	0.0	756.765
spe	458	456	1513.53	1329.135	1421.3325
spe	456	455	1329.135	974.476	1151.8055
spe	455	454	974.476	839.502	906.989
spe	453	GCA.002457765.1.Bacteria.Proteobacteria	720.6325	0.0	360.31625
los	453	GCA.002457765.1.Bacteria.Proteobacteria	720.6325	0.0	360.31625
hgt	468	GCF.900167455.1.Bacteria.Proteobacteria	1270.185	0.0	635.0925
spe	512	486	1671.055	1393.215	1532.135
los	512	486	1671.055	1393.215	1532.135
spe	511	489	1589.625	1225.83	1407.7275
los	511	489	1589.625	1225.83	1407.7275
spe	511	510	1589.625	1517.685	1553.655
spe	509	508	1417.44	1290.24	1353.84
los	509	508	1417.44	1290.24	1353.84
hgt	None	dead	0.0	0.0	0.0
spe	495	GCF.003173035.1.Bacteria.Proteobacteria	1152.21	0.0	576.105
los	495	GCF.003173035.1.Bacteria.Proteobacteria	1152.21	0.0	576.105
hgt	None	dead	0.0	0.0	0.0
los	None	dead	0.0	0.0	0.0
hgt	435	434	1539.415	1329.5	1434.4575
spe	510	492	1517.685	1247.39	1382.5375
spe	435	434	1539.415	1329.5	1434.4575
dup	515	514	2002.575	1851.4	1926.9875
spe	515	514	2002.575	1851.4	1926.9875
spe	514	436	1851.4	1731.205	1791.3025
spe	436	435	1731.205	1539.415	1635.31
spe	435	434	1539.415	1329.5	1434.4575
hgt	None	dead	0.0	0.0	0.0
los	434	GCA.002238885.1.Bacteria.Proteobacteria	1329.5	0.0	664.75
hgt	None	dead	0.0	0.0	0.0
los	None	dead	0.0	0.0	0.0
hgt	None	dead	0.0	0.0	0.0
hgt	None	dead	0.0	0.0	0.0
los	None	dead	0.0	0.0	0.0
dup	514	513	1851.4	1786.09	1818.745
spe	513	512	1786.09	1671.055	1728.5725
los	513	512	1786.09	1671.055	1728.5725
spe	483	447	1736.705	1590.07	1663.3875
los	483	447	1736.705	1590.07	1663.3875
spe	482	481	1642.38	1564.755	1603.5675
los	482	481	1642.38	1564.755	1603.5675
spe	458	GCA.002340345.1.Bacteria.Proteobacteria	1513.53	0.0	756.765
los	458	GCA.002340345.1.Bacteria.Proteobacteria	1513.53	0.0	756.765
spe	458	456	1513.53	1329.135	1421.3325
spe	455	454	974.476	839.502	906.989
los	455	454	974.476	839.502	906.989
spe	514	513	1851.4	1786.09	1818.745
spe	512	486	1671.055	1393.215	1532.135
los	512	486	1671.055	1393.215	1532.135
spe	511	489	1589.625	1225.83	1407.7275
los	511	489	1589.625	1225.83	1407.7275
spe	510	509	1517.685	1417.44	1467.5625
los	510	509	1517.685	1417.44	1467.5625
spe	492	GCF.900172325.1.Bacteria.Proteobacteria	1247.39	0.0	623.695
los	492	GCF.900172325.1.Bacteria.Proteobacteria	1247.39	0.0	623.695
spe	483	447	1736.705	1590.07	1663.3875
los	483	447	1736.705	1590.07	1663.3875
spe	483	482	1736.705	1642.38	1689.5425
spe	458	GCA.002340345.1.Bacteria.Proteobacteria	1513.53	0.0	756.765
los	458	GCA.002340345.1.Bacteria.Proteobacteria	1513.53	0.0	756.765
spe	456	GCF.002148795.1.Bacteria.Proteobacteria	1329.135	0.0	664.5675
los	456	GCF.002148795.1.Bacteria.Proteobacteria	1329.135	0.0	664.5675
spe	455	454	974.476	839.502	906.989
los	455	454	974.476	839.502	906.989
spe	481	480	1564.755	1431.52	1498.1375
los	481	480	1564.755	1431.52	1498.1375
spe	469	463	1451.305	1313.945	1382.625
los	469	463	1451.305	1313.945	1382.625
spe	468	467	1270.185	1108.71	1189.4475
los	468	467	1270.185	1108.71	1189.4475
spe	514	436	1851.4	1731.205	1791.3025
los	514	436	1851.4	1731.205	1791.3025
spe	514	513	1851.4	1786.09	1818.745
spe	483	447	1736.705	1590.07	1663.3875
los	483	447	1736.705	1590.07	1663.3875
spe	482	458	1642.38	1513.53	1577.955
los	482	458	1642.38	1513.53	1577.955
spe	481	480	1564.755	1431.52	1498.1375
los	481	480	1564.755	1431.52	1498.1375
hgt	None	dead	0.0	0.0	0.0
hgt	None	dead	0.0	0.0	0.0
los	None	dead	0.0	0.0	0.0
spe	469	468	1451.305	1270.185	1360.745
los	469	468	1451.305	1270.185	1360.745
spe	463	GCF.002251795.1.Bacteria.Proteobacteria	1313.945	0.0	656.9725
los	463	GCF.002251795.1.Bacteria.Proteobacteria	1313.945	0.0	656.9725
spe	463	462	1313.945	1065.146	1189.5455
spe	513	512	1786.09	1671.055	1728.5725
spe	486	GCF.000264455.2.Bacteria.Proteobacteria	1393.215	0.0	696.6075
los	486	GCF.000264455.2.Bacteria.Proteobacteria	1393.215	0.0	696.6075
spe	512	511	1671.055	1589.625	1630.34
spe	510	492	1517.685	1247.39	1382.5375
los	510	492	1517.685	1247.39	1382.5375
spe	509	495	1417.44	1152.21	1284.825
los	509	495	1417.44	1152.21	1284.825
spe	508	498	1290.24	1143.1505	1216.69525
los	508	498	1290.24	1143.1505	1216.69525
spe	507	503	1064.673	930.456	997.5645
los	507	503	1064.673	930.456	997.5645
spe	506	GCA.001464215.1.Bacteria.Proteobacteria	1020.1165	0.0	510.05825
los	506	GCA.001464215.1.Bacteria.Proteobacteria	1020.1165	0.0	510.05825
spe	489	GCA.002701885.1.Bacteria.Proteobacteria	1225.83	0.0	612.915
los	489	GCA.002701885.1.Bacteria.Proteobacteria	1225.83	0.0	612.915
dup	489	GCA.002348365.1.Bacteria.Proteobacteria	1225.83	0.0	612.915
spe	514	436	1851.4	1731.205	1791.3025
los	514	436	1851.4	1731.205	1791.3025
spe	514	513	1851.4	1786.09	1818.745
spe	512	511	1671.055	1589.625	1630.34
los	512	511	1671.055	1589.625	1630.34
spe	486	GCF.000264455.2.Bacteria.Proteobacteria	1393.215	0.0	696.6075
los	486	GCF.000264455.2.Bacteria.Proteobacteria	1393.215	0.0	696.6075
spe	483	482	1736.705	1642.38	1689.5425
los	483	482	1736.705	1642.38	1689.5425
dup	483	447	1736.705	1590.07	1663.3875
hgt	741	GCA.003220615.1.Bacteria.Methylomirabilota	2099.065	0.0	1049.5325
dup	483	447	1736.705	1590.07	1663.3875
dup	483	447	1736.705	1590.07	1663.3875
spe	483	447	1736.705	1590.07	1663.3875
spe	439	GCF.001613805.1.Bacteria.Proteobacteria	1430.985	0.0	715.4925
los	439	GCF.001613805.1.Bacteria.Proteobacteria	1430.985	0.0	715.4925
spe	447	446	1590.07	1389.555	1489.8125
spe	445	GCA.002717225.1.Bacteria.Proteobacteria	1267.47	0.0	633.735
los	445	GCA.002717225.1.Bacteria.Proteobacteria	1267.47	0.0	633.735
spe	444	GCA.002686135.1.Bacteria.Proteobacteria	1089.937	0.0	544.9685
los	444	GCA.002686135.1.Bacteria.Proteobacteria	1089.937	0.0	544.9685
dup	483	447	1736.705	1590.07	1663.3875
spe	483	447	1736.705	1590.07	1663.3875
spe	446	GCA.002717185.1.Bacteria.Proteobacteria	1389.555	0.0	694.7775
los	446	GCA.002717185.1.Bacteria.Proteobacteria	1389.555	0.0	694.7775
spe	445	GCA.002717225.1.Bacteria.Proteobacteria	1267.47	0.0	633.735
los	445	GCA.002717225.1.Bacteria.Proteobacteria	1267.47	0.0	633.735
spe	444	GCA.002686135.1.Bacteria.Proteobacteria	1089.937	0.0	544.9685
los	444	GCA.002686135.1.Bacteria.Proteobacteria	1089.937	0.0	544.9685
spe	439	GCF.001613805.1.Bacteria.Proteobacteria	1430.985	0.0	715.4925
los	439	GCF.001613805.1.Bacteria.Proteobacteria	1430.985	0.0	715.4925
spe	483	447	1736.705	1590.07	1663.3875
spe	439	GCF.001613805.1.Bacteria.Proteobacteria	1430.985	0.0	715.4925
los	439	GCF.001613805.1.Bacteria.Proteobacteria	1430.985	0.0	715.4925
dup	439	GCA.002723345.1.Bacteria.Proteobacteria	1430.985	0.0	715.4925
dup	439	GCA.002723345.1.Bacteria.Proteobacteria	1430.985	0.0	715.4925
hgt	468	GCF.900167455.1.Bacteria.Proteobacteria	1270.185	0.0	635.0925
hgt	741	GCA.003220615.1.Bacteria.Methylomirabilota	2099.065	0.0	1049.5325
spe	446	GCA.002717185.1.Bacteria.Proteobacteria	1389.555	0.0	694.7775
los	446	GCA.002717185.1.Bacteria.Proteobacteria	1389.555	0.0	694.7775
dup	446	445	1389.555	1267.47	1328.5125
spe	446	445	1389.555	1267.47	1328.5125
spe	444	GCA.002686135.1.Bacteria.Proteobacteria	1089.937	0.0	544.9685
los	444	GCA.002686135.1.Bacteria.Proteobacteria	1089.937	0.0	544.9685
dup	444	GCA.002348425.1.Bacteria.Proteobacteria	1089.937	0.0	544.9685
hgt	489	GCA.002348365.1.Bacteria.Proteobacteria	1225.83	0.0	612.915
spe	445	GCA.002717225.1.Bacteria.Proteobacteria	1267.47	0.0	633.735
los	445	GCA.002717225.1.Bacteria.Proteobacteria	1267.47	0.0	633.735
spe	444	GCA.002686135.1.Bacteria.Proteobacteria	1089.937	0.0	544.9685
los	444	GCA.002686135.1.Bacteria.Proteobacteria	1089.937	0.0	544.9685
dup	444	GCA.002348425.1.Bacteria.Proteobacteria	1089.937	0.0	544.9685
spe	483	447	1736.705	1590.07	1663.3875
spe	439	GCF.001613805.1.Bacteria.Proteobacteria	1430.985	0.0	715.4925
los	439	GCF.001613805.1.Bacteria.Proteobacteria	1430.985	0.0	715.4925
spe	447	446	1590.07	1389.555	1489.8125
hgt	446	445	1389.555	1267.47	1328.5125
los	446	445	1389.555	1267.47	1328.5125
spe	483	447	1736.705	1590.07	1663.3875
spe	439	GCF.001613805.1.Bacteria.Proteobacteria	1430.985	0.0	715.4925
los	439	GCF.001613805.1.Bacteria.Proteobacteria	1430.985	0.0	715.4925
spe	446	GCA.002717185.1.Bacteria.Proteobacteria	1389.555	0.0	694.7775
los	446	GCA.002717185.1.Bacteria.Proteobacteria	1389.555	0.0	694.7775
spe	445	GCA.002717225.1.Bacteria.Proteobacteria	1267.47	0.0	633.735
los	445	GCA.002717225.1.Bacteria.Proteobacteria	1267.47	0.0	633.735
spe	444	GCA.002686135.1.Bacteria.Proteobacteria	1089.937	0.0	544.9685
los	444	GCA.002686135.1.Bacteria.Proteobacteria	1089.937	0.0	544.9685
dup	444	GCA.002348425.1.Bacteria.Proteobacteria	1089.937	0.0	544.9685
hgt	489	GCA.002348365.1.Bacteria.Proteobacteria	1225.83	0.0	612.915
spe	514	436	1851.4	1731.205	1791.3025
los	514	436	1851.4	1731.205	1791.3025
spe	514	513	1851.4	1786.09	1818.745
spe	512	511	1671.055	1589.625	1630.34
los	512	511	1671.055	1589.625	1630.34
spe	486	GCF.000264455.2.Bacteria.Proteobacteria	1393.215	0.0	696.6075
los	486	GCF.000264455.2.Bacteria.Proteobacteria	1393.215	0.0	696.6075
spe	483	482	1736.705	1642.38	1689.5425
los	483	482	1736.705	1642.38	1689.5425
spe	447	439	1590.07	1430.985	1510.5275
los	447	439	1590.07	1430.985	1510.5275
spe	446	445	1389.555	1267.47	1328.5125
los	446	445	1389.555	1267.47	1328.5125
spe	515	514	2002.575	1851.4	1926.9875
spe	513	483	1786.09	1736.705	1761.3975
los	513	483	1786.09	1736.705	1761.3975
spe	512	511	1671.055	1589.625	1630.34
los	512	511	1671.055	1589.625	1630.34
spe	486	GCA.002721365.1.Bacteria.Proteobacteria	1393.215	0.0	696.6075
los	486	GCA.002721365.1.Bacteria.Proteobacteria	1393.215	0.0	696.6075
spe	514	436	1851.4	1731.205	1791.3025
hgt	436	435	1731.205	1539.415	1635.31
los	436	435	1731.205	1539.415	1635.31
dup	436	GCA.002722885.1.Bacteria.Proteobacteria	1731.205	0.0	865.6025
dup	436	GCA.002722885.1.Bacteria.Proteobacteria	1731.205	0.0	865.6025
spe	515	514	2002.575	1851.4	1926.9875
spe	436	GCA.002722885.1.Bacteria.Proteobacteria	1731.205	0.0	865.6025
los	436	GCA.002722885.1.Bacteria.Proteobacteria	1731.205	0.0	865.6025
spe	435	434	1539.415	1329.5	1434.4575
los	435	434	1539.415	1329.5	1434.4575
spe	514	513	1851.4	1786.09	1818.745
spe	512	511	1671.055	1589.625	1630.34
los	512	511	1671.055	1589.625	1630.34
spe	486	GCA.002721365.1.Bacteria.Proteobacteria	1393.215	0.0	696.6075
los	486	GCA.002721365.1.Bacteria.Proteobacteria	1393.215	0.0	696.6075
spe	483	447	1736.705	1590.07	1663.3875
los	483	447	1736.705	1590.07	1663.3875
spe	482	458	1642.38	1513.53	1577.955
los	482	458	1642.38	1513.53	1577.955
spe	481	480	1564.755	1431.52	1498.1375
los	481	480	1564.755	1431.52	1498.1375
spe	469	468	1451.305	1270.185	1360.745
los	469	468	1451.305	1270.185	1360.745
spe	463	GCF.002251795.1.Bacteria.Proteobacteria	1313.945	0.0	656.9725
los	463	GCF.002251795.1.Bacteria.Proteobacteria	1313.945	0.0	656.9725
spe	462	GCF.006980715.1.Bacteria.Proteobacteria	1065.146	0.0	532.573
los	462	GCF.006980715.1.Bacteria.Proteobacteria	1065.146	0.0	532.573
dup	515	514	2002.575	1851.4	1926.9875
hgt	None	dead	0.0	0.0	0.0
hgt	None	dead	0.0	0.0	0.0
los	None	dead	0.0	0.0	0.0
spe	515	514	2002.575	1851.4	1926.9875
spe	436	GCA.002722885.1.Bacteria.Proteobacteria	1731.205	0.0	865.6025
los	436	GCA.002722885.1.Bacteria.Proteobacteria	1731.205	0.0	865.6025
spe	435	GCA.006969625.1.Bacteria.Proteobacteria	1539.415	0.0	769.7075
los	435	GCA.006969625.1.Bacteria.Proteobacteria	1539.415	0.0	769.7075
spe	434	GCA.002238885.1.Bacteria.Proteobacteria	1329.5	0.0	664.75
los	434	GCA.002238885.1.Bacteria.Proteobacteria	1329.5	0.0	664.75
spe	514	513	1851.4	1786.09	1818.745
spe	513	483	1786.09	1736.705	1761.3975
spe	482	458	1642.38	1513.53	1577.955
los	482	458	1642.38	1513.53	1577.955
spe	481	480	1564.755	1431.52	1498.1375
los	481	480	1564.755	1431.52	1498.1375
spe	469	463	1451.305	1313.945	1382.625
los	469	463	1451.305	1313.945	1382.625
spe	468	467	1270.185	1108.71	1189.4475
los	468	467	1270.185	1108.71	1189.4475
spe	447	439	1590.07	1430.985	1510.5275
los	447	439	1590.07	1430.985	1510.5275
spe	446	445	1389.555	1267.47	1328.5125
los	446	445	1389.555	1267.47	1328.5125
spe	512	486	1671.055	1393.215	1532.135
los	512	486	1671.055	1393.215	1532.135
hgt	None	dead	0.0	0.0	0.0
hgt	None	dead	0.0	0.0	0.0
los	None	dead	0.0	0.0	0.0
spe	511	489	1589.625	1225.83	1407.7275
los	511	489	1589.625	1225.83	1407.7275
spe	511	510	1589.625	1517.685	1553.655
spe	492	GCF.002798435.1.Bacteria.Proteobacteria	1247.39	0.0	623.695
los	492	GCF.002798435.1.Bacteria.Proteobacteria	1247.39	0.0	623.695
spe	509	508	1417.44	1290.24	1353.84
los	509	508	1417.44	1290.24	1353.84
hgt	435	GCA.006969625.1.Bacteria.Proteobacteria	1539.415	0.0	769.7075
spe	495	GCF.003173035.1.Bacteria.Proteobacteria	1152.21	0.0	576.105
los	495	GCF.003173035.1.Bacteria.Proteobacteria	1152.21	0.0	576.105
spe	515	514	2002.575	1851.4	1926.9875
spe	436	GCA.002722885.1.Bacteria.Proteobacteria	1731.205	0.0	865.6025
los	436	GCA.002722885.1.Bacteria.Proteobacteria	1731.205	0.0	865.6025
spe	435	GCA.006969625.1.Bacteria.Proteobacteria	1539.415	0.0	769.7075
los	435	GCA.006969625.1.Bacteria.Proteobacteria	1539.415	0.0	769.7075
spe	434	GCA.002898275.1.Bacteria.Proteobacteria	1329.5	0.0	664.75
los	434	GCA.002898275.1.Bacteria.Proteobacteria	1329.5	0.0	664.75
spe	513	512	1786.09	1671.055	1728.5725
los	513	512	1786.09	1671.055	1728.5725
spe	483	447	1736.705	1590.07	1663.3875
los	483	447	1736.705	1590.07	1663.3875
spe	483	482	1736.705	1642.38	1689.5425
spe	458	GCA.002340345.1.Bacteria.Proteobacteria	1513.53	0.0	756.765
los	458	GCA.002340345.1.Bacteria.Proteobacteria	1513.53	0.0	756.765
spe	458	456	1513.53	1329.135	1421.3325
spe	456	455	1329.135	974.476	1151.8055
hgt	455	454	974.476	839.502	906.989
los	455	454	974.476	839.502	906.989
spe	481	480	1564.755	1431.52	1498.1375
los	481	480	1564.755	1431.52	1498.1375
spe	469	463	1451.305	1313.945	1382.625
los	469	463	1451.305	1313.945	1382.625
spe	469	468	1451.305	1270.185	1360.745
hgt	486	GCA.002721365.1.Bacteria.Proteobacteria	1393.215	0.0	696.6075
spe	468	467	1270.185	1108.71	1189.4475
hgt	467	GCA.002291925.1.Bacteria.Proteobacteria	1108.71	0.0	554.355
los	467	GCA.002291925.1.Bacteria.Proteobacteria	1108.71	0.0	554.355
spe	1476	1475	2783.015	2647.025	2715.02
spe	1463	1457	2401.705	1966.385	2184.045
los	1463	1457	2401.705	1966.385	2184.045
spe	1462	GCA.002436065.1.Bacteria.Chloroflexota	2298.115	0.0	1149.0575
los	1462	GCA.002436065.1.Bacteria.Chloroflexota	2298.115	0.0	1149.0575
spe	1461	GCA.002347925.1.Bacteria.Chloroflexota	1906.91	0.0	953.455
los	1461	GCA.002347925.1.Bacteria.Chloroflexota	1906.91	0.0	953.455
spe	1475	1474	2647.025	2497.34	2572.1825
hgt	None	dead	0.0	0.0	0.0
los	1474	1473	2497.34	1423.81	1960.575
hgt	None	dead	0.0	0.0	0.0
los	None	dead	0.0	0.0	0.0
spe	1474	1470	2497.34	2147.93	2322.635
spe	1469	GCA.001898225.1.Bacteria.Chloroflexota	1964.555	0.0	982.2775
los	1469	GCA.001898225.1.Bacteria.Chloroflexota	1964.555	0.0	982.2775
spe	1467	GCA.002440805.1.Bacteria.Chloroflexota	1808.245	0.0	904.1225
los	1467	GCA.002440805.1.Bacteria.Chloroflexota	1808.245	0.0	904.1225
spe	1127	1113	3047.3	2606.93	2827.115
los	1127	1113	3047.3	2606.93	2827.115
hgt	None	dead	0.0	0.0	0.0
spe	1126	1125	2827.62	2607.545	2717.5825
los	1126	1125	2827.62	2607.545	2717.5825
spe	1116	GCA.002435745.1.Bacteria.UBP15	2382.81	0.0	1191.405
los	1116	GCA.002435745.1.Bacteria.UBP15	2382.81	0.0	1191.405
hgt	None	dead	0.0	0.0	0.0
hgt	None	dead	0.0	0.0	0.0
los	None	dead	0.0	0.0	0.0
spe	694	692	1248.195	1141.9465	1195.07075
hgt	None	dead	0.0	0.0	0.0
hgt	684	GCA.002483445.1.Bacteria.Acidobacteriota	1325.86	0.0	662.93
hgt	746	GCA.002238965.1.Bacteria.UBA8248	2036.715	0.0	1018.3575
hgt	None	dead	0.0	0.0	0.0
los	None	dead	0.0	0.0	0.0
hgt	None	dead	0.0	0.0	0.0
los	None	dead	0.0	0.0	0.0
spe	713	699	2300.685	2165.445	2233.065
spe	698	686	1924.625	1699.78	1812.2025
los	698	686	1924.625	1699.78	1812.2025
spe	698	697	1924.625	1651.7	1788.1625
spe	696	695	1431.15	1321.86	1376.505
los	696	695	1431.15	1321.86	1376.505
spe	699	681	2165.445	1934.475	2049.96
hgt	681	680	1934.475	1748.645	1841.56
los	681	680	1934.475	1748.645	1841.56
hgt	849	GCF.000266945.1.Bacteria.Desulfobacterota	1938.415	0.0	969.2075
hgt	None	dead	0.0	0.0	0.0
los	None	dead	0.0	0.0	0.0
spe	1724	1723	3628.125	3473.32	3550.7225
los	1724	1723	3628.125	3473.32	3550.7225
spe	1642	1641	3541.065	3197.795	3369.43
los	1642	1641	3541.065	3197.795	3369.43
dup	1642	1478	3541.065	3264.47	3402.7675
spe	1642	1478	3541.065	3264.47	3402.7675
spe	1477	1431	3024.12	2678.945	2851.5325
los	1477	1431	3024.12	2678.945	2851.5325
spe	1477	1476	3024.12	2783.015	2903.5675
spe	1476	1475	2783.015	2647.025	2715.02
spe	1475	1474	2647.025	2497.34	2572.1825
spe	1473	GCA.003243965.1.Bacteria.Chloroflexota	1423.81	0.0	711.905
los	1473	GCA.003243965.1.Bacteria.Chloroflexota	1423.81	0.0	711.905
spe	1470	GCF.000025005.1.Bacteria.Chloroflexota	2147.93	0.0	1073.965
los	1470	GCF.000025005.1.Bacteria.Chloroflexota	2147.93	0.0	1073.965
spe	1469	1467	1964.555	1808.245	1886.4
los	1469	1467	1964.555	1808.245	1886.4
spe	1463	1457	2401.705	1966.385	2184.045
los	1463	1457	2401.705	1966.385	2184.045
hgt	None	dead	0.0	0.0	0.0
hgt	741	GCA.003220615.1.Bacteria.Methylomirabilota	2099.065	0.0	1049.5325
hgt	None	dead	0.0	0.0	0.0
los	None	dead	0.0	0.0	0.0
spe	1462	GCA.002436065.1.Bacteria.Chloroflexota	2298.115	0.0	1149.0575
los	1462	GCA.002436065.1.Bacteria.Chloroflexota	2298.115	0.0	1149.0575
spe	1462	1461	2298.115	1906.91	2102.5125
hgt	147	GCA.001940725.1.Archaea.Asgardarchaeota	2129.97	0.0	1064.985
hgt	1461	GCA.002413265.1.Bacteria.Chloroflexota	1906.91	0.0	953.455
los	1461	GCA.002413265.1.Bacteria.Chloroflexota	1906.91	0.0	953.455
hgt	None	dead	0.0	0.0	0.0
hgt	136	GCA.000375685.1.Archaea.Thermoproteota	2332.2	0.0	1166.1
hgt	None	dead	0.0	0.0	0.0
los	None	dead	0.0	0.0	0.0
spe	1454	1453	2214.935	2115.485	2165.21
los	1454	1453	2214.935	2115.485	2165.21
hgt	1236	1228	2380.34	2207.365	2293.8525
spe	1446	1445	1960.08	1742.485	1851.2825
los	1446	1445	1960.08	1742.485	1851.2825
spe	1440	GCF.001306175.1.Bacteria.Chloroflexota	1813.195	0.0	906.5975
los	1440	GCF.001306175.1.Bacteria.Chloroflexota	1813.195	0.0	906.5975
spe	1439	1438	1555.635	1347.94	1451.7875
los	1439	1438	1555.635	1347.94	1451.7875
spe	1236	1228	2380.34	2207.365	2293.8525
spe	1227	GCA.003242675.1.Bacteria.Firmicutes.E	1969.33	0.0	984.665
los	1227	GCA.003242675.1.Bacteria.Firmicutes.E	1969.33	0.0	984.665
spe	1226	GCA.002385465.1.Bacteria.Firmicutes.E	1819.185	0.0	909.5925
los	1226	GCA.002385465.1.Bacteria.Firmicutes.E	1819.185	0.0	909.5925
hgt	1341	GCF.001653195.1.Bacteria.Firmicutes	1562.96	0.0	781.48
spe	1478	1396	3264.47	2089.7	2677.085
hgt	None	dead	0.0	0.0	0.0
hgt	None	dead	0.0	0.0	0.0
los	None	dead	0.0	0.0	0.0
hgt	None	dead	0.0	0.0	0.0
hgt	None	dead	0.0	0.0	0.0
los	None	dead	0.0	0.0	0.0
hgt	None	dead	0.0	0.0	0.0
hgt	None	dead	0.0	0.0	0.0
los	None	dead	0.0	0.0	0.0
hgt	1396	GCA.003244045.1.Bacteria.Dormibacterota	2089.7	0.0	1044.85
los	1396	GCA.003244045.1.Bacteria.Dormibacterota	2089.7	0.0	1044.85
hgt	None	dead	0.0	0.0	0.0
hgt	None	dead	0.0	0.0	0.0
los	None	dead	0.0	0.0	0.0
spe	562	561	1860.4	1784.925	1822.6625
spe	560	558	1588.3	1422.015	1505.1575
los	560	558	1588.3	1422.015	1505.1575
spe	553	GCF.001641825.1.Bacteria.Proteobacteria	1630.725	0.0	815.3625
los	553	GCF.001641825.1.Bacteria.Proteobacteria	1630.725	0.0	815.3625
spe	552	551	1397.305	1101.556	1249.4305
los	552	551	1397.305	1101.556	1249.4305
dup	1642	1478	3541.065	3264.47	3402.7675
spe	1642	1478	3541.065	3264.47	3402.7675
hgt	None	dead	0.0	0.0	0.0
hgt	None	dead	0.0	0.0	0.0
los	None	dead	0.0	0.0	0.0
spe	1478	1477	3264.47	3024.12	3144.295
spe	1476	1454	2783.015	2214.935	2498.975
los	1476	1454	2783.015	2214.935	2498.975
spe	1476	1475	2783.015	2647.025	2715.02
spe	1474	1473	2497.34	1423.81	1960.575
los	1474	1473	2497.34	1423.81	1960.575
spe	1470	GCF.000025005.1.Bacteria.Chloroflexota	2147.93	0.0	1073.965
los	1470	GCF.000025005.1.Bacteria.Chloroflexota	2147.93	0.0	1073.965
spe	1469	1467	1964.555	1808.245	1886.4
los	1469	1467	1964.555	1808.245	1886.4
spe	1463	1462	2401.705	2298.115	2349.91
los	1463	1462	2401.705	2298.115	2349.91
spe	1457	GCA.002404055.1.Bacteria.Chloroflexota	1966.385	0.0	983.1925
los	1457	GCA.002404055.1.Bacteria.Chloroflexota	1966.385	0.0	983.1925
spe	1431	1430	2678.945	2204.905	2441.925
los	1431	1430	2678.945	2204.905	2441.925
spe	1427	1426	2442.77	2247.125	2344.9475
los	1427	1426	2442.77	2247.125	2344.9475
spe	1413	1399	2151.5	1824.235	1987.8675
los	1413	1399	2151.5	1824.235	1987.8675
spe	1412	1411	1912.54	1632.645	1772.5925
los	1412	1411	1912.54	1632.645	1772.5925
spe	1412	1408	1912.54	1849.35	1880.945
spe	1407	GCA.002717565.1.Bacteria.Chloroflexota	1756.215	0.0	878.1075
los	1407	GCA.002717565.1.Bacteria.Chloroflexota	1756.215	0.0	878.1075
spe	1406	GCA.002717925.1.Bacteria.Chloroflexota	1650.16	0.0	825.08
los	1406	GCA.002717925.1.Bacteria.Chloroflexota	1650.16	0.0	825.08
dup	1406	GCA.002710215.1.Bacteria.Chloroflexota	1650.16	0.0	825.08
dup	1406	GCA.002710215.1.Bacteria.Chloroflexota	1650.16	0.0	825.08
hgt	746	GCF.900079095.1.Bacteria.Tectomicrobia	2036.715	0.0	1018.3575
dup	1406	GCA.002710215.1.Bacteria.Chloroflexota	1650.16	0.0	825.08
hgt	746	GCF.900079095.1.Bacteria.Tectomicrobia	2036.715	0.0	1018.3575
spe	1402	GCA.002721445.1.Bacteria.Chloroflexota	1732.845	0.0	866.4225
los	1402	GCA.002721445.1.Bacteria.Chloroflexota	1732.845	0.0	866.4225
dup	1402	GCA.003228115.1.Bacteria.Chloroflexota	1732.845	0.0	866.4225
hgt	746	GCF.900079095.1.Bacteria.Tectomicrobia	2036.715	0.0	1018.3575
hgt	None	dead	0.0	0.0	0.0
hgt	139	109	2917.505	2602.795	2760.15
hgt	None	dead	0.0	0.0	0.0
los	None	dead	0.0	0.0	0.0
dup	139	109	2917.505	2602.795	2760.15
dup	139	109	2917.505	2602.795	2760.15
dup	139	109	2917.505	2602.795	2760.15
spe	109	103	2602.795	2146.08	2374.4375
los	109	103	2602.795	2146.08	2374.4375
spe	109	108	2602.795	2228.635	2415.715
hgt	108	GCF.000148385.1.Archaea.Thermoproteota	2228.635	0.0	1114.3175
los	108	GCF.000148385.1.Archaea.Thermoproteota	2228.635	0.0	1114.3175
spe	108	107	2228.635	1874.74	2051.6875
hgt	None	dead	0.0	0.0	0.0
los	107	GCA.001717025.1.Archaea.Thermoproteota	1874.74	0.0	937.37
hgt	None	dead	0.0	0.0	0.0
los	None	dead	0.0	0.0	0.0
dup	60	GCF.002078355.1.Archaea.Thermoplasmatota	1729.97	0.0	864.985
hgt	None	dead	0.0	0.0	0.0
hgt	None	dead	0.0	0.0	0.0
los	None	dead	0.0	0.0	0.0
spe	139	109	2917.505	2602.795	2760.15
spe	108	107	2228.635	1874.74	2051.6875
los	108	107	2228.635	1874.74	2051.6875
spe	103	GCA.002254745.1.Archaea.Thermoproteota	2146.08	0.0	1073.04
los	103	GCA.002254745.1.Archaea.Thermoproteota	2146.08	0.0	1073.04
spe	101	99	1883.85	1639.4	1761.625
los	101	99	1883.85	1639.4	1761.625
dup	101	GCF.000011205.1.Archaea.Thermoproteota	1883.85	0.0	941.925
spe	139	109	2917.505	2602.795	2760.15
spe	108	GCF.000148385.1.Archaea.Thermoproteota	2228.635	0.0	1114.3175
los	108	GCF.000148385.1.Archaea.Thermoproteota	2228.635	0.0	1114.3175
spe	107	GCA.001717025.1.Archaea.Thermoproteota	1874.74	0.0	937.37
los	107	GCA.001717025.1.Archaea.Thermoproteota	1874.74	0.0	937.37
spe	103	GCA.002254745.1.Archaea.Thermoproteota	2146.08	0.0	1073.04
los	103	GCA.002254745.1.Archaea.Thermoproteota	2146.08	0.0	1073.04
spe	101	99	1883.85	1639.4	1761.625
los	101	99	1883.85	1639.4	1761.625
dup	101	GCF.000011205.1.Archaea.Thermoproteota	1883.85	0.0	941.925
spe	139	109	2917.505	2602.795	2760.15
spe	108	GCF.000148385.1.Archaea.Thermoproteota	2228.635	0.0	1114.3175
los	108	GCF.000148385.1.Archaea.Thermoproteota	2228.635	0.0	1114.3175
spe	107	GCA.001717025.1.Archaea.Thermoproteota	1874.74	0.0	937.37
los	107	GCA.001717025.1.Archaea.Thermoproteota	1874.74	0.0	937.37
spe	103	GCA.002254745.1.Archaea.Thermoproteota	2146.08	0.0	1073.04
los	103	GCA.002254745.1.Archaea.Thermoproteota	2146.08	0.0	1073.04
spe	101	99	1883.85	1639.4	1761.625
los	101	99	1883.85	1639.4	1761.625
dup	101	GCF.000011205.1.Archaea.Thermoproteota	1883.85	0.0	941.925
hgt	108	GCF.000148385.1.Archaea.Thermoproteota	2228.635	0.0	1114.3175
dup	101	GCF.000011205.1.Archaea.Thermoproteota	1883.85	0.0	941.925
hgt	None	dead	0.0	0.0	0.0
hgt	742	741	2707.335	2099.065	2403.2
spe	1396	GCA.003244045.1.Bacteria.Dormibacterota	2089.7	0.0	1044.85
los	1396	GCA.003244045.1.Bacteria.Dormibacterota	2089.7	0.0	1044.85
dup	1396	GCA.003151665.1.Bacteria.Dormibacterota	2089.7	0.0	1044.85
dup	742	741	2707.335	2099.065	2403.2
dup	742	741	2707.335	2099.065	2403.2
spe	741	GCA.001771285.1.Bacteria.Methylomirabilota	2099.065	0.0	1049.5325
los	741	GCA.001771285.1.Bacteria.Methylomirabilota	2099.065	0.0	1049.5325
dup	741	GCA.003220615.1.Bacteria.Methylomirabilota	2099.065	0.0	1049.5325
hgt	None	dead	0.0	0.0	0.0
hgt	None	dead	0.0	0.0	0.0
los	None	dead	0.0	0.0	0.0
spe	483	447	1736.705	1590.07	1663.3875
dup	447	446	1590.07	1389.555	1489.8125
hgt	None	dead	0.0	0.0	0.0
hgt	None	dead	0.0	0.0	0.0
los	None	dead	0.0	0.0	0.0
dup	447	446	1590.07	1389.555	1489.8125
spe	446	GCA.002717185.1.Bacteria.Proteobacteria	1389.555	0.0	694.7775
los	446	GCA.002717185.1.Bacteria.Proteobacteria	1389.555	0.0	694.7775
spe	445	GCA.002717225.1.Bacteria.Proteobacteria	1267.47	0.0	633.735
los	445	GCA.002717225.1.Bacteria.Proteobacteria	1267.47	0.0	633.735
spe	444	GCA.002686135.1.Bacteria.Proteobacteria	1089.937	0.0	544.9685
los	444	GCA.002686135.1.Bacteria.Proteobacteria	1089.937	0.0	544.9685
spe	447	446	1590.07	1389.555	1489.8125
spe	445	GCA.002717225.1.Bacteria.Proteobacteria	1267.47	0.0	633.735
los	445	GCA.002717225.1.Bacteria.Proteobacteria	1267.47	0.0	633.735
spe	444	GCA.002686135.1.Bacteria.Proteobacteria	1089.937	0.0	544.9685
los	444	GCA.002686135.1.Bacteria.Proteobacteria	1089.937	0.0	544.9685
spe	447	446	1590.07	1389.555	1489.8125
spe	445	GCA.002717225.1.Bacteria.Proteobacteria	1267.47	0.0	633.735
los	445	GCA.002717225.1.Bacteria.Proteobacteria	1267.47	0.0	633.735
spe	445	444	1267.47	1089.937	1178.7035
hgt	None	dead	0.0	0.0	0.0
los	444	GCA.002686135.1.Bacteria.Proteobacteria	1089.937	0.0	544.9685
hgt	None	dead	0.0	0.0	0.0
los	None	dead	0.0	0.0	0.0
spe	439	GCF.001613805.1.Bacteria.Proteobacteria	1430.985	0.0	715.4925
los	439	GCF.001613805.1.Bacteria.Proteobacteria	1430.985	0.0	715.4925
dup	439	GCA.002723345.1.Bacteria.Proteobacteria	1430.985	0.0	715.4925
hgt	None	dead	0.0	0.0	0.0
hgt	None	dead	0.0	0.0	0.0
hgt	None	dead	0.0	0.0	0.0
spe	741	GCA.001771285.1.Bacteria.Methylomirabilota	2099.065	0.0	1049.5325
los	741	GCA.001771285.1.Bacteria.Methylomirabilota	2099.065	0.0	1049.5325
dup	None	dead	0.0	0.0	0.0
hgt	None	dead	0.0	0.0	0.0
los	None	dead	0.0	0.0	0.0
hgt	None	dead	0.0	0.0	0.0
los	None	dead	0.0	0.0	0.0
hgt	None	dead	0.0	0.0	0.0
hgt	None	dead	0.0	0.0	0.0
los	None	dead	0.0	0.0	0.0
dup	1399	GCA.002708145.1.Bacteria.Chloroflexota	1824.235	0.0	912.1175
spe	1169	1168	2396.405	2301.295	2348.85
spe	1148	GCA.003021615.1.Bacteria.Actinobacteriota	1851.865	0.0	925.9325
los	1148	GCA.003021615.1.Bacteria.Actinobacteriota	1851.865	0.0	925.9325
spe	1167	GCA.002413185.1.Bacteria.Actinobacteriota	2105.28	0.0	1052.64
los	1167	GCA.002413185.1.Bacteria.Actinobacteriota	2105.28	0.0	1052.64
spe	1167	1166	2105.28	1472.335	1788.8075
spe	1165	1155	1325.685	1195.766	1260.7255
los	1165	1155	1325.685	1195.766	1260.7255
spe	1164	1163	1172.8835	995.9815	1084.4325
los	1164	1163	1172.8835	995.9815	1084.4325
spe	1160	GCF.000015025.1.Bacteria.Actinobacteriota	1016.58	0.0	508.29
los	1160	GCF.000015025.1.Bacteria.Actinobacteriota	1016.58	0.0	508.29
spe	1158	GCF.001942305.1.Bacteria.Actinobacteriota	905.248	0.0	452.624
los	1158	GCF.001942305.1.Bacteria.Actinobacteriota	905.248	0.0	452.624
hgt	None	dead	0.0	0.0	0.0
los	None	dead	0.0	0.0	0.0
dup	445	GCA.002717225.1.Bacteria.Proteobacteria	1267.47	0.0	633.735
hgt	1446	1440	1960.08	1813.195	1886.6375
hgt	1128	GCA.002898935.1.Bacteria.CSP1.3	3162.27	0.0	1581.135
hgt	None	dead	0.0	0.0	0.0
los	None	dead	0.0	0.0	0.0
spe	1446	1440	1960.08	1813.195	1886.6375
spe	1439	GCF.900187885.1.Bacteria.Chloroflexota	1555.635	0.0	777.8175
los	1439	GCF.900187885.1.Bacteria.Chloroflexota	1555.635	0.0	777.8175
spe	1438	1437	1347.94	1218.17	1283.055
los	1438	1437	1347.94	1218.17	1283.055
spe	741	GCA.001771285.1.Bacteria.Methylomirabilota	2099.065	0.0	1049.5325
los	741	GCA.001771285.1.Bacteria.Methylomirabilota	2099.065	0.0	1049.5325
dup	741	GCA.003220615.1.Bacteria.Methylomirabilota	2099.065	0.0	1049.5325
dup	741	GCA.003220615.1.Bacteria.Methylomirabilota	2099.065	0.0	1049.5325
hgt	746	GCF.900079095.1.Bacteria.Tectomicrobia	2036.715	0.0	1018.3575
hgt	None	dead	0.0	0.0	0.0
hgt	447	446	1590.07	1389.555	1489.8125
hgt	None	dead	0.0	0.0	0.0
los	None	dead	0.0	0.0	0.0
spe	447	446	1590.07	1389.555	1489.8125
spe	445	GCA.002717225.1.Bacteria.Proteobacteria	1267.47	0.0	633.735
los	445	GCA.002717225.1.Bacteria.Proteobacteria	1267.47	0.0	633.735
spe	444	GCA.002686135.1.Bacteria.Proteobacteria	1089.937	0.0	544.9685
los	444	GCA.002686135.1.Bacteria.Proteobacteria	1089.937	0.0	544.9685
dup	741	GCA.003220615.1.Bacteria.Methylomirabilota	2099.065	0.0	1049.5325
dup	741	GCA.003220615.1.Bacteria.Methylomirabilota	2099.065	0.0	1049.5325
dup	741	GCA.003220615.1.Bacteria.Methylomirabilota	2099.065	0.0	1049.5325
hgt	447	446	1590.07	1389.555	1489.8125
dup	741	GCA.003220615.1.Bacteria.Methylomirabilota	2099.065	0.0	1049.5325
dup	741	GCA.003220615.1.Bacteria.Methylomirabilota	2099.065	0.0	1049.5325
dup	447	446	1590.07	1389.555	1489.8125
dup	447	446	1590.07	1389.555	1489.8125
spe	447	446	1590.07	1389.555	1489.8125
spe	445	GCA.002717225.1.Bacteria.Proteobacteria	1267.47	0.0	633.735
los	445	GCA.002717225.1.Bacteria.Proteobacteria	1267.47	0.0	633.735
spe	444	GCA.002686135.1.Bacteria.Proteobacteria	1089.937	0.0	544.9685
los	444	GCA.002686135.1.Bacteria.Proteobacteria	1089.937	0.0	544.9685
hgt	462	GCF.006980715.1.Bacteria.Proteobacteria	1065.146	0.0	532.573
hgt	None	dead	0.0	0.0	0.0
spe	447	446	1590.07	1389.555	1489.8125
spe	445	GCA.002717225.1.Bacteria.Proteobacteria	1267.47	0.0	633.735
los	445	GCA.002717225.1.Bacteria.Proteobacteria	1267.47	0.0	633.735
spe	444	GCA.002686135.1.Bacteria.Proteobacteria	1089.937	0.0	544.9685
los	444	GCA.002686135.1.Bacteria.Proteobacteria	1089.937	0.0	544.9685
hgt	None	dead	0.0	0.0	0.0
los	None	dead	0.0	0.0	0.0
hgt	1406	GCA.002710215.1.Bacteria.Chloroflexota	1650.16	0.0	825.08
dup	1406	GCA.002710215.1.Bacteria.Chloroflexota	1650.16	0.0	825.08
hgt	746	GCF.900079095.1.Bacteria.Tectomicrobia	2036.715	0.0	1018.3575
hgt	None	dead	0.0	0.0	0.0
hgt	None	dead	0.0	0.0	0.0
hgt	None	dead	0.0	0.0	0.0
los	None	dead	0.0	0.0	0.0
hgt	811	GCA.002728755.1.Bacteria.Myxococcota	1440.74	0.0	720.37
spe	447	446	1590.07	1389.555	1489.8125
spe	445	GCA.002717225.1.Bacteria.Proteobacteria	1267.47	0.0	633.735
los	445	GCA.002717225.1.Bacteria.Proteobacteria	1267.47	0.0	633.735
spe	444	GCA.002686135.1.Bacteria.Proteobacteria	1089.937	0.0	544.9685
los	444	GCA.002686135.1.Bacteria.Proteobacteria	1089.937	0.0	544.9685
dup	444	GCA.002348425.1.Bacteria.Proteobacteria	1089.937	0.0	544.9685
hgt	1457	GCA.002404055.1.Bacteria.Chloroflexota	1966.385	0.0	983.1925
hgt	None	dead	0.0	0.0	0.0
los	None	dead	0.0	0.0	0.0
hgt	1169	1168	2396.405	2301.295	2348.85
hgt	None	dead	0.0	0.0	0.0
los	None	dead	0.0	0.0	0.0
dup	107	GCA.003019535.1.Archaea.Thermoproteota	1874.74	0.0	937.37
hgt	None	dead	0.0	0.0	0.0
hgt	797	796	1933.19	1757.055	1845.1225
hgt	None	dead	0.0	0.0	0.0
los	None	dead	0.0	0.0	0.0
spe	600	598	1212.31	904.2135	1058.26175
hgt	1347	GCF.900099895.1.Bacteria.Firmicutes	1294.365	0.0	647.1825
hgt	None	dead	0.0	0.0	0.0
hgt	1355	GCF.004522215.1.Bacteria.Firmicutes	1273.085	0.0	636.5425
hgt	None	dead	0.0	0.0	0.0
los	None	dead	0.0	0.0	0.0
hgt	1347	GCF.900099895.1.Bacteria.Firmicutes	1294.365	0.0	647.1825
hgt	445	GCA.002717225.1.Bacteria.Proteobacteria	1267.47	0.0	633.735
spe	797	796	1933.19	1757.055	1845.1225
spe	796	795	1757.055	1569.94	1663.4975
spe	795	791	1569.94	1320.57	1445.255
hgt	791	GCA.002898795.1.Bacteria.Desulfobacterota.B	1320.57	0.0	660.285
los	791	GCA.002898795.1.Bacteria.Desulfobacterota.B	1320.57	0.0	660.285
hgt	None	dead	0.0	0.0	0.0
hgt	447	446	1590.07	1389.555	1489.8125
hgt	None	dead	0.0	0.0	0.0
los	None	dead	0.0	0.0	0.0
spe	447	446	1590.07	1389.555	1489.8125
spe	445	GCA.002717225.1.Bacteria.Proteobacteria	1267.47	0.0	633.735
los	445	GCA.002717225.1.Bacteria.Proteobacteria	1267.47	0.0	633.735
spe	444	GCA.002686135.1.Bacteria.Proteobacteria	1089.937	0.0	544.9685
los	444	GCA.002686135.1.Bacteria.Proteobacteria	1089.937	0.0	544.9685
spe	794	GCA.003161515.1.Bacteria.Desulfobacterota.B	1455.87	0.0	727.935
los	794	GCA.003161515.1.Bacteria.Desulfobacterota.B	1455.87	0.0	727.935
hgt	None	dead	0.0	0.0	0.0
hgt	595	GCA.002389045.1.Bacteria.Proteobacteria	1214.005	0.0	607.0025
hgt	None	dead	0.0	0.0	0.0
los	None	dead	0.0	0.0	0.0
hgt	585	GCA.002688175.1.Bacteria.Proteobacteria	1098.223	0.0	549.1115
hgt	None	dead	0.0	0.0	0.0
hgt	1177	GCA.001464275.1.Bacteria.Actinobacteriota	1440.505	0.0	720.2525
hgt	None	dead	0.0	0.0	0.0
los	None	dead	0.0	0.0	0.0
spe	1169	1168	2396.405	2301.295	2348.85
hgt	741	GCA.003220615.1.Bacteria.Methylomirabilota	2099.065	0.0	1049.5325
hgt	None	dead	0.0	0.0	0.0
hgt	None	dead	0.0	0.0	0.0
los	None	dead	0.0	0.0	0.0
dup	796	GCA.002238415.1.Bacteria.Desulfobacterota.B	1757.055	0.0	878.5275
dup	796	GCA.002238415.1.Bacteria.Desulfobacterota.B	1757.055	0.0	878.5275
dup	796	GCA.002238415.1.Bacteria.Desulfobacterota.B	1757.055	0.0	878.5275
spe	1148	GCA.003021615.1.Bacteria.Actinobacteriota	1851.865	0.0	925.9325
los	1148	GCA.003021615.1.Bacteria.Actinobacteriota	1851.865	0.0	925.9325
hgt	None	dead	0.0	0.0	0.0
hgt	None	dead	0.0	0.0	0.0
los	None	dead	0.0	0.0	0.0
hgt	514	513	1851.4	1786.09	1818.745
hgt	None	dead	0.0	0.0	0.0
hgt	None	dead	0.0	0.0	0.0
los	None	dead	0.0	0.0	0.0
spe	514	513	1851.4	1786.09	1818.745
spe	513	483	1786.09	1736.705	1761.3975
spe	447	439	1590.07	1430.985	1510.5275
los	447	439	1590.07	1430.985	1510.5275
spe	446	445	1389.555	1267.47	1328.5125
los	446	445	1389.555	1267.47	1328.5125
spe	482	481	1642.38	1564.755	1603.5675
los	482	481	1642.38	1564.755	1603.5675
spe	458	GCA.002340345.1.Bacteria.Proteobacteria	1513.53	0.0	756.765
los	458	GCA.002340345.1.Bacteria.Proteobacteria	1513.53	0.0	756.765
spe	456	455	1329.135	974.476	1151.8055
los	456	455	1329.135	974.476	1151.8055
dup	456	GCF.002148795.1.Bacteria.Proteobacteria	1329.135	0.0	664.5675
hgt	498	GCA.002731375.1.Bacteria.Proteobacteria	1143.1505	0.0	571.57525
hgt	446	GCA.002717185.1.Bacteria.Proteobacteria	1389.555	0.0	694.7775
hgt	435	GCA.006969625.1.Bacteria.Proteobacteria	1539.415	0.0	769.7075
spe	512	486	1671.055	1393.215	1532.135
los	512	486	1671.055	1393.215	1532.135
spe	511	510	1589.625	1517.685	1553.655
los	511	510	1589.625	1517.685	1553.655
spe	489	GCA.002701885.1.Bacteria.Proteobacteria	1225.83	0.0	612.915
los	489	GCA.002701885.1.Bacteria.Proteobacteria	1225.83	0.0	612.915
dup	489	GCA.002348365.1.Bacteria.Proteobacteria	1225.83	0.0	612.915
dup	741	GCA.003220615.1.Bacteria.Methylomirabilota	2099.065	0.0	1049.5325
hgt	None	dead	0.0	0.0	0.0
hgt	None	dead	0.0	0.0	0.0
los	None	dead	0.0	0.0	0.0
spe	1338	1337	1618.77	1358.655	1488.7125
hgt	None	dead	0.0	0.0	0.0
hgt	536	GCF.900111015.1.Bacteria.Proteobacteria	1887.95	0.0	943.975
hgt	None	dead	0.0	0.0	0.0
los	None	dead	0.0	0.0	0.0
hgt	1141	GCA.003140175.1.Bacteria.Actinobacteriota	1437.0	0.0	718.5
dup	1141	GCA.003140175.1.Bacteria.Actinobacteriota	1437.0	0.0	718.5
dup	1141	GCA.003140175.1.Bacteria.Actinobacteriota	1437.0	0.0	718.5
dup	741	GCA.003220615.1.Bacteria.Methylomirabilota	2099.065	0.0	1049.5325
hgt	None	dead	0.0	0.0	0.0
hgt	796	GCA.002238415.1.Bacteria.Desulfobacterota.B	1757.055	0.0	878.5275
hgt	None	dead	0.0	0.0	0.0
los	None	dead	0.0	0.0	0.0
hgt	483	447	1736.705	1590.07	1663.3875
dup	483	447	1736.705	1590.07	1663.3875
hgt	None	dead	0.0	0.0	0.0
hgt	None	dead	0.0	0.0	0.0
los	None	dead	0.0	0.0	0.0
spe	483	447	1736.705	1590.07	1663.3875
spe	447	446	1590.07	1389.555	1489.8125
spe	445	GCA.002717225.1.Bacteria.Proteobacteria	1267.47	0.0	633.735
los	445	GCA.002717225.1.Bacteria.Proteobacteria	1267.47	0.0	633.735
spe	444	GCA.002686135.1.Bacteria.Proteobacteria	1089.937	0.0	544.9685
los	444	GCA.002686135.1.Bacteria.Proteobacteria	1089.937	0.0	544.9685
spe	447	439	1590.07	1430.985	1510.5275
hgt	None	dead	0.0	0.0	0.0
los	439	GCF.001613805.1.Bacteria.Proteobacteria	1430.985	0.0	715.4925
hgt	None	dead	0.0	0.0	0.0
los	None	dead	0.0	0.0	0.0
spe	483	447	1736.705	1590.07	1663.3875
spe	439	GCF.001613805.1.Bacteria.Proteobacteria	1430.985	0.0	715.4925
los	439	GCF.001613805.1.Bacteria.Proteobacteria	1430.985	0.0	715.4925
spe	446	445	1389.555	1267.47	1328.5125
los	446	445	1389.555	1267.47	1328.5125
hgt	None	dead	0.0	0.0	0.0
hgt	None	dead	0.0	0.0	0.0
los	None	dead	0.0	0.0	0.0
spe	1167	GCA.002413185.1.Bacteria.Actinobacteriota	2105.28	0.0	1052.64
los	1167	GCA.002413185.1.Bacteria.Actinobacteriota	2105.28	0.0	1052.64
spe	1166	GCF.004348535.1.Bacteria.Actinobacteriota	1472.335	0.0	736.1675
los	1166	GCF.004348535.1.Bacteria.Actinobacteriota	1472.335	0.0	736.1675
spe	1166	1165	1472.335	1325.685	1399.01
spe	1155	GCF.003443735.1.Bacteria.Actinobacteriota	1195.766	0.0	597.883
los	1155	GCF.003443735.1.Bacteria.Actinobacteriota	1195.766	0.0	597.883
spe	1154	GCF.003047285.1.Bacteria.Actinobacteriota	907.0585	0.0	453.52925
los	1154	GCF.003047285.1.Bacteria.Actinobacteriota	907.0585	0.0	453.52925
spe	1164	1160	1172.8835	1016.58	1094.73175
los	1164	1160	1172.8835	1016.58	1094.73175
spe	1163	GCA.001437855.1.Bacteria.Actinobacteriota	995.9815	0.0	497.99075
los	1163	GCA.001437855.1.Bacteria.Actinobacteriota	995.9815	0.0	497.99075
hgt	None	dead	0.0	0.0	0.0
hgt	1128	GCA.002898935.1.Bacteria.CSP1.3	3162.27	0.0	1581.135
hgt	None	dead	0.0	0.0	0.0
los	None	dead	0.0	0.0	0.0
dup	741	GCA.003220615.1.Bacteria.Methylomirabilota	2099.065	0.0	1049.5325
dup	741	GCA.003220615.1.Bacteria.Methylomirabilota	2099.065	0.0	1049.5325
dup	1128	GCA.002898935.1.Bacteria.CSP1.3	3162.27	0.0	1581.135
hgt	None	dead	0.0	0.0	0.0
spe	1642	1478	3541.065	3264.47	3402.7675
spe	1396	GCA.003244045.1.Bacteria.Dormibacterota	2089.7	0.0	1044.85
los	1396	GCA.003244045.1.Bacteria.Dormibacterota	2089.7	0.0	1044.85
spe	1477	1431	3024.12	2678.945	2851.5325
los	1477	1431	3024.12	2678.945	2851.5325
spe	1476	1454	2783.015	2214.935	2498.975
los	1476	1454	2783.015	2214.935	2498.975
spe	1475	1463	2647.025	2401.705	2524.365
los	1475	1463	2647.025	2401.705	2524.365
spe	1474	1473	2497.34	1423.81	1960.575
los	1474	1473	2497.34	1423.81	1960.575
dup	1474	1470	2497.34	2147.93	2322.635
spe	1470	GCF.000025005.1.Bacteria.Chloroflexota	2147.93	0.0	1073.965
los	1470	GCF.000025005.1.Bacteria.Chloroflexota	2147.93	0.0	1073.965
spe	1469	1467	1964.555	1808.245	1886.4
los	1469	1467	1964.555	1808.245	1886.4
spe	1474	1470	2497.34	2147.93	2322.635
spe	1469	GCA.001898225.1.Bacteria.Chloroflexota	1964.555	0.0	982.2775
los	1469	GCA.001898225.1.Bacteria.Chloroflexota	1964.555	0.0	982.2775
spe	1467	GCA.002292925.1.Bacteria.Chloroflexota	1808.245	0.0	904.1225
los	1467	GCA.002292925.1.Bacteria.Chloroflexota	1808.245	0.0	904.1225
hgt	741	GCA.003220615.1.Bacteria.Methylomirabilota	2099.065	0.0	1049.5325
hgt	None	dead	0.0	0.0	0.0
los	None	dead	0.0	0.0	0.0
spe	1185	1169	2773.915	2396.405	2585.16
spe	1168	1167	2301.295	2105.28	2203.2875
los	1168	1167	2301.295	2105.28	2203.2875
spe	1148	GCA.003021615.1.Bacteria.Actinobacteriota	1851.865	0.0	925.9325
los	1148	GCA.003021615.1.Bacteria.Actinobacteriota	1851.865	0.0	925.9325
spe	1169	1145	2396.405	2028.235	2212.32
hgt	None	dead	0.0	0.0	0.0
los	1145	GCA.001767695.1.Bacteria.Actinobacteriota	2028.235	0.0	1014.1175
hgt	None	dead	0.0	0.0	0.0
los	None	dead	0.0	0.0	0.0
dup	1145	1143	2028.235	1828.16	1928.1975
spe	1145	1143	2028.235	1828.16	1928.1975
spe	1141	GCA.003140175.1.Bacteria.Actinobacteriota	1437.0	0.0	718.5
los	1141	GCA.003140175.1.Bacteria.Actinobacteriota	1437.0	0.0	718.5
spe	1141	1140	1437.0	1211.153	1324.0765
hgt	None	dead	0.0	0.0	0.0
los	1140	GCA.003162395.1.Bacteria.Actinobacteriota	1211.153	0.0	605.5765
hgt	None	dead	0.0	0.0	0.0
los	None	dead	0.0	0.0	0.0
spe	1145	1143	2028.235	1828.16	1928.1975
hgt	1143	GCA.002352645.1.Bacteria.Actinobacteriota	1828.16	0.0	914.08
los	1143	GCA.002352645.1.Bacteria.Actinobacteriota	1828.16	0.0	914.08
spe	1143	1141	1828.16	1437.0	1632.58
spe	1140	GCA.003162395.1.Bacteria.Actinobacteriota	1211.153	0.0	605.5765
los	1140	GCA.003162395.1.Bacteria.Actinobacteriota	1211.153	0.0	605.5765
