event	left_node	right_node	left_date	right_date	midpoint_date
hgt	None	dead	0.0	0.0	0.0
dup	None	dead	0.0	0.0	0.0
hgt	None	dead	0.0	0.0	0.0
los	None	dead	0.0	0.0	0.0
hgt	None	dead	0.0	0.0	0.0
los	None	dead	0.0	0.0	0.0
hgt	None	dead	0.0	0.0	0.0
hgt	None	dead	0.0	0.0	0.0
los	None	dead	0.0	0.0	0.0
hgt	None	dead	0.0	0.0	0.0
hgt	None	dead	0.0	0.0	0.0
los	None	dead	0.0	0.0	0.0
dup	1391	1390	3193.865	3074.65	3134.2575
hgt	None	dead	0.0	0.0	0.0
spe	1391	1390	3193.865	3074.65	3134.2575
spe	1218	GCA.001513125.1.Bacteria.DTU030	2879.54	0.0	1439.77
los	1218	GCA.001513125.1.Bacteria.DTU030	2879.54	0.0	1439.77
spe	1216	GCF.000020005.1.Bacteria.Firmicutes.D	2264.52	0.0	1132.26
los	1216	GCF.000020005.1.Bacteria.Firmicutes.D	2264.52	0.0	1132.26
spe	1216	1215	2264.52	1572.11	1918.315
spe	1389	1237	2995.16	2548.64	2771.9
los	1389	1237	2995.16	2548.64	2771.9
spe	1389	1388	2995.16	2841.585	2918.3725
spe	1274	1240	2600.015	2224.995	2412.505
los	1274	1240	2600.015	2224.995	2412.505
spe	1273	GCF.000166335.1.Bacteria.Firmicutes.A	2372.06	0.0	1186.03
los	1273	GCF.000166335.1.Bacteria.Firmicutes.A	2372.06	0.0	1186.03
spe	1272	1246	2201.415	1853.53	2027.4725
los	1272	1246	2201.415	1853.53	2027.4725
spe	1271	1270	1904.435	1709.88	1807.1575
los	1271	1270	1904.435	1709.88	1807.1575
spe	1271	1259	1904.435	1830.34	1867.3875
spe	1258	1257	1568.675	1358.965	1463.82
los	1258	1257	1568.675	1358.965	1463.82
spe	1253	GCF.900142265.1.Bacteria.Firmicutes.A	1684.93	0.0	842.465
los	1253	GCF.900142265.1.Bacteria.Firmicutes.A	1684.93	0.0	842.465
spe	1252	1251	1492.085	1313.25	1402.6675
los	1252	1251	1492.085	1313.25	1402.6675
spe	1387	1386	2774.13	2592.35	2683.24
los	1387	1386	2774.13	2592.35	2683.24
spe	1327	1289	2643.35	2319.605	2481.4775
los	1327	1289	2643.35	2319.605	2481.4775
spe	1327	1326	2643.35	2448.67	2546.01
spe	1292	GCF.000024605.1.Bacteria.Firmicutes.B	1962.37	0.0	981.185
los	1292	GCF.000024605.1.Bacteria.Firmicutes.B	1962.37	0.0	981.185
spe	1326	1325	2448.67	2256.125	2352.3975
spe	1297	GCA.002329495.1.Bacteria.Firmicutes.B	1985.275	0.0	992.6375
los	1297	GCA.002329495.1.Bacteria.Firmicutes.B	1985.275	0.0	992.6375
spe	1296	GCA.001513545.1.Bacteria.Firmicutes.B	1805.085	0.0	902.5425
los	1296	GCA.001513545.1.Bacteria.Firmicutes.B	1805.085	0.0	902.5425
spe	1325	1324	2256.125	2152.01	2204.0675
spe	1323	1322	2061.88	1700.81	1881.345
los	1323	1322	2061.88	1700.81	1881.345
spe	1319	1318	1933.46	1818.985	1876.2225
los	1319	1318	1933.46	1818.985	1876.2225
spe	1324	1308	2152.01	1925.235	2038.6225
spe	1307	1305	1703.5	1518.03	1610.765
los	1307	1305	1703.5	1518.03	1610.765
spe	1300	GCA.002418765.1.Bacteria.Firmicutes.B	1565.1	0.0	782.55
los	1300	GCA.002418765.1.Bacteria.Firmicutes.B	1565.1	0.0	782.55
dup	None	dead	0.0	0.0	0.0
hgt	None	dead	0.0	0.0	0.0
los	None	dead	0.0	0.0	0.0
hgt	None	dead	0.0	0.0	0.0
los	None	dead	0.0	0.0	0.0
spe	1477	1476	3024.12	2783.015	2903.5675
spe	1476	1475	2783.015	2647.025	2715.02
hgt	None	dead	0.0	0.0	0.0
los	1475	1474	2647.025	2497.34	2572.1825
hgt	None	dead	0.0	0.0	0.0
los	None	dead	0.0	0.0	0.0
spe	1475	1463	2647.025	2401.705	2524.365
spe	1462	1461	2298.115	1906.91	2102.5125
los	1462	1461	2298.115	1906.91	2102.5125
hgt	None	dead	0.0	0.0	0.0
los	1463	1457	2401.705	1966.385	2184.045
hgt	None	dead	0.0	0.0	0.0
los	None	dead	0.0	0.0	0.0
spe	1476	1454	2783.015	2214.935	2498.975
spe	1446	1440	1960.08	1813.195	1886.6375
los	1446	1440	1960.08	1813.195	1886.6375
spe	1445	1444	1742.485	1539.09	1640.7875
los	1445	1444	1742.485	1539.09	1640.7875
spe	1453	1452	2115.485	1623.74	1869.6125
los	1453	1452	2115.485	1623.74	1869.6125
spe	1449	GCA.002366595.1.Bacteria.Chloroflexota	1891.395	0.0	945.6975
los	1449	GCA.002366595.1.Bacteria.Chloroflexota	1891.395	0.0	945.6975
spe	1391	1390	3193.865	3074.65	3134.2575
spe	1390	1218	3074.65	2879.54	2977.095
spe	1216	1215	2264.52	1572.11	1918.315
los	1216	1215	2264.52	1572.11	1918.315
hgt	1218	GCA.001513125.1.Bacteria.DTU030	2879.54	0.0	1439.77
los	1218	GCA.001513125.1.Bacteria.DTU030	2879.54	0.0	1439.77
spe	1389	1237	2995.16	2548.64	2771.9
los	1389	1237	2995.16	2548.64	2771.9
spe	1388	1274	2841.585	2600.015	2720.8
los	1388	1274	2841.585	2600.015	2720.8
dup	1388	1387	2841.585	2774.13	2807.8575
spe	1388	1387	2841.585	2774.13	2807.8575
hgt	None	dead	0.0	0.0	0.0
los	1387	1386	2774.13	2592.35	2683.24
hgt	None	dead	0.0	0.0	0.0
los	None	dead	0.0	0.0	0.0
spe	1327	1289	2643.35	2319.605	2481.4775
los	1327	1289	2643.35	2319.605	2481.4775
spe	1326	1292	2448.67	1962.37	2205.52
los	1326	1292	2448.67	1962.37	2205.52
spe	1326	1325	2448.67	2256.125	2352.3975
spe	1324	1323	2152.01	2061.88	2106.945
los	1324	1323	2152.01	2061.88	2106.945
spe	1308	1307	1925.235	1703.5	1814.3675
los	1308	1307	1925.235	1703.5	1814.3675
spe	1300	GCF.000620305.1.Bacteria.Firmicutes.B	1565.1	0.0	782.55
los	1300	GCF.000620305.1.Bacteria.Firmicutes.B	1565.1	0.0	782.55
spe	1297	GCA.002329495.1.Bacteria.Firmicutes.B	1985.275	0.0	992.6375
los	1297	GCA.002329495.1.Bacteria.Firmicutes.B	1985.275	0.0	992.6375
spe	1296	GCA.001513545.1.Bacteria.Firmicutes.B	1805.085	0.0	902.5425
los	1296	GCA.001513545.1.Bacteria.Firmicutes.B	1805.085	0.0	902.5425
hgt	None	dead	0.0	0.0	0.0
hgt	None	dead	0.0	0.0	0.0
los	None	dead	0.0	0.0	0.0
hgt	None	dead	0.0	0.0	0.0
hgt	None	dead	0.0	0.0	0.0
los	None	dead	0.0	0.0	0.0
spe	1388	1387	2841.585	2774.13	2807.8575
spe	1386	1385	2592.35	2489.295	2540.8225
los	1386	1385	2592.35	2489.295	2540.8225
spe	1330	GCA.002385745.1.Bacteria.Firmicutes.D	2019.045	0.0	1009.5225
los	1330	GCA.002385745.1.Bacteria.Firmicutes.D	2019.045	0.0	1009.5225
spe	1387	1327	2774.13	2643.35	2708.74
spe	1289	GCA.002345475.1.Bacteria.Firmicutes.H	2319.605	0.0	1159.8025
los	1289	GCA.002345475.1.Bacteria.Firmicutes.H	2319.605	0.0	1159.8025
spe	1288	GCA.002411145.1.Bacteria.Firmicutes.C	1737.805	0.0	868.9025
los	1288	GCA.002411145.1.Bacteria.Firmicutes.C	1737.805	0.0	868.9025
spe	1287	GCA.002329525.1.Bacteria.Firmicutes.C	1455.455	0.0	727.7275
los	1287	GCA.002329525.1.Bacteria.Firmicutes.C	1455.455	0.0	727.7275
spe	1285	1284	1344.265	1051.609	1197.937
los	1285	1284	1344.265	1051.609	1197.937
spe	1281	1280	1116.4885	953.42	1034.95425
los	1281	1280	1116.4885	953.42	1034.95425
spe	1326	1292	2448.67	1962.37	2205.52
los	1326	1292	2448.67	1962.37	2205.52
spe	1326	1325	2448.67	2256.125	2352.3975
spe	1324	1323	2152.01	2061.88	2106.945
los	1324	1323	2152.01	2061.88	2106.945
spe	1308	1300	1925.235	1565.1	1745.1675
los	1308	1300	1925.235	1565.1	1745.1675
spe	1307	1305	1703.5	1518.03	1610.765
los	1307	1305	1703.5	1518.03	1610.765
spe	1297	GCA.002329495.1.Bacteria.Firmicutes.B	1985.275	0.0	992.6375
los	1297	GCA.002329495.1.Bacteria.Firmicutes.B	1985.275	0.0	992.6375
spe	1296	GCA.001513545.1.Bacteria.Firmicutes.B	1805.085	0.0	902.5425
los	1296	GCA.001513545.1.Bacteria.Firmicutes.B	1805.085	0.0	902.5425
