event	left_node	right_node	left_date	right_date	midpoint_date
hgt	None	dead	0.0	0.0	0.0
hgt	None	dead	0.0	0.0	0.0
los	None	dead	0.0	0.0	0.0
spe	898	897	3008.34	2922.2	2965.27
spe	896	895	2689.39	2233.715	2461.5525
los	896	895	2689.39	2233.715	2461.5525
spe	892	GCA.001873295.1.Bacteria.CG2.30.70.394	2160.3	0.0	1080.15
los	892	GCA.001873295.1.Bacteria.CG2.30.70.394	2160.3	0.0	1080.15
hgt	None	dead	0.0	0.0	0.0
spe	897	889	2922.2	2701.575	2811.8875
spe	843	783	2593.715	2471.955	2532.835
los	843	783	2593.715	2471.955	2532.835
spe	842	798	2481.42	2208.72	2345.07
los	842	798	2481.42	2208.72	2345.07
spe	841	840	2397.295	2199.32	2298.3075
los	841	840	2397.295	2199.32	2298.3075
spe	801	GCA.002328485.1.Bacteria.Desulfobacterota.G	2073.125	0.0	1036.5625
los	801	GCA.002328485.1.Bacteria.Desulfobacterota.G	2073.125	0.0	1036.5625
hgt	173	151	2879.565	2655.89	2767.7275
spe	889	888	2701.575	2515.76	2608.6675
spe	887	886	2332.115	2067.29	2199.7025
los	887	886	2332.115	2067.29	2199.7025
spe	863	857	2111.78	1980.505	2046.1425
los	863	857	2111.78	1980.505	2046.1425
spe	862	GCA.002782605.1.Bacteria.Desulfobacterota	1779.145	0.0	889.5725
los	862	GCA.002782605.1.Bacteria.Desulfobacterota	1779.145	0.0	889.5725
spe	861	GCA.002327985.1.Bacteria.Desulfobacterota	1645.455	0.0	822.7275
los	861	GCA.002327985.1.Bacteria.Desulfobacterota	1645.455	0.0	822.7275
hgt	None	dead	0.0	0.0	0.0
los	888	854	2515.76	2344.965	2430.3625
hgt	None	dead	0.0	0.0	0.0
los	None	dead	0.0	0.0	0.0
spe	173	151	2879.565	2655.89	2767.7275
spe	150	GCA.003144275.1.Archaea.Asgardarchaeota	1958.415	0.0	979.2075
los	150	GCA.003144275.1.Archaea.Asgardarchaeota	1958.415	0.0	979.2075
spe	147	GCA.001940755.1.Archaea.Asgardarchaeota	2129.97	0.0	1064.985
los	147	GCA.001940755.1.Archaea.Asgardarchaeota	2129.97	0.0	1064.985
dup	None	dead	0.0	0.0	0.0
hgt	None	dead	0.0	0.0	0.0
los	None	dead	0.0	0.0	0.0
hgt	None	dead	0.0	0.0	0.0
los	None	dead	0.0	0.0	0.0
spe	1326	1325	2448.67	2256.125	2352.3975
spe	1297	GCA.002329495.1.Bacteria.Firmicutes.B	1985.275	0.0	992.6375
los	1297	GCA.002329495.1.Bacteria.Firmicutes.B	1985.275	0.0	992.6375
spe	1296	GCA.001513545.1.Bacteria.Firmicutes.B	1805.085	0.0	902.5425
los	1296	GCA.001513545.1.Bacteria.Firmicutes.B	1805.085	0.0	902.5425
spe	1324	1323	2152.01	2061.88	2106.945
los	1324	1323	2152.01	2061.88	2106.945
spe	1308	1300	1925.235	1565.1	1745.1675
los	1308	1300	1925.235	1565.1	1745.1675
spe	1308	1307	1925.235	1703.5	1814.3675
spe	1305	1304	1518.03	1212.67	1365.35
los	1305	1304	1518.03	1212.67	1365.35
spe	1726	1725	3785.015	3734.58	3759.7975
spe	1393	1129	3594.23	3343.055	3468.6425
los	1393	1129	3594.23	3343.055	3468.6425
spe	1393	1392	3594.23	3486.295	3540.2625
spe	1188	GCA.002779205.1.Bacteria.Actinobacteriota	3139.205	0.0	1569.6025
los	1188	GCA.002779205.1.Bacteria.Actinobacteriota	3139.205	0.0	1569.6025
spe	1188	1187	3139.205	3067.16	3103.1825
hgt	262	194	3190.66	2695.625	2943.1425
spe	1133	GCA.001871795.1.Bacteria.Actinobacteriota	2467.96	0.0	1233.98
los	1133	GCA.001871795.1.Bacteria.Actinobacteriota	2467.96	0.0	1233.98
dup	262	194	3190.66	2695.625	2943.1425
spe	194	GCA.003498085.1.Bacteria.UBA9089	2695.625	0.0	1347.8125
los	194	GCA.003498085.1.Bacteria.UBA9089	2695.625	0.0	1347.8125
spe	193	GCA.003485015.1.Bacteria.UBA9089	2415.11	0.0	1207.555
los	193	GCA.003485015.1.Bacteria.UBA9089	2415.11	0.0	1207.555
spe	262	194	3190.66	2695.625	2943.1425
spe	193	GCA.001873945.1.Bacteria.UBA9089	2415.11	0.0	1207.555
los	193	GCA.001873945.1.Bacteria.UBA9089	2415.11	0.0	1207.555
spe	1187	1186	3067.16	2936.225	3001.6925
hgt	None	dead	0.0	0.0	0.0
los	1186	1185	2936.225	2773.915	2855.07
hgt	None	dead	0.0	0.0	0.0
los	None	dead	0.0	0.0	0.0
spe	1186	1136	2936.225	2376.455	2656.34
dup	1392	1391	3486.295	3193.865	3340.08
spe	1392	1391	3486.295	3193.865	3340.08
hgt	None	dead	0.0	0.0	0.0
los	1391	1211	3193.865	2951.505	3072.685
hgt	None	dead	0.0	0.0	0.0
los	None	dead	0.0	0.0	0.0
spe	1391	1390	3193.865	3074.65	3134.2575
spe	1390	1218	3074.65	2879.54	2977.095
hgt	1218	GCA.001513125.1.Bacteria.DTU030	2879.54	0.0	1439.77
los	1218	GCA.001513125.1.Bacteria.DTU030	2879.54	0.0	1439.77
spe	1218	1216	2879.54	2264.52	2572.03
hgt	1216	1215	2264.52	1572.11	1918.315
los	1216	1215	2264.52	1572.11	1918.315
hgt	1312	GCF.000019165.1.Bacteria.Firmicutes.B	1521.75	0.0	760.875
hgt	1305	GCF.002207765.1.Bacteria.Firmicutes.B	1518.03	0.0	759.015
spe	1390	1389	3074.65	2995.16	3034.905
spe	1388	1274	2841.585	2600.015	2720.8
los	1388	1274	2841.585	2600.015	2720.8
spe	1388	1387	2841.585	2774.13	2807.8575
spe	1387	1386	2774.13	2592.35	2683.24
hgt	1386	1330	2592.35	2019.045	2305.6975
los	1386	1330	2592.35	2019.045	2305.6975
spe	361	353	2351.985	2183.07	2267.5275
spe	352	350	1776.1	1516.925	1646.5125
los	352	350	1776.1	1516.925	1646.5125
spe	353	347	2183.07	2010.41	2096.74
hgt	288	GCA.002323895.1.Bacteria.Verrucomicrobiota	1656.495	0.0	828.2475
hgt	274	GCA.000406005.1.Bacteria.Poribacteria	2118.375	0.0	1059.1875
hgt	445	GCA.002717225.1.Bacteria.Proteobacteria	1267.47	0.0	633.735
hgt	347	345	2010.41	1703.735	1857.0725
los	347	345	2010.41	1703.735	1857.0725
spe	1038	1032	2137.765	1723.11	1930.4375
hgt	924	GCA.002348465.1.Bacteria.Gemmatimonadota	1862.1	0.0	931.05
spe	1386	1385	2592.35	2489.295	2540.8225
hgt	1180	GCF.001029505.1.Bacteria.Actinobacteriota	2187.185	0.0	1093.5925
hgt	None	dead	0.0	0.0	0.0
hgt	None	dead	0.0	0.0	0.0
los	None	dead	0.0	0.0	0.0
hgt	None	dead	0.0	0.0	0.0
los	1385	1333	2489.295	2115.765	2302.53
hgt	None	dead	0.0	0.0	0.0
los	None	dead	0.0	0.0	0.0
spe	1384	1383	2053.965	1928.425	1991.195
los	1384	1383	2053.965	1928.425	1991.195
spe	1384	1338	2053.965	1618.77	1836.3675
spe	1337	GCF.000092905.1.Bacteria.Firmicutes	1358.655	0.0	679.3275
los	1337	GCF.000092905.1.Bacteria.Firmicutes	1358.655	0.0	679.3275
hgt	1380	GCF.001049895.1.Bacteria.Firmicutes	1588.96	0.0	794.48
spe	1387	1327	2774.13	2643.35	2708.74
hgt	364	363	3190.2	2638.385	2914.2925
spe	1327	1289	2643.35	2319.605	2481.4775
hgt	1289	GCA.002345475.1.Bacteria.Firmicutes.H	2319.605	0.0	1159.8025
los	1289	GCA.002345475.1.Bacteria.Firmicutes.H	2319.605	0.0	1159.8025
hgt	1297	GCA.002329495.1.Bacteria.Firmicutes.B	1985.275	0.0	992.6375
spe	1289	1288	2319.605	1737.805	2028.705
hgt	1347	GCF.001561915.1.Bacteria.Firmicutes	1294.365	0.0	647.1825
spe	1288	1287	1737.805	1455.455	1596.63
hgt	1287	GCA.002329525.1.Bacteria.Firmicutes.C	1455.455	0.0	727.7275
los	1287	GCA.002329525.1.Bacteria.Firmicutes.C	1455.455	0.0	727.7275
spe	1285	1284	1344.265	1051.609	1197.937
los	1285	1284	1344.265	1051.609	1197.937
spe	1281	1280	1116.4885	953.42	1034.95425
los	1281	1280	1116.4885	953.42	1034.95425
dup	1281	GCF.002257705.1.Bacteria.Firmicutes.C	1116.4885	0.0	558.24425
hgt	1330	GCA.003444595.1.Bacteria.Firmicutes.D	2019.045	0.0	1009.5225
hgt	None	dead	0.0	0.0	0.0
dup	None	dead	0.0	0.0	0.0
hgt	None	dead	0.0	0.0	0.0
los	None	dead	0.0	0.0	0.0
dup	None	dead	0.0	0.0	0.0
hgt	None	dead	0.0	0.0	0.0
los	None	dead	0.0	0.0	0.0
dup	None	dead	0.0	0.0	0.0
hgt	None	dead	0.0	0.0	0.0
los	None	dead	0.0	0.0	0.0
hgt	None	dead	0.0	0.0	0.0
los	None	dead	0.0	0.0	0.0
spe	364	363	3190.2	2638.385	2914.2925
spe	363	362	2638.385	2473.985	2556.185
hgt	None	dead	0.0	0.0	0.0
los	362	342	2473.985	2271.435	2372.71
hgt	None	dead	0.0	0.0	0.0
los	None	dead	0.0	0.0	0.0
hgt	None	dead	0.0	0.0	0.0
spe	362	361	2473.985	2351.985	2412.985
hgt	841	840	2397.295	2199.32	2298.3075
spe	353	352	2183.07	1776.1	1979.585
los	353	352	2183.07	1776.1	1979.585
spe	347	GCA.002683135.1.Bacteria.Planctomycetota	2010.41	0.0	1005.205
los	347	GCA.002683135.1.Bacteria.Planctomycetota	2010.41	0.0	1005.205
spe	345	GCA.002748355.1.Bacteria.Planctomycetota	1703.735	0.0	851.8675
los	345	GCA.002748355.1.Bacteria.Planctomycetota	1703.735	0.0	851.8675
spe	841	840	2397.295	2199.32	2298.3075
spe	839	838	2107.47	1933.55	2020.51
los	839	838	2107.47	1933.55	2020.51
spe	839	829	2107.47	2062.825	2085.1475
spe	817	813	1903.64	1756.665	1830.1525
los	817	813	1903.64	1756.665	1830.1525
spe	816	GCA.002707085.1.Bacteria.Myxococcota.A	1355.92	0.0	677.96
los	816	GCA.002707085.1.Bacteria.Myxococcota.A	1355.92	0.0	677.96
spe	829	828	2062.825	1800.295	1931.56
hgt	828	GCA.002699025.1.Bacteria.Myxococcota	1800.295	0.0	900.1475
los	828	GCA.002699025.1.Bacteria.Myxococcota	1800.295	0.0	900.1475
spe	827	826	1682.675	1516.045	1599.36
los	827	826	1682.675	1516.045	1599.36
spe	821	GCA.002841825.1.Bacteria.Myxococcota	1480.98	0.0	740.49
los	821	GCA.002841825.1.Bacteria.Myxococcota	1480.98	0.0	740.49
spe	840	804	2199.32	2020.19	2109.755
hgt	804	GCA.003247575.1.Bacteria.Myxococcota.A	2020.19	0.0	1010.095
los	804	GCA.003247575.1.Bacteria.Myxococcota.A	2020.19	0.0	1010.095
spe	817	813	1903.64	1756.665	1830.1525
spe	812	GCA.002863065.1.Bacteria.Myxococcota	1631.73	0.0	815.865
los	812	GCA.002863065.1.Bacteria.Myxococcota	1631.73	0.0	815.865
spe	811	GCA.002726535.1.Bacteria.Myxococcota	1440.74	0.0	720.37
los	811	GCA.002726535.1.Bacteria.Myxococcota	1440.74	0.0	720.37
spe	807	GCA.002841945.1.Bacteria.Myxococcota	1533.145	0.0	766.5725
los	807	GCA.002841945.1.Bacteria.Myxococcota	1533.145	0.0	766.5725
spe	361	360	2351.985	2098.525	2225.255
spe	359	GCA.001302825.1.Bacteria.Planctomycetota	1876.535	0.0	938.2675
los	359	GCA.001302825.1.Bacteria.Planctomycetota	1876.535	0.0	938.2675
hgt	None	dead	0.0	0.0	0.0
los	360	356	2098.525	1822.11	1960.3175
hgt	None	dead	0.0	0.0	0.0
los	None	dead	0.0	0.0	0.0
dup	None	dead	0.0	0.0	0.0
hgt	None	dead	0.0	0.0	0.0
los	None	dead	0.0	0.0	0.0
hgt	None	dead	0.0	0.0	0.0
los	None	dead	0.0	0.0	0.0
spe	223	222	1939.68	1655.985	1797.8325
spe	216	GCA.003154195.1.Bacteria.Omnitrophota	1473.715	0.0	736.8575
los	216	GCA.003154195.1.Bacteria.Omnitrophota	1473.715	0.0	736.8575
spe	221	220	1557.945	1323.035	1440.49
los	221	220	1557.945	1323.035	1440.49
spe	363	321	2638.385	2458.77	2548.5775
hgt	515	GCA.002632265.1.Bacteria.Proteobacteria	2002.575	0.0	1001.2875
hgt	585	GCA.002338605.1.Bacteria.Proteobacteria	1098.223	0.0	549.1115
hgt	321	GCA.003136555.1.Bacteria.Planctomycetota	2458.77	0.0	1229.385
los	321	GCA.003136555.1.Bacteria.Planctomycetota	2458.77	0.0	1229.385
spe	321	320	2458.77	2256.89	2357.83
hgt	320	GCA.003245715.1.Bacteria.Planctomycetota	2256.89	0.0	1128.445
los	320	GCA.003245715.1.Bacteria.Planctomycetota	2256.89	0.0	1128.445
hgt	694	GCA.001767075.1.Bacteria.Acidobacteriota	1248.195	0.0	624.0975
hgt	529	GCA.002420425.1.Bacteria.Proteobacteria	1818.925	0.0	909.4625
hgt	961	GCA.001769385.1.Bacteria.Bacteroidota	672.025	0.0	336.0125
spe	1327	1326	2643.35	2448.67	2546.01
spe	1292	GCF.000024605.1.Bacteria.Firmicutes.B	1962.37	0.0	981.185
los	1292	GCF.000024605.1.Bacteria.Firmicutes.B	1962.37	0.0	981.185
spe	1326	1325	2448.67	2256.125	2352.3975
spe	1297	GCA.002329495.1.Bacteria.Firmicutes.B	1985.275	0.0	992.6375
los	1297	GCA.002329495.1.Bacteria.Firmicutes.B	1985.275	0.0	992.6375
spe	1296	GCF.900176005.1.Bacteria.Firmicutes.B	1805.085	0.0	902.5425
los	1296	GCF.900176005.1.Bacteria.Firmicutes.B	1805.085	0.0	902.5425
spe	1325	1324	2256.125	2152.01	2204.0675
spe	1323	1322	2061.88	1700.81	1881.345
los	1323	1322	2061.88	1700.81	1881.345
spe	1319	GCF.900100785.1.Bacteria.Firmicutes.B	1933.46	0.0	966.73
los	1319	GCF.900100785.1.Bacteria.Firmicutes.B	1933.46	0.0	966.73
spe	1318	1317	1818.985	1219.28	1519.1325
los	1318	1317	1818.985	1219.28	1519.1325
spe	1312	GCF.000019165.1.Bacteria.Firmicutes.B	1521.75	0.0	760.875
los	1312	GCF.000019165.1.Bacteria.Firmicutes.B	1521.75	0.0	760.875
spe	1324	1308	2152.01	1925.235	2038.6225
spe	1307	1305	1703.5	1518.03	1610.765
los	1307	1305	1703.5	1518.03	1610.765
spe	1300	GCA.002418765.1.Bacteria.Firmicutes.B	1565.1	0.0	782.55
los	1300	GCA.002418765.1.Bacteria.Firmicutes.B	1565.1	0.0	782.55
spe	1389	1237	2995.16	2548.64	2771.9
hgt	None	dead	0.0	0.0	0.0
hgt	None	dead	0.0	0.0	0.0
los	None	dead	0.0	0.0	0.0
hgt	None	dead	0.0	0.0	0.0
los	1237	1236	2548.64	2380.34	2464.49
hgt	None	dead	0.0	0.0	0.0
los	None	dead	0.0	0.0	0.0
spe	1237	1221	2548.64	2065.095	2306.8675
hgt	1221	GCA.002375925.1.Bacteria.Firmicutes.E	2065.095	0.0	1032.5475
los	1221	GCA.002375925.1.Bacteria.Firmicutes.E	2065.095	0.0	1032.5475
hgt	686	GCA.002451015.1.Bacteria.Acidobacteriota	1699.78	0.0	849.89
hgt	1462	GCA.002436065.1.Bacteria.Chloroflexota	2298.115	0.0	1149.0575
hgt	862	GCA.002782605.1.Bacteria.Desulfobacterota	1779.145	0.0	889.5725
dup	1462	GCA.002436065.1.Bacteria.Chloroflexota	2298.115	0.0	1149.0575
dup	1392	1391	3486.295	3193.865	3340.08
hgt	None	dead	0.0	0.0	0.0
hgt	None	dead	0.0	0.0	0.0
los	None	dead	0.0	0.0	0.0
hgt	None	dead	0.0	0.0	0.0
spe	1392	1391	3486.295	3193.865	3340.08
spe	1211	1199	2951.505	2662.26	2806.8825
los	1211	1199	2951.505	2662.26	2806.8825
spe	1210	1204	2781.0	2525.77	2653.385
los	1210	1204	2781.0	2525.77	2653.385
spe	1209	1208	2390.265	2182.765	2286.515
los	1209	1208	2390.265	2182.765	2286.515
spe	1391	1390	3193.865	3074.65	3134.2575
spe	1218	GCA.001513125.1.Bacteria.DTU030	2879.54	0.0	1439.77
los	1218	GCA.001513125.1.Bacteria.DTU030	2879.54	0.0	1439.77
spe	1216	GCF.000020005.1.Bacteria.Firmicutes.D	2264.52	0.0	1132.26
los	1216	GCF.000020005.1.Bacteria.Firmicutes.D	2264.52	0.0	1132.26
spe	1215	GCF.000328625.1.Bacteria.Firmicutes.F	1572.11	0.0	786.055
los	1215	GCF.000328625.1.Bacteria.Firmicutes.F	1572.11	0.0	786.055
spe	1389	1388	2995.16	2841.585	2918.3725
los	1389	1388	2995.16	2841.585	2918.3725
spe	1389	1237	2995.16	2548.64	2771.9
spe	1236	1228	2380.34	2207.365	2293.8525
los	1236	1228	2380.34	2207.365	2293.8525
spe	1235	1234	2102.15	1826.555	1964.3525
los	1235	1234	2102.15	1826.555	1964.3525
spe	1237	1221	2548.64	2065.095	2306.8675
hgt	1221	GCA.002375925.1.Bacteria.Firmicutes.E	2065.095	0.0	1032.5475
los	1221	GCA.002375925.1.Bacteria.Firmicutes.E	2065.095	0.0	1032.5475
dup	None	dead	0.0	0.0	0.0
dup	None	dead	0.0	0.0	0.0
hgt	None	dead	0.0	0.0	0.0
los	None	dead	0.0	0.0	0.0
dup	None	dead	0.0	0.0	0.0
hgt	None	dead	0.0	0.0	0.0
los	None	dead	0.0	0.0	0.0
hgt	None	dead	0.0	0.0	0.0
los	None	dead	0.0	0.0	0.0
hgt	None	dead	0.0	0.0	0.0
los	None	dead	0.0	0.0	0.0
spe	900	899	3178.205	3077.265	3127.735
spe	899	743	3077.265	2953.32	3015.2925
hgt	None	dead	0.0	0.0	0.0
los	743	721	2953.32	2669.375	2811.3475
hgt	None	dead	0.0	0.0	0.0
los	None	dead	0.0	0.0	0.0
spe	743	742	2953.32	2707.335	2830.3275
spe	741	GCA.003220615.1.Bacteria.Methylomirabilota	2099.065	0.0	1049.5325
los	741	GCA.003220615.1.Bacteria.Methylomirabilota	2099.065	0.0	1049.5325
spe	738	728	2387.34	2047.46	2217.4
los	738	728	2387.34	2047.46	2217.4
spe	737	736	2168.56	1883.24	2025.9
los	737	736	2168.56	1883.24	2025.9
spe	737	733	2168.56	1662.33	1915.445
spe	732	GCA.002011735.1.Bacteria.Nitrospirota	1418.365	0.0	709.1825
los	732	GCA.002011735.1.Bacteria.Nitrospirota	1418.365	0.0	709.1825
spe	899	898	3077.265	3008.34	3042.8025
spe	897	896	2922.2	2689.39	2805.795
los	897	896	2922.2	2689.39	2805.795
spe	889	843	2701.575	2593.715	2647.645
los	889	843	2701.575	2593.715	2647.645
spe	888	854	2515.76	2344.965	2430.3625
los	888	854	2515.76	2344.965	2430.3625
spe	888	887	2515.76	2332.115	2423.9375
spe	887	886	2332.115	2067.29	2199.7025
spe	885	877	1945.59	1826.365	1885.9775
los	885	877	1945.59	1826.365	1885.9775
spe	884	880	1824.105	1550.835	1687.47
los	884	880	1824.105	1550.835	1687.47
spe	883	GCA.000961655.1.Bacteria.Desulfobacterota	1441.77	0.0	720.885
los	883	GCA.000961655.1.Bacteria.Desulfobacterota	1441.77	0.0	720.885
spe	874	873	1965.97	1792.01	1878.99
los	874	873	1965.97	1792.01	1878.99
spe	868	866	1758.21	1421.715	1589.9625
los	868	866	1758.21	1421.715	1589.9625
spe	887	863	2332.115	2111.78	2221.9475
hgt	None	dead	0.0	0.0	0.0
los	863	862	2111.78	1779.145	1945.4625
hgt	None	dead	0.0	0.0	0.0
los	None	dead	0.0	0.0	0.0
spe	857	GCA.001830835.1.Bacteria.Desulfobacterota	1980.505	0.0	990.2525
los	857	GCA.001830835.1.Bacteria.Desulfobacterota	1980.505	0.0	990.2525
spe	898	756	3008.34	2635.78	2822.06
hgt	756	754	2635.78	2364.085	2499.9325
los	756	754	2635.78	2364.085	2499.9325
spe	1186	1136	2936.225	2376.455	2656.34
hgt	229	GCA.002791075.1.Bacteria.Ratteibacteria	2544.195	0.0	1272.0975
hgt	1476	1454	2783.015	2214.935	2498.975
spe	1476	1454	2783.015	2214.935	2498.975
spe	1446	1440	1960.08	1813.195	1886.6375
los	1446	1440	1960.08	1813.195	1886.6375
spe	1445	GCA.003130875.1.Bacteria.Chloroflexota	1742.485	0.0	871.2425
los	1445	GCA.003130875.1.Bacteria.Chloroflexota	1742.485	0.0	871.2425
spe	1444	GCA.003451595.1.Bacteria.Chloroflexota	1539.09	0.0	769.545
los	1444	GCA.003451595.1.Bacteria.Chloroflexota	1539.09	0.0	769.545
spe	1454	1453	2214.935	2115.485	2165.21
spe	1449	GCA.002400365.1.Bacteria.Chloroflexota	1891.395	0.0	945.6975
los	1449	GCA.002400365.1.Bacteria.Chloroflexota	1891.395	0.0	945.6975
spe	1452	GCA.002348045.1.Bacteria.Chloroflexota	1623.74	0.0	811.87
los	1452	GCA.002348045.1.Bacteria.Chloroflexota	1623.74	0.0	811.87
hgt	1036	GCA.000403035.1.Bacteria.Latescibacterota	1833.115	0.0	916.5575
spe	1391	1211	3193.865	2951.505	3072.685
los	1391	1211	3193.865	2951.505	3072.685
spe	1391	1390	3193.865	3074.65	3134.2575
spe	1390	1218	3074.65	2879.54	2977.095
spe	1216	1215	2264.52	1572.11	1918.315
los	1216	1215	2264.52	1572.11	1918.315
spe	1390	1389	3074.65	2995.16	3034.905
spe	1237	1221	2548.64	2065.095	2306.8675
los	1237	1221	2548.64	2065.095	2306.8675
spe	1236	1228	2380.34	2207.365	2293.8525
los	1236	1228	2380.34	2207.365	2293.8525
spe	1235	GCA.002376005.1.Bacteria.Firmicutes.E	2102.15	0.0	1051.075
los	1235	GCA.002376005.1.Bacteria.Firmicutes.E	2102.15	0.0	1051.075
spe	1234	1233	1826.555	1501.49	1664.0225
los	1234	1233	1826.555	1501.49	1664.0225
spe	1389	1388	2995.16	2841.585	2918.3725
hgt	None	dead	0.0	0.0	0.0
los	1388	1274	2841.585	2600.015	2720.8
hgt	None	dead	0.0	0.0	0.0
los	None	dead	0.0	0.0	0.0
spe	1387	1386	2774.13	2592.35	2683.24
los	1387	1386	2774.13	2592.35	2683.24
spe	1387	1327	2774.13	2643.35	2708.74
spe	1289	1288	2319.605	1737.805	2028.705
los	1289	1288	2319.605	1737.805	2028.705
spe	1326	1292	2448.67	1962.37	2205.52
los	1326	1292	2448.67	1962.37	2205.52
spe	1325	1297	2256.125	1985.275	2120.7
los	1325	1297	2256.125	1985.275	2120.7
spe	1324	1308	2152.01	1925.235	2038.6225
los	1324	1308	2152.01	1925.235	2038.6225
spe	1324	1323	2152.01	2061.88	2106.945
spe	1323	1322	2061.88	1700.81	1881.345
hgt	1322	GCA.001512665.1.Bacteria.Firmicutes.B	1700.81	0.0	850.405
los	1322	GCA.001512665.1.Bacteria.Firmicutes.B	1700.81	0.0	850.405
spe	1319	GCF.900100785.1.Bacteria.Firmicutes.B	1933.46	0.0	966.73
los	1319	GCF.900100785.1.Bacteria.Firmicutes.B	1933.46	0.0	966.73
spe	1318	1312	1818.985	1521.75	1670.3675
los	1318	1312	1818.985	1521.75	1670.3675
spe	1318	1317	1818.985	1219.28	1519.1325
spe	1317	1315	1219.28	1023.5775	1121.42875
hgt	1315	GCA.002482535.1.Bacteria.Firmicutes.B	1023.5775	0.0	511.78875
los	1315	GCA.002482535.1.Bacteria.Firmicutes.B	1023.5775	0.0	511.78875
spe	1725	1724	3734.58	3628.125	3681.3525
hgt	1047	1046	3546.415	3486.69	3516.5525
spe	1724	1723	3628.125	3473.32	3550.7225
hgt	None	dead	0.0	0.0	0.0
los	1723	1722	3473.32	3258.43	3365.875
hgt	None	dead	0.0	0.0	0.0
los	None	dead	0.0	0.0	0.0
spe	1657	1656	3302.405	3049.13	3175.7675
los	1657	1656	3302.405	3049.13	3175.7675
spe	1645	GCA.002050035.1.Bacteria.4484.113	3111.405	0.0	1555.7025
los	1645	GCA.002050035.1.Bacteria.4484.113	3111.405	0.0	1555.7025
spe	1047	1046	3546.415	3486.69	3516.5525
hgt	None	dead	0.0	0.0	0.0
hgt	None	dead	0.0	0.0	0.0
hgt	None	dead	0.0	0.0	0.0
los	None	dead	0.0	0.0	0.0
spe	1046	1045	3486.69	3272.33	3379.51
spe	921	920	3079.615	2993.31	3036.4625
los	921	920	3079.615	2993.31	3036.4625
spe	905	GCA.001577135.1.Bacteria.Cloacimonadota	2019.13	0.0	1009.565
los	905	GCA.001577135.1.Bacteria.Cloacimonadota	2019.13	0.0	1009.565
spe	1045	1044	3272.33	3049.955	3161.1425
hgt	1044	1043	3049.955	2969.625	3009.79
los	1044	1043	3049.955	2969.625	3009.79
spe	1044	936	3049.955	2851.625	2950.79
spe	935	934	2109.88	2007.3	2058.59
los	935	934	2109.88	2007.3	2058.59
hgt	None	dead	0.0	0.0	0.0
hgt	None	dead	0.0	0.0	0.0
los	None	dead	0.0	0.0	0.0
hgt	None	dead	0.0	0.0	0.0
los	936	926	2851.625	2372.335	2611.98
hgt	None	dead	0.0	0.0	0.0
los	None	dead	0.0	0.0	0.0
hgt	None	dead	0.0	0.0	0.0
los	None	dead	0.0	0.0	0.0
dup	376	GCA.002418835.1.Bacteria.Spirochaetota	2164.345	0.0	1082.1725
hgt	188	GCA.001787855.1.Bacteria.Riflebacteria	3280.19	0.0	1640.095
hgt	885	884	1945.59	1824.105	1884.8475
spe	885	884	1945.59	1824.105	1884.8475
spe	884	883	1824.105	1441.77	1632.9375
hgt	883	GCA.001751085.1.Bacteria.Desulfobacterota	1441.77	0.0	720.885
los	883	GCA.001751085.1.Bacteria.Desulfobacterota	1441.77	0.0	720.885
spe	880	GCA.001577715.1.Bacteria.Desulfobacterota	1550.835	0.0	775.4175
los	880	GCA.001577715.1.Bacteria.Desulfobacterota	1550.835	0.0	775.4175
dup	880	GCF.000195295.1.Bacteria.Desulfobacterota	1550.835	0.0	775.4175
hgt	706	GCA.002327305.1.Bacteria.Acidobacteriota	1817.88	0.0	908.94
hgt	801	GCA.002328485.1.Bacteria.Desulfobacterota.G	2073.125	0.0	1036.5625
spe	1046	902	3486.69	3388.51	3437.6
hgt	None	dead	0.0	0.0	0.0
los	902	390	3388.51	3128.085	3258.2975
hgt	None	dead	0.0	0.0	0.0
los	None	dead	0.0	0.0	0.0
spe	1476	1454	2783.015	2214.935	2498.975
spe	1446	1440	1960.08	1813.195	1886.6375
los	1446	1440	1960.08	1813.195	1886.6375
spe	1445	GCA.003130875.1.Bacteria.Chloroflexota	1742.485	0.0	871.2425
los	1445	GCA.003130875.1.Bacteria.Chloroflexota	1742.485	0.0	871.2425
spe	1444	GCA.003451595.1.Bacteria.Chloroflexota	1539.09	0.0	769.545
los	1444	GCA.003451595.1.Bacteria.Chloroflexota	1539.09	0.0	769.545
spe	1454	1453	2214.935	2115.485	2165.21
spe	1453	1452	2115.485	1623.74	1869.6125
spe	1453	1449	2115.485	1891.395	2003.44
spe	902	901	3388.51	3298.045	3343.2775
spe	663	662	3209.65	3137.46	3173.555
los	663	662	3209.65	3137.46	3173.555
spe	397	396	3012.355	2626.695	2819.525
los	397	396	3012.355	2626.695	2819.525
spe	901	900	3298.045	3178.205	3238.125
spe	900	716	3178.205	2750.795	2964.5
spe	670	GCA.002898535.1.Bacteria.Acidobacteriota	2401.115	0.0	1200.5575
los	670	GCA.002898535.1.Bacteria.Acidobacteriota	2401.115	0.0	1200.5575
spe	669	668	1836.34	1575.265	1705.8025
los	669	668	1836.34	1575.265	1705.8025
hgt	716	715	2750.795	2587.59	2669.1925
los	716	715	2750.795	2587.59	2669.1925
spe	899	743	3077.265	2953.32	3015.2925
los	899	743	3077.265	2953.32	3015.2925
spe	898	756	3008.34	2635.78	2822.06
los	898	756	3008.34	2635.78	2822.06
spe	897	896	2922.2	2689.39	2805.795
los	897	896	2922.2	2689.39	2805.795
spe	889	843	2701.575	2593.715	2647.645
los	889	843	2701.575	2593.715	2647.645
dup	889	888	2701.575	2515.76	2608.6675
spe	888	854	2515.76	2344.965	2430.3625
los	888	854	2515.76	2344.965	2430.3625
spe	888	887	2515.76	2332.115	2423.9375
hgt	1136	GCA.001768645.1.Bacteria.Actinobacteriota	2376.455	0.0	1188.2275
spe	887	886	2332.115	2067.29	2199.7025
spe	874	868	1965.97	1758.21	1862.09
los	874	868	1965.97	1758.21	1862.09
spe	873	GCA.002011835.1.Bacteria.Desulfobacterota	1792.01	0.0	896.005
los	873	GCA.002011835.1.Bacteria.Desulfobacterota	1792.01	0.0	896.005
spe	871	GCA.002899795.1.Bacteria.Desulfobacterota	1532.675	0.0	766.3375
los	871	GCA.002899795.1.Bacteria.Desulfobacterota	1532.675	0.0	766.3375
spe	885	884	1945.59	1824.105	1884.8475
los	885	884	1945.59	1824.105	1884.8475
spe	877	GCA.001797675.1.Bacteria.Desulfobacterota	1826.365	0.0	913.1825
los	877	GCA.001797675.1.Bacteria.Desulfobacterota	1826.365	0.0	913.1825
spe	887	863	2332.115	2111.78	2221.9475
spe	862	861	1779.145	1645.455	1712.3
los	862	861	1779.145	1645.455	1712.3
hgt	None	dead	0.0	0.0	0.0
los	863	857	2111.78	1980.505	2046.1425
hgt	None	dead	0.0	0.0	0.0
los	None	dead	0.0	0.0	0.0
spe	889	888	2701.575	2515.76	2608.6675
spe	888	887	2515.76	2332.115	2423.9375
spe	887	863	2332.115	2111.78	2221.9475
spe	857	GCA.001830835.1.Bacteria.Desulfobacterota	1980.505	0.0	990.2525
los	857	GCA.001830835.1.Bacteria.Desulfobacterota	1980.505	0.0	990.2525
hgt	None	dead	0.0	0.0	0.0
los	863	862	2111.78	1779.145	1945.4625
hgt	None	dead	0.0	0.0	0.0
los	None	dead	0.0	0.0	0.0
spe	886	874	2067.29	1965.97	2016.63
los	886	874	2067.29	1965.97	2016.63
spe	886	885	2067.29	1945.59	2006.44
spe	877	GCF.000620765.1.Bacteria.Desulfobacterota.I	1826.365	0.0	913.1825
los	877	GCF.000620765.1.Bacteria.Desulfobacterota.I	1826.365	0.0	913.1825
spe	885	884	1945.59	1824.105	1884.8475
spe	883	GCA.001751085.1.Bacteria.Desulfobacterota	1441.77	0.0	720.885
los	883	GCA.001751085.1.Bacteria.Desulfobacterota	1441.77	0.0	720.885
spe	880	GCA.001577715.1.Bacteria.Desulfobacterota	1550.835	0.0	775.4175
los	880	GCA.001577715.1.Bacteria.Desulfobacterota	1550.835	0.0	775.4175
dup	880	GCF.000195295.1.Bacteria.Desulfobacterota	1550.835	0.0	775.4175
spe	888	854	2515.76	2344.965	2430.3625
hgt	None	dead	0.0	0.0	0.0
los	854	853	2344.965	2065.005	2204.985
hgt	None	dead	0.0	0.0	0.0
los	None	dead	0.0	0.0	0.0
spe	850	846	2301.83	2027.01	2164.42
los	850	846	2301.83	2027.01	2164.42
spe	849	GCF.000266945.1.Bacteria.Desulfobacterota	1938.415	0.0	969.2075
los	849	GCF.000266945.1.Bacteria.Desulfobacterota	1938.415	0.0	969.2075
spe	1724	1642	3628.125	3541.065	3584.595
spe	1642	1478	3541.065	3264.47	3402.7675
hgt	None	dead	0.0	0.0	0.0
los	1478	1396	3264.47	2089.7	2677.085
hgt	None	dead	0.0	0.0	0.0
los	None	dead	0.0	0.0	0.0
hgt	None	dead	0.0	0.0	0.0
dup	None	dead	0.0	0.0	0.0
hgt	None	dead	0.0	0.0	0.0
los	None	dead	0.0	0.0	0.0
dup	None	dead	0.0	0.0	0.0
dup	None	dead	0.0	0.0	0.0
hgt	None	dead	0.0	0.0	0.0
los	None	dead	0.0	0.0	0.0
hgt	None	dead	0.0	0.0	0.0
los	None	dead	0.0	0.0	0.0
hgt	None	dead	0.0	0.0	0.0
los	None	dead	0.0	0.0	0.0
spe	754	746	2364.085	2036.715	2200.4
spe	1478	1477	3264.47	3024.12	3144.295
spe	1477	1431	3024.12	2678.945	2851.5325
spe	1430	GCA.001795235.1.Bacteria.Chloroflexota	2204.905	0.0	1102.4525
los	1430	GCA.001795235.1.Bacteria.Chloroflexota	2204.905	0.0	1102.4525
spe	1431	1427	2678.945	2442.77	2560.8575
hgt	None	dead	0.0	0.0	0.0
los	1427	1426	2442.77	2247.125	2344.9475
hgt	None	dead	0.0	0.0	0.0
los	None	dead	0.0	0.0	0.0
spe	1413	1399	2151.5	1824.235	1987.8675
los	1413	1399	2151.5	1824.235	1987.8675
spe	1412	1411	1912.54	1632.645	1772.5925
los	1412	1411	1912.54	1632.645	1772.5925
spe	1412	1408	1912.54	1849.35	1880.945
spe	1407	GCA.002717565.1.Bacteria.Chloroflexota	1756.215	0.0	878.1075
los	1407	GCA.002717565.1.Bacteria.Chloroflexota	1756.215	0.0	878.1075
spe	1406	GCA.002717925.1.Bacteria.Chloroflexota	1650.16	0.0	825.08
los	1406	GCA.002717925.1.Bacteria.Chloroflexota	1650.16	0.0	825.08
spe	1402	GCA.003228115.1.Bacteria.Chloroflexota	1732.845	0.0	866.4225
los	1402	GCA.003228115.1.Bacteria.Chloroflexota	1732.845	0.0	866.4225
spe	1476	1475	2783.015	2647.025	2715.02
los	1476	1475	2783.015	2647.025	2715.02
spe	1476	1454	2783.015	2214.935	2498.975
spe	1454	1453	2214.935	2115.485	2165.21
spe	1452	GCA.002348045.1.Bacteria.Chloroflexota	1623.74	0.0	811.87
los	1452	GCA.002348045.1.Bacteria.Chloroflexota	1623.74	0.0	811.87
hgt	None	dead	0.0	0.0	0.0
hgt	None	dead	0.0	0.0	0.0
los	None	dead	0.0	0.0	0.0
hgt	None	dead	0.0	0.0	0.0
los	1453	1449	2115.485	1891.395	2003.44
hgt	None	dead	0.0	0.0	0.0
los	None	dead	0.0	0.0	0.0
spe	1454	1446	2214.935	1960.08	2087.5075
spe	1446	1445	1960.08	1742.485	1851.2825
hgt	1445	GCA.003130875.1.Bacteria.Chloroflexota	1742.485	0.0	871.2425
los	1445	GCA.003130875.1.Bacteria.Chloroflexota	1742.485	0.0	871.2425
spe	1444	GCA.002366755.1.Bacteria.Chloroflexota	1539.09	0.0	769.545
los	1444	GCA.002366755.1.Bacteria.Chloroflexota	1539.09	0.0	769.545
spe	1446	1440	1960.08	1813.195	1886.6375
spe	1439	GCF.900187885.1.Bacteria.Chloroflexota	1555.635	0.0	777.8175
los	1439	GCF.900187885.1.Bacteria.Chloroflexota	1555.635	0.0	777.8175
spe	1438	GCA.002841995.1.Bacteria.Chloroflexota	1347.94	0.0	673.97
los	1438	GCA.002841995.1.Bacteria.Chloroflexota	1347.94	0.0	673.97
spe	1437	GCA.002702065.1.Bacteria.Chloroflexota	1218.17	0.0	609.085
los	1437	GCA.002702065.1.Bacteria.Chloroflexota	1218.17	0.0	609.085
hgt	None	dead	0.0	0.0	0.0
los	1642	1641	3541.065	3197.795	3369.43
hgt	None	dead	0.0	0.0	0.0
los	None	dead	0.0	0.0	0.0
spe	886	874	2067.29	1965.97	2016.63
spe	868	866	1758.21	1421.715	1589.9625
los	868	866	1758.21	1421.715	1589.9625
spe	874	873	1965.97	1792.01	1878.99
hgt	873	871	1792.01	1532.675	1662.3425
los	873	871	1792.01	1532.675	1662.3425
dup	873	GCA.002011835.1.Bacteria.Desulfobacterota	1792.01	0.0	896.005
hgt	706	GCA.002327305.1.Bacteria.Acidobacteriota	1817.88	0.0	908.94
hgt	861	GCA.002327985.1.Bacteria.Desulfobacterota	1645.455	0.0	822.7275
hgt	849	GCF.000266945.1.Bacteria.Desulfobacterota	1938.415	0.0	969.2075
dup	849	GCF.000266945.1.Bacteria.Desulfobacterota	1938.415	0.0	969.2075
