event	left_node	right_node	left_date	right_date	midpoint_date
spe	389	388	2948.12	2845.905	2897.0125
spe	388	376	2845.905	2638.94	2742.4225
hgt	376	374	2638.94	2303.81	2471.375
los	376	374	2638.94	2303.81	2471.375
spe	388	387	2845.905	2737.525	2791.715
spe	383	381	2480.61	2192.73	2336.67
los	383	381	2480.61	2192.73	2336.67
hgt	895	GCA.000739515.1.Bacteria.Moduliflexota	2668.13	0.0	1334.065
hgt	397	GCF.000526155.1.Bacteria.Desulfobacterota	3038.98	0.0	1519.49
hgt	297	293	2620.58	2421.68	2521.13
hgt	1652	1651	2760.21	2569.225	2664.7175
spe	386	GCA.002450905.1.Bacteria.Spirochaetota	2547.685	0.0	1273.8425
los	386	GCA.002450905.1.Bacteria.Spirochaetota	2547.685	0.0	1273.8425
hgt	320	GCA.003245715.1.Bacteria.Planctomycetota	2697.03	0.0	1348.515
spe	1652	1651	2760.21	2569.225	2664.7175
hgt	239	GCA.003158755.1.Bacteria.Elusimicrobiota	2146.715	0.0	1073.3575
hgt	265	GCA.003501375.1.Bacteria.Sumerlaeota	2505.165	0.0	1252.5825
spe	297	293	2620.58	2421.68	2521.13
hgt	332	GCA.002704825.1.Bacteria.Planctomycetota	1728.22	0.0	864.11
hgt	932	GCA.002414805.1.Bacteria.Fibrobacterota	2324.52	0.0	1162.26
hgt	1289	1288	2635.61	2207.725	2421.6675
hgt	849	GCF.000266945.1.Bacteria.Desulfobacterota	2490.935	0.0	1245.4675
spe	1289	1288	2635.61	2207.725	2421.6675
hgt	812	811	2281.345	2134.02	2207.6825
spe	1288	1287	2207.725	1965.585	2086.655
spe	1287	1285	1965.585	1868.68	1917.1325
hgt	None	dead	0.0	0.0	0.0
hgt	None	dead	0.0	0.0	0.0
los	None	dead	0.0	0.0	0.0
dup	1285	1281	1868.68	1642.245	1755.4625
dup	1285	1281	1868.68	1642.245	1755.4625
spe	1285	1281	1868.68	1642.245	1755.4625
spe	1280	GCF.000430605.1.Bacteria.Firmicutes.C	1441.56	0.0	720.78
los	1280	GCF.000430605.1.Bacteria.Firmicutes.C	1441.56	0.0	720.78
hgt	1288	GCA.002411145.1.Bacteria.Firmicutes.C	2207.725	0.0	1103.8625
hgt	1288	GCA.002411145.1.Bacteria.Firmicutes.C	2207.725	0.0	1103.8625
hgt	1288	GCA.002411145.1.Bacteria.Firmicutes.C	2207.725	0.0	1103.8625
spe	1285	1281	1868.68	1642.245	1755.4625
hgt	1288	GCA.002411145.1.Bacteria.Firmicutes.C	2207.725	0.0	1103.8625
spe	1281	1280	1642.245	1441.56	1541.9025
spe	1285	1281	1868.68	1642.245	1755.4625
spe	1280	GCF.000430605.1.Bacteria.Firmicutes.C	1441.56	0.0	720.78
los	1280	GCF.000430605.1.Bacteria.Firmicutes.C	1441.56	0.0	720.78
hgt	1264	GCA.900317035.1.Bacteria.Firmicutes.A	1943.29	0.0	971.645
hgt	1285	1281	1868.68	1642.245	1755.4625
hgt	None	dead	0.0	0.0	0.0
hgt	None	dead	0.0	0.0	0.0
los	None	dead	0.0	0.0	0.0
hgt	1285	1281	1868.68	1642.245	1755.4625
hgt	1264	GCA.900317035.1.Bacteria.Firmicutes.A	1943.29	0.0	971.645
hgt	1285	1284	1868.68	1576.575	1722.6275
los	1285	1284	1868.68	1576.575	1722.6275
spe	1285	1281	1868.68	1642.245	1755.4625
spe	1280	GCF.000430605.1.Bacteria.Firmicutes.C	1441.56	0.0	720.78
los	1280	GCF.000430605.1.Bacteria.Firmicutes.C	1441.56	0.0	720.78
spe	1285	1281	1868.68	1642.245	1755.4625
spe	1281	1280	1642.245	1441.56	1541.9025
hgt	1280	GCF.000430605.1.Bacteria.Firmicutes.C	1441.56	0.0	720.78
los	1280	GCF.000430605.1.Bacteria.Firmicutes.C	1441.56	0.0	720.78
dup	1285	1281	1868.68	1642.245	1755.4625
hgt	239	GCF.001027545.1.Bacteria.Elusimicrobiota	2146.715	0.0	1073.3575
spe	1285	1281	1868.68	1642.245	1755.4625
spe	1281	1280	1642.245	1441.56	1541.9025
spe	1285	1281	1868.68	1642.245	1755.4625
spe	1280	GCF.000430605.1.Bacteria.Firmicutes.C	1441.56	0.0	720.78
los	1280	GCF.000430605.1.Bacteria.Firmicutes.C	1441.56	0.0	720.78
hgt	753	GCA.001803565.1.Bacteria.Nitrospinota.B	2583.27	0.0	1291.635
spe	812	811	2281.345	2134.02	2207.6825
hgt	807	GCA.002841945.1.Bacteria.Myxococcota	2202.835	0.0	1101.4175
hgt	248	GCA.001799695.1.Bacteria.Elusimicrobiota	1920.715	0.0	960.3575
hgt	1421	1419	2272.78	2163.145	2217.9625
hgt	733	GCA.003235715.1.Bacteria.Nitrospirota	2275.95	0.0	1137.975
hgt	1703	1702	2220.145	2160.51	2190.3275
hgt	1319	GCF.900100785.1.Bacteria.Firmicutes.B	2388.655	0.0	1194.3275
hgt	837	GCA.001768075.1.Bacteria.Myxococcota	2276.83	0.0	1138.415
hgt	1312	GCF.000019165.1.Bacteria.Firmicutes.B	2058.365	0.0	1029.1825
hgt	846	GCF.001611275.1.Bacteria.Desulfobacterota	2541.4	0.0	1270.7
hgt	749	GCA.003229375.1.Bacteria.Nitrospinota	2363.875	0.0	1181.9375
hgt	853	GCA.003232385.1.Bacteria.SZUA.79	2576.375	0.0	1288.1875
hgt	None	dead	0.0	0.0	0.0
hgt	None	dead	0.0	0.0	0.0
los	None	dead	0.0	0.0	0.0
hgt	644	636	2211.125	2146.87	2178.9975
spe	1703	1702	2220.145	2160.51	2190.3275
hgt	1719	GCF.000013205.1.Bacteria.Cyanobacteria	2506.285	0.0	1253.1425
spe	1702	1701	2160.51	2117.68	2139.095
spe	1701	1700	2117.68	2037.95	2077.815
spe	1699	GCF.000317045.1.Bacteria.Cyanobacteria	1966.585	0.0	983.2925
los	1699	GCF.000317045.1.Bacteria.Cyanobacteria	1966.585	0.0	983.2925
spe	1699	1698	1966.585	1629.64	1798.1125
spe	1692	Richelia.intracellularis.HM01	247.20855	0.0	123.60428
los	1692	Richelia.intracellularis.HM01	247.20855	0.0	123.60428
spe	1698	1697	1629.64	1386.915	1508.2775
spe	1695	GCF.000020025.1.Bacteria.Cyanobacteria	955.3765	0.0	477.68825
los	1695	GCF.000020025.1.Bacteria.Cyanobacteria	955.3765	0.0	477.68825
hgt	None	dead	0.0	0.0	0.0
hgt	None	dead	0.0	0.0	0.0
los	None	dead	0.0	0.0	0.0
hgt	1672	GCF.002251945.1.Bacteria.Cyanobacteria	2154.84	0.0	1077.42
spe	1700	1688	2037.95	1799.565	1918.7575
spe	1701	1685	2117.68	2011.14	2064.41
spe	1684	GCA.001698445.1.Bacteria.Cyanobacteria	1851.405	0.0	925.7025
los	1684	GCA.001698445.1.Bacteria.Cyanobacteria	1851.405	0.0	925.7025
hgt	1685	GCF.000018105.1.Bacteria.Cyanobacteria	2011.14	0.0	1005.57
los	1685	GCF.000018105.1.Bacteria.Cyanobacteria	2011.14	0.0	1005.57
spe	1679	1678	2001.685	1122.4185	1562.05175
spe	1678	1676	1122.4185	295.292	708.85525
spe	644	636	2211.125	2146.87	2178.9975
hgt	659	GCA.000830255.1.Bacteria.Campylobacterota	2073.72	0.0	1036.86
hgt	519	GCF.002109495.1.Bacteria.Proteobacteria	2801.035	0.0	1400.5175
hgt	406	GCA.001872725.1.Bacteria.Proteobacteria	2769.905	0.0	1384.9525
hgt	542	GCA.002352565.1.Bacteria.Proteobacteria	2266.915	0.0	1133.4575
hgt	551	GCA.002699105.1.Bacteria.Bacteroidota	1711.785	0.0	855.8925
hgt	565	GCF.002958735.1.Bacteria.Proteobacteria	2067.745	0.0	1033.8725
spe	636	634	2146.87	2007.49	2077.18
hgt	395	GCA.002402635.1.Bacteria.Deferribacterota	2049.66	0.0	1024.83
hgt	634	GCF.002020875.1.Bacteria.Proteobacteria	2007.49	0.0	1003.745
los	634	GCF.002020875.1.Bacteria.Proteobacteria	2007.49	0.0	1003.745
hgt	720	GCA.002347965.1.Bacteria.UBA2233	2734.075	0.0	1367.0375
hgt	463	462	1889.86	1641.635	1765.7475
hgt	458	GCA.002340345.1.Bacteria.Proteobacteria	2053.74	0.0	1026.87
hgt	736	GCA.001803795.1.Bacteria.Nitrospirota	2435.77	0.0	1217.885
hgt	536	GCF.900111015.1.Bacteria.Proteobacteria	2343.3	0.0	1171.65
hgt	568	GCA.002862435.1.Bacteria.Proteobacteria	2035.48	0.0	1017.74
hgt	498	GCF.000192575.1.Bacteria.Proteobacteria	1734.36	0.0	867.18
spe	463	462	1889.86	1641.635	1765.7475
hgt	495	GCF.003173035.1.Bacteria.Proteobacteria	1736.875	0.0	868.4375
dup	1421	1419	2272.78	2163.145	2217.9625
hgt	47	GCA.002494765.1.Archaea.Thermoplasmatota	2175.095	0.0	1087.5475
hgt	721	GCA.003230535.1.Bacteria.SZUA.182	2908.09	0.0	1454.045
hgt	93	GCF.000025525.1.Archaea.Methanobacteriota.A	2781.775	0.0	1390.8875
hgt	None	dead	0.0	0.0	0.0
hgt	None	dead	0.0	0.0	0.0
los	None	dead	0.0	0.0	0.0
hgt	1292	GCF.001950325.1.Bacteria.Firmicutes.B	2370.88	0.0	1185.44
spe	1421	1419	2272.78	2163.145	2217.9625
hgt	93	GCF.000025525.1.Archaea.Methanobacteriota.A	2781.775	0.0	1390.8875
spe	1421	1419	2272.78	2163.145	2217.9625
hgt	1285	1281	1868.68	1642.245	1755.4625
hgt	1173	GCA.002897715.1.Bacteria.Actinobacteriota	2194.99	0.0	1097.495
hgt	1263	GCA.002307275.1.Bacteria.Firmicutes.A	1696.805	0.0	848.4025
hgt	1350	GCF.001742305.1.Bacteria.Firmicutes	1969.515	0.0	984.7575
spe	1285	1281	1868.68	1642.245	1755.4625
hgt	1312	GCF.002607855.1.Bacteria.Firmicutes.B	2058.365	0.0	1029.1825
spe	1281	1280	1642.245	1441.56	1541.9025
hgt	1269	GCF.002252565.1.Bacteria.Firmicutes.A	2051.8	0.0	1025.9
hgt	84	GCF.000970205.1.Archaea.Halobacteriota	1868.445	0.0	934.2225
hgt	None	dead	0.0	0.0	0.0
hgt	None	dead	0.0	0.0	0.0
los	None	dead	0.0	0.0	0.0
hgt	885	884	2490.35	2409.27	2449.81
spe	885	884	2490.35	2409.27	2449.81
spe	883	GCA.001751085.1.Bacteria.Desulfobacterota	2107.355	0.0	1053.6775
los	883	GCA.001751085.1.Bacteria.Desulfobacterota	2107.355	0.0	1053.6775
spe	884	880	2409.27	2202.89	2306.08
hgt	880	GCA.001577715.1.Bacteria.Desulfobacterota	2202.89	0.0	1101.445
los	880	GCA.001577715.1.Bacteria.Desulfobacterota	2202.89	0.0	1101.445
