event	left_node	right_node	left_date	right_date	midpoint_date
spe	519	518	2628.48	2401.92	2515.2
spe	518	517	2401.92	2211.17	2306.545
spe	517	516	2211.17	2128.885	2170.0275
spe	428	GCA.002787615.1.Bacteria.Proteobacteria	2006.63	0.0	1003.315
los	428	GCA.002787615.1.Bacteria.Proteobacteria	2006.63	0.0	1003.315
spe	428	427	2006.63	1878.965	1942.7975
hgt	480	479	1431.52	1299.975	1365.7475
spe	480	479	1431.52	1299.975	1365.7475
spe	479	473	1299.975	1080.42	1190.1975
spe	479	478	1299.975	1214.595	1257.285
spe	478	477	1214.595	981.752	1098.1735
hgt	None	dead	0.0	0.0	0.0
hgt	None	dead	0.0	0.0	0.0
los	None	dead	0.0	0.0	0.0
spe	427	426	1878.965	1807.88	1843.4225
spe	425	424	1731.535	1615.695	1673.615
los	425	424	1731.535	1615.695	1673.615
spe	421	420	1585.16	1520.84	1553.0
los	421	420	1585.16	1520.84	1553.0
spe	426	416	1807.88	1500.62	1654.25
spe	416	415	1500.62	1271.57	1386.095
hgt	428	GCA.002787615.1.Bacteria.Proteobacteria	2006.63	0.0	1003.315
spe	516	515	2128.885	2002.575	2065.73
spe	515	514	2002.575	1851.4	1926.9875
hgt	None	dead	0.0	0.0	0.0
los	514	436	1851.4	1731.205	1791.3025
hgt	None	dead	0.0	0.0	0.0
los	None	dead	0.0	0.0	0.0
spe	514	513	1851.4	1786.09	1818.745
spe	513	483	1786.09	1736.705	1761.3975
spe	483	482	1736.705	1642.38	1689.5425
spe	481	480	1564.755	1431.52	1498.1375
los	481	480	1564.755	1431.52	1498.1375
spe	469	463	1451.305	1313.945	1382.625
los	469	463	1451.305	1313.945	1382.625
spe	468	467	1270.185	1108.71	1189.4475
los	468	467	1270.185	1108.71	1189.4475
spe	482	458	1642.38	1513.53	1577.955
hgt	439	GCF.001613805.1.Bacteria.Proteobacteria	1430.985	0.0	715.4925
spe	458	456	1513.53	1329.135	1421.3325
spe	456	455	1329.135	974.476	1151.8055
spe	454	GCA.002709155.1.Bacteria.Proteobacteria	839.502	0.0	419.751
los	454	GCA.002709155.1.Bacteria.Proteobacteria	839.502	0.0	419.751
spe	454	453	839.502	720.6325	780.06725
hgt	435	GCA.006969625.1.Bacteria.Proteobacteria	1539.415	0.0	769.7075
spe	483	447	1736.705	1590.07	1663.3875
hgt	447	439	1590.07	1430.985	1510.5275
los	447	439	1590.07	1430.985	1510.5275
spe	447	446	1590.07	1389.555	1489.8125
hgt	944	GCA.002712165.1.Bacteria.Proteobacteria	1432.315	0.0	716.1575
hgt	469	463	1451.305	1313.945	1382.625
spe	445	GCA.002717225.1.Bacteria.Proteobacteria	1267.47	0.0	633.735
los	445	GCA.002717225.1.Bacteria.Proteobacteria	1267.47	0.0	633.735
spe	444	GCA.002686135.1.Bacteria.Proteobacteria	1089.937	0.0	544.9685
los	444	GCA.002686135.1.Bacteria.Proteobacteria	1089.937	0.0	544.9685
hgt	None	dead	0.0	0.0	0.0
hgt	None	dead	0.0	0.0	0.0
los	None	dead	0.0	0.0	0.0
hgt	434	GCA.002238885.1.Bacteria.Proteobacteria	1329.5	0.0	664.75
spe	469	463	1451.305	1313.945	1382.625
spe	463	462	1313.945	1065.146	1189.5455
spe	513	512	1786.09	1671.055	1728.5725
hgt	None	dead	0.0	0.0	0.0
hgt	None	dead	0.0	0.0	0.0
los	None	dead	0.0	0.0	0.0
spe	512	511	1671.055	1589.625	1630.34
spe	511	489	1589.625	1225.83	1407.7275
hgt	489	GCA.002701885.1.Bacteria.Proteobacteria	1225.83	0.0	612.915
los	489	GCA.002701885.1.Bacteria.Proteobacteria	1225.83	0.0	612.915
spe	511	510	1589.625	1517.685	1553.655
hgt	None	dead	0.0	0.0	0.0
hgt	None	dead	0.0	0.0	0.0
los	None	dead	0.0	0.0	0.0
spe	510	492	1517.685	1247.39	1382.5375
spe	510	509	1517.685	1417.44	1467.5625
spe	495	GCA.002796975.1.Bacteria.Proteobacteria	1152.21	0.0	576.105
los	495	GCA.002796975.1.Bacteria.Proteobacteria	1152.21	0.0	576.105
spe	509	508	1417.44	1290.24	1353.84
spe	508	498	1290.24	1143.1505	1216.69525
hgt	498	GCA.002731375.1.Bacteria.Proteobacteria	1143.1505	0.0	571.57525
los	498	GCA.002731375.1.Bacteria.Proteobacteria	1143.1505	0.0	571.57525
spe	508	507	1290.24	1064.673	1177.4565
spe	506	GCA.001464215.1.Bacteria.Proteobacteria	1020.1165	0.0	510.05825
los	506	GCA.001464215.1.Bacteria.Proteobacteria	1020.1165	0.0	510.05825
spe	503	GCA.002280485.1.Bacteria.Proteobacteria	930.456	0.0	465.228
los	503	GCA.002280485.1.Bacteria.Proteobacteria	930.456	0.0	465.228
spe	503	501	930.456	746.3765	838.41625
spe	512	486	1671.055	1393.215	1532.135
hgt	169	168	1354.955	1286.485	1320.72
hgt	None	dead	0.0	0.0	0.0
hgt	None	dead	0.0	0.0	0.0
los	None	dead	0.0	0.0	0.0
spe	169	168	1354.955	1286.485	1320.72
spe	167	GCA.000004985.1.Eukaryota.Heterolobosea	1104.9615	0.0	552.48075
los	167	GCA.000004985.1.Eukaryota.Heterolobosea	1104.9615	0.0	552.48075
spe	167	166	1104.9615	870.936	987.94875
spe	166	165	870.936	603.2	737.068
hgt	170	GCA.000189635.1.Eukaryota.Ciliophora	1517.8	0.0	758.9
spe	168	160	1286.485	1191.64	1239.0625
spe	160	159	1191.64	1092.41	1142.025
hgt	467	GCA.002291925.1.Bacteria.Proteobacteria	1108.71	0.0	554.355
hgt	400	GCA.002401295.1.Bacteria.SAR324	2394.165	0.0	1197.0825
