event	left_node	right_node	left_date	right_date	midpoint_date
hgt	None	dead	0.0	0.0	0.0
hgt	None	dead	0.0	0.0	0.0
los	None	dead	0.0	0.0	0.0
spe	1701	1700	2117.68	2037.95	2077.815
spe	1700	1688	2037.95	1799.565	1918.7575
hgt	1672	GCF.002251945.1.Bacteria.Cyanobacteria	2154.84	0.0	1077.42
spe	1699	GCF.000317045.1.Bacteria.Cyanobacteria	1966.585	0.0	983.2925
los	1699	GCF.000317045.1.Bacteria.Cyanobacteria	1966.585	0.0	983.2925
dup	1699	1698	1966.585	1629.64	1798.1125
spe	1698	1692	1629.64	247.20855	938.42428
los	1698	1692	1629.64	247.20855	938.42428
spe	1697	Fischerella.muscicola.CCMEE5323	1386.915	0.0	693.4575
los	1697	Fischerella.muscicola.CCMEE5323	1386.915	0.0	693.4575
spe	1695	Nostoc.sp.PCC7120	955.3765	0.0	477.68825
los	1695	Nostoc.sp.PCC7120	955.3765	0.0	477.68825
spe	1699	1698	1966.585	1629.64	1798.1125
spe	1698	1692	1629.64	247.20855	938.42428
spe	1698	1697	1629.64	1386.915	1508.2775
spe	1695	GCF.000020025.1.Bacteria.Cyanobacteria	955.3765	0.0	477.68825
los	1695	GCF.000020025.1.Bacteria.Cyanobacteria	955.3765	0.0	477.68825
hgt	None	dead	0.0	0.0	0.0
spe	902	901	3241.035	3194.215	3217.625
spe	900	716	3136.94	2935.17	3036.055
los	900	716	3136.94	2935.17	3036.055
dup	900	899	3136.94	3089.895	3113.4175
spe	900	899	3136.94	3089.895	3113.4175
spe	899	898	3089.895	3060.73	3075.3125
spe	756	GCA.001790645.1.Bacteria.Schekmanbacteria	2888.115	0.0	1444.0575
los	756	GCA.001790645.1.Bacteria.Schekmanbacteria	2888.115	0.0	1444.0575
spe	754	746	2746.525	2548.44	2647.4825
los	754	746	2746.525	2548.44	2647.4825
spe	753	GCA.001803565.1.Bacteria.Nitrospinota.B	2583.27	0.0	1291.635
los	753	GCA.001803565.1.Bacteria.Nitrospinota.B	2583.27	0.0	1291.635
spe	751	GCA.002500605.1.Bacteria.Nitrospinota	2475.955	0.0	1237.9775
los	751	GCA.002500605.1.Bacteria.Nitrospinota	2475.955	0.0	1237.9775
spe	749	GCA.002705185.1.Bacteria.Nitrospinota	2363.875	0.0	1181.9375
los	749	GCA.002705185.1.Bacteria.Nitrospinota	2363.875	0.0	1181.9375
spe	897	896	3021.29	2913.21	2967.25
los	897	896	3021.29	2913.21	2967.25
spe	889	843	2916.985	2862.71	2889.8475
los	889	843	2916.985	2862.71	2889.8475
spe	888	887	2827.975	2727.215	2777.595
los	888	887	2827.975	2727.215	2777.595
spe	888	854	2827.975	2738.145	2783.06
spe	853	GCA.001797415.1.Bacteria.Desulfobacterota	2576.375	0.0	1288.1875
los	853	GCA.001797415.1.Bacteria.Desulfobacterota	2576.375	0.0	1288.1875
spe	854	850	2738.145	2713.455	2725.8
hgt	None	dead	0.0	0.0	0.0
los	850	849	2713.455	2490.935	2602.195
hgt	None	dead	0.0	0.0	0.0
los	None	dead	0.0	0.0	0.0
spe	846	GCA.002327765.1.Bacteria.Desulfobacterota.E	2541.4	0.0	1270.7
los	846	GCA.002327765.1.Bacteria.Desulfobacterota.E	2541.4	0.0	1270.7
spe	899	743	3089.895	3035.675	3062.785
spe	742	741	2922.825	2582.55	2752.6875
los	742	741	2922.825	2582.55	2752.6875
spe	738	728	2756.645	2549.51	2653.0775
los	738	728	2756.645	2549.51	2653.0775
spe	737	736	2630.42	2435.77	2533.095
los	737	736	2630.42	2435.77	2533.095
spe	733	732	2275.95	2077.52	2176.735
los	733	732	2275.95	2077.52	2176.735
spe	743	721	3035.675	2908.09	2971.8825
hgt	389	388	2948.12	2845.905	2897.0125
hgt	None	dead	0.0	0.0	0.0
hgt	None	dead	0.0	0.0	0.0
hgt	None	dead	0.0	0.0	0.0
los	None	dead	0.0	0.0	0.0
hgt	1387	1327	2902.155	2828.71	2865.4325
hgt	None	dead	0.0	0.0	0.0
hgt	None	dead	0.0	0.0	0.0
los	None	dead	0.0	0.0	0.0
spe	1387	1327	2902.155	2828.71	2865.4325
spe	1327	1289	2828.71	2635.61	2732.16
hgt	None	dead	0.0	0.0	0.0
hgt	None	dead	0.0	0.0	0.0
los	None	dead	0.0	0.0	0.0
spe	87	86	2144.39	2014.745	2079.5675
spe	86	84	2014.745	1868.445	1941.595
hgt	84	GCF.000970205.1.Archaea.Halobacteriota	1868.445	0.0	934.2225
los	84	GCF.000970205.1.Archaea.Halobacteriota	1868.445	0.0	934.2225
hgt	817	813	2468.695	2371.52	2420.1075
hgt	753	GCA.001803565.1.Bacteria.Nitrospinota.B	2583.27	0.0	1291.635
hgt	1289	GCA.002345475.1.Bacteria.Firmicutes.H	2635.61	0.0	1317.805
los	1289	GCA.002345475.1.Bacteria.Firmicutes.H	2635.61	0.0	1317.805
dup	817	813	2468.695	2371.52	2420.1075
spe	813	812	2371.52	2281.345	2326.4325
los	813	812	2371.52	2281.345	2326.4325
spe	807	GCA.002789955.1.Bacteria.Myxococcota	2202.835	0.0	1101.4175
los	807	GCA.002789955.1.Bacteria.Myxococcota	2202.835	0.0	1101.4175
hgt	None	dead	0.0	0.0	0.0
hgt	None	dead	0.0	0.0	0.0
los	None	dead	0.0	0.0	0.0
dup	248	GCA.001799695.1.Bacteria.Elusimicrobiota	1920.715	0.0	960.3575
hgt	None	dead	0.0	0.0	0.0
hgt	None	dead	0.0	0.0	0.0
los	None	dead	0.0	0.0	0.0
dup	248	GCA.001799695.1.Bacteria.Elusimicrobiota	1920.715	0.0	960.3575
spe	817	813	2468.695	2371.52	2420.1075
spe	812	GCA.002863065.1.Bacteria.Myxococcota	2281.345	0.0	1140.6725
los	812	GCA.002863065.1.Bacteria.Myxococcota	2281.345	0.0	1140.6725
spe	811	GCA.002726535.1.Bacteria.Myxococcota	2134.02	0.0	1067.01
los	811	GCA.002726535.1.Bacteria.Myxococcota	2134.02	0.0	1067.01
spe	807	GCA.002789955.1.Bacteria.Myxococcota	2202.835	0.0	1101.4175
los	807	GCA.002789955.1.Bacteria.Myxococcota	2202.835	0.0	1101.4175
dup	807	GCA.002841945.1.Bacteria.Myxococcota	2202.835	0.0	1101.4175
hgt	None	dead	0.0	0.0	0.0
hgt	None	dead	0.0	0.0	0.0
los	None	dead	0.0	0.0	0.0
dup	1289	1288	2635.61	2207.725	2421.6675
dup	1289	1288	2635.61	2207.725	2421.6675
dup	1289	1288	2635.61	2207.725	2421.6675
spe	1289	1288	2635.61	2207.725	2421.6675
spe	1287	GCA.002329525.1.Bacteria.Firmicutes.C	1965.585	0.0	982.7925
los	1287	GCA.002329525.1.Bacteria.Firmicutes.C	1965.585	0.0	982.7925
spe	1285	1284	1868.68	1576.575	1722.6275
los	1285	1284	1868.68	1576.575	1722.6275
spe	1281	1280	1642.245	1441.56	1541.9025
los	1281	1280	1642.245	1441.56	1541.9025
spe	1289	1288	2635.61	2207.725	2421.6675
spe	1287	GCA.002329525.1.Bacteria.Firmicutes.C	1965.585	0.0	982.7925
los	1287	GCA.002329525.1.Bacteria.Firmicutes.C	1965.585	0.0	982.7925
spe	1285	1284	1868.68	1576.575	1722.6275
los	1285	1284	1868.68	1576.575	1722.6275
dup	1285	1281	1868.68	1642.245	1755.4625
spe	1281	GCF.002257705.1.Bacteria.Firmicutes.C	1642.245	0.0	821.1225
los	1281	GCF.002257705.1.Bacteria.Firmicutes.C	1642.245	0.0	821.1225
spe	1280	GCF.000430605.1.Bacteria.Firmicutes.C	1441.56	0.0	720.78
los	1280	GCF.000430605.1.Bacteria.Firmicutes.C	1441.56	0.0	720.78
spe	1285	1281	1868.68	1642.245	1755.4625
spe	1281	1280	1642.245	1441.56	1541.9025
hgt	1288	GCA.002411145.1.Bacteria.Firmicutes.C	2207.725	0.0	1103.8625
spe	1288	GCA.002411145.1.Bacteria.Firmicutes.C	2207.725	0.0	1103.8625
los	1288	GCA.002411145.1.Bacteria.Firmicutes.C	2207.725	0.0	1103.8625
spe	1287	GCA.002329525.1.Bacteria.Firmicutes.C	1965.585	0.0	982.7925
los	1287	GCA.002329525.1.Bacteria.Firmicutes.C	1965.585	0.0	982.7925
spe	1285	1284	1868.68	1576.575	1722.6275
los	1285	1284	1868.68	1576.575	1722.6275
dup	1285	1281	1868.68	1642.245	1755.4625
dup	1285	1281	1868.68	1642.245	1755.4625
dup	1285	1281	1868.68	1642.245	1755.4625
hgt	1288	GCA.002411145.1.Bacteria.Firmicutes.C	2207.725	0.0	1103.8625
spe	1285	1281	1868.68	1642.245	1755.4625
spe	1280	GCF.000430605.1.Bacteria.Firmicutes.C	1441.56	0.0	720.78
los	1280	GCF.000430605.1.Bacteria.Firmicutes.C	1441.56	0.0	720.78
hgt	1264	GCA.900317035.1.Bacteria.Firmicutes.A	1943.29	0.0	971.645
spe	1285	1281	1868.68	1642.245	1755.4625
spe	1280	GCF.000430605.1.Bacteria.Firmicutes.C	1441.56	0.0	720.78
los	1280	GCF.000430605.1.Bacteria.Firmicutes.C	1441.56	0.0	720.78
spe	1285	1281	1868.68	1642.245	1755.4625
hgt	239	GCF.001027545.1.Bacteria.Elusimicrobiota	2146.715	0.0	1073.3575
spe	1281	1280	1642.245	1441.56	1541.9025
hgt	1281	GCF.002257705.1.Bacteria.Firmicutes.C	1642.245	0.0	821.1225
spe	1285	1281	1868.68	1642.245	1755.4625
spe	1280	GCF.000430605.1.Bacteria.Firmicutes.C	1441.56	0.0	720.78
los	1280	GCF.000430605.1.Bacteria.Firmicutes.C	1441.56	0.0	720.78
spe	1289	1288	2635.61	2207.725	2421.6675
spe	1287	GCA.002329525.1.Bacteria.Firmicutes.C	1965.585	0.0	982.7925
los	1287	GCA.002329525.1.Bacteria.Firmicutes.C	1965.585	0.0	982.7925
spe	1285	1284	1868.68	1576.575	1722.6275
los	1285	1284	1868.68	1576.575	1722.6275
spe	1285	1281	1868.68	1642.245	1755.4625
spe	1280	GCF.000430605.1.Bacteria.Firmicutes.C	1441.56	0.0	720.78
los	1280	GCF.000430605.1.Bacteria.Firmicutes.C	1441.56	0.0	720.78
hgt	93	GCF.000025525.1.Archaea.Methanobacteriota.A	2781.775	0.0	1390.8875
hgt	None	dead	0.0	0.0	0.0
hgt	None	dead	0.0	0.0	0.0
los	None	dead	0.0	0.0	0.0
spe	1421	1419	2272.78	2163.145	2217.9625
spe	1327	1326	2828.71	2719.225	2773.9675
spe	1292	GCF.000024605.1.Bacteria.Firmicutes.B	2370.88	0.0	1185.44
los	1292	GCF.000024605.1.Bacteria.Firmicutes.B	2370.88	0.0	1185.44
spe	1325	1297	2604.385	2420.65	2512.5175
los	1325	1297	2604.385	2420.65	2512.5175
spe	1324	1323	2536.255	2478.3	2507.2775
los	1324	1323	2536.255	2478.3	2507.2775
spe	1308	1300	2377.745	2090.18	2233.9625
los	1308	1300	2377.745	2090.18	2233.9625
spe	1307	GCA.000987045.1.Bacteria.Firmicutes.B	2196.38	0.0	1098.19
los	1307	GCA.000987045.1.Bacteria.Firmicutes.B	2196.38	0.0	1098.19
spe	1305	1304	2012.42	1697.92	1855.17
los	1305	1304	2012.42	1697.92	1855.17
dup	None	dead	0.0	0.0	0.0
hgt	None	dead	0.0	0.0	0.0
los	None	dead	0.0	0.0	0.0
hgt	None	dead	0.0	0.0	0.0
los	None	dead	0.0	0.0	0.0
hgt	None	dead	0.0	0.0	0.0
dup	None	dead	0.0	0.0	0.0
hgt	None	dead	0.0	0.0	0.0
los	None	dead	0.0	0.0	0.0
hgt	None	dead	0.0	0.0	0.0
los	None	dead	0.0	0.0	0.0
dup	1285	1281	1868.68	1642.245	1755.4625
spe	1281	GCF.002257705.1.Bacteria.Firmicutes.C	1642.245	0.0	821.1225
los	1281	GCF.002257705.1.Bacteria.Firmicutes.C	1642.245	0.0	821.1225
spe	1280	GCF.900104455.1.Bacteria.Firmicutes.C	1441.56	0.0	720.78
los	1280	GCF.900104455.1.Bacteria.Firmicutes.C	1441.56	0.0	720.78
hgt	1350	GCF.001742305.1.Bacteria.Firmicutes	1969.515	0.0	984.7575
spe	1285	1281	1868.68	1642.245	1755.4625
spe	1280	GCF.000430605.1.Bacteria.Firmicutes.C	1441.56	0.0	720.78
los	1280	GCF.000430605.1.Bacteria.Firmicutes.C	1441.56	0.0	720.78
hgt	None	dead	0.0	0.0	0.0
hgt	None	dead	0.0	0.0	0.0
hgt	None	dead	0.0	0.0	0.0
los	None	dead	0.0	0.0	0.0
spe	389	388	2948.12	2845.905	2897.0125
spe	388	376	2845.905	2638.94	2742.4225
hgt	376	374	2638.94	2303.81	2471.375
los	376	374	2638.94	2303.81	2471.375
spe	885	884	2490.35	2409.27	2449.81
spe	883	GCA.001751085.1.Bacteria.Desulfobacterota	2107.355	0.0	1053.6775
los	883	GCA.001751085.1.Bacteria.Desulfobacterota	2107.355	0.0	1053.6775
spe	884	880	2409.27	2202.89	2306.08
hgt	880	GCA.001577715.1.Bacteria.Desulfobacterota	2202.89	0.0	1101.445
los	880	GCA.001577715.1.Bacteria.Desulfobacterota	2202.89	0.0	1101.445
hgt	895	GCA.000739515.1.Bacteria.Moduliflexota	2668.13	0.0	1334.065
spe	388	387	2845.905	2737.525	2791.715
spe	387	383	2737.525	2480.61	2609.0675
hgt	383	381	2480.61	2192.73	2336.67
los	383	381	2480.61	2192.73	2336.67
spe	387	386	2737.525	2547.685	2642.605
hgt	297	293	2620.58	2421.68	2521.13
hgt	1651	GCA.003242895.1.Bacteria.Margulisbacteria	2569.225	0.0	1284.6125
hgt	320	GCA.003245715.1.Bacteria.Planctomycetota	2697.03	0.0	1348.515
spe	297	293	2620.58	2421.68	2521.13
hgt	265	GCA.003501375.1.Bacteria.Sumerlaeota	2505.165	0.0	1252.5825
hgt	397	GCF.000526155.1.Bacteria.Desulfobacterota	3038.98	0.0	1519.49
hgt	332	GCA.002704825.1.Bacteria.Planctomycetota	1728.22	0.0	864.11
hgt	932	GCA.002414805.1.Bacteria.Fibrobacterota	2324.52	0.0	1162.26
hgt	386	GCA.002450905.1.Bacteria.Spirochaetota	2547.685	0.0	1273.8425
los	386	GCA.002450905.1.Bacteria.Spirochaetota	2547.685	0.0	1273.8425
hgt	None	dead	0.0	0.0	0.0
los	None	dead	0.0	0.0	0.0
spe	1271	1270	2346.495	2201.025	2273.76
spe	1264	GCA.900317035.1.Bacteria.Firmicutes.A	1943.29	0.0	971.645
los	1264	GCA.900317035.1.Bacteria.Firmicutes.A	1943.29	0.0	971.645
spe	1263	GCA.002308775.1.Bacteria.Firmicutes.A	1696.805	0.0	848.4025
los	1263	GCA.002308775.1.Bacteria.Firmicutes.A	1696.805	0.0	848.4025
spe	1269	1268	2051.8	1820.865	1936.3325
los	1269	1268	2051.8	1820.865	1936.3325
hgt	None	dead	0.0	0.0	0.0
los	721	720	2908.09	2734.075	2821.0825
hgt	None	dead	0.0	0.0	0.0
los	None	dead	0.0	0.0	0.0
spe	1323	1319	2478.3	2388.655	2433.4775
spe	1319	1318	2388.655	2305.29	2346.9725
hgt	1318	1317	2305.29	1778.785	2042.0375
los	1318	1317	2305.29	1778.785	2042.0375
spe	1312	GCF.002607855.1.Bacteria.Firmicutes.B	2058.365	0.0	1029.1825
los	1312	GCF.002607855.1.Bacteria.Firmicutes.B	2058.365	0.0	1029.1825
spe	899	898	3089.895	3060.73	3075.3125
los	899	898	3089.895	3060.73	3075.3125
spe	899	743	3089.895	3035.675	3062.785
spe	721	GCA.003230535.1.Bacteria.SZUA.182	2908.09	0.0	1454.045
los	721	GCA.003230535.1.Bacteria.SZUA.182	2908.09	0.0	1454.045
spe	720	GCA.001775255.1.Bacteria.Desulfobacterota.D	2734.075	0.0	1367.0375
los	720	GCA.001775255.1.Bacteria.Desulfobacterota.D	2734.075	0.0	1367.0375
spe	742	741	2922.825	2582.55	2752.6875
los	742	741	2922.825	2582.55	2752.6875
spe	738	728	2756.645	2549.51	2653.0775
los	738	728	2756.645	2549.51	2653.0775
spe	737	736	2630.42	2435.77	2533.095
los	737	736	2630.42	2435.77	2533.095
spe	733	GCA.003235715.1.Bacteria.Nitrospirota	2275.95	0.0	1137.975
los	733	GCA.003235715.1.Bacteria.Nitrospirota	2275.95	0.0	1137.975
spe	732	GCA.002011735.1.Bacteria.Nitrospirota	2077.52	0.0	1038.76
los	732	GCA.002011735.1.Bacteria.Nitrospirota	2077.52	0.0	1038.76
spe	901	663	3194.215	3149.67	3171.9425
spe	397	GCF.000526155.1.Bacteria.Desulfobacterota	3038.98	0.0	1519.49
los	397	GCF.000526155.1.Bacteria.Desulfobacterota	3038.98	0.0	1519.49
spe	397	396	3038.98	2831.62	2935.3
spe	395	GCF.000487995.1.Bacteria.Deferribacterota	2049.66	0.0	1024.83
los	395	GCF.000487995.1.Bacteria.Deferribacterota	2049.66	0.0	1024.83
spe	662	400	3108.12	2693.845	2900.9825
los	662	400	3108.12	2693.845	2900.9825
spe	662	661	3108.12	3075.81	3091.965
spe	660	GCA.002395105.1.Bacteria.Proteobacteria	2810.715	0.0	1405.3575
los	660	GCA.002395105.1.Bacteria.Proteobacteria	2810.715	0.0	1405.3575
spe	659	GCF.000021725.1.Bacteria.Campylobacterota	2073.72	0.0	1036.86
los	659	GCF.000021725.1.Bacteria.Campylobacterota	2073.72	0.0	1036.86
spe	655	403	3042.74	2763.35	2903.045
los	655	403	3042.74	2763.35	2903.045
spe	655	654	3042.74	2959.21	3000.975
spe	654	520	2959.21	2901.66	2930.435
spe	406	GCF.002795805.1.Bacteria.Proteobacteria	2769.905	0.0	1384.9525
los	406	GCF.002795805.1.Bacteria.Proteobacteria	2769.905	0.0	1384.9525
spe	520	519	2901.66	2801.035	2851.3475
hgt	None	dead	0.0	0.0	0.0
hgt	None	dead	0.0	0.0	0.0
los	None	dead	0.0	0.0	0.0
hgt	None	dead	0.0	0.0	0.0
los	519	518	2801.035	2664.915	2732.975
hgt	None	dead	0.0	0.0	0.0
los	None	dead	0.0	0.0	0.0
spe	650	649	2528.52	2487.635	2508.0775
spe	543	539	2384.42	2248.565	2316.4925
los	543	539	2384.42	2248.565	2316.4925
spe	542	GCA.002631715.1.Bacteria.Proteobacteria	2266.915	0.0	1133.4575
los	542	GCA.002631715.1.Bacteria.Proteobacteria	2266.915	0.0	1133.4575
spe	649	648	2487.635	2440.92	2464.2775
spe	562	546	2333.93	2056.155	2195.0425
los	562	546	2333.93	2056.155	2195.0425
spe	561	560	2282.175	2138.97	2210.5725
los	561	560	2282.175	2138.97	2210.5725
spe	553	GCF.001641825.1.Bacteria.Proteobacteria	2172.955	0.0	1086.4775
los	553	GCF.001641825.1.Bacteria.Proteobacteria	2172.955	0.0	1086.4775
spe	552	GCF.001614315.2.Bacteria.Proteobacteria	1988.77	0.0	994.385
los	552	GCF.001614315.2.Bacteria.Proteobacteria	1988.77	0.0	994.385
spe	551	GCA.002746645.1.Bacteria.Proteobacteria	1711.785	0.0	855.8925
los	551	GCA.002746645.1.Bacteria.Proteobacteria	1711.785	0.0	855.8925
spe	647	646	2391.055	2358.03	2374.5425
los	647	646	2391.055	2358.03	2374.5425
spe	571	570	2282.495	2165.975	2224.235
los	571	570	2282.495	2165.975	2224.235
spe	565	GCF.000239355.1.Bacteria.Proteobacteria	2067.745	0.0	1033.8725
los	565	GCF.000239355.1.Bacteria.Proteobacteria	2067.745	0.0	1033.8725
spe	653	GCF.001399755.1.Bacteria.Proteobacteria	2771.345	0.0	1385.6725
los	653	GCF.001399755.1.Bacteria.Proteobacteria	2771.345	0.0	1385.6725
spe	652	526	2671.985	2470.255	2571.12
los	652	526	2671.985	2470.255	2571.12
spe	651	533	2583.355	2458.635	2520.995
los	651	533	2583.355	2458.635	2520.995
spe	651	650	2583.355	2528.52	2555.9375
spe	650	649	2528.52	2487.635	2508.0775
hgt	649	543	2487.635	2384.42	2436.0275
los	649	543	2487.635	2384.42	2436.0275
spe	648	562	2440.92	2333.93	2387.425
los	648	562	2440.92	2333.93	2387.425
spe	648	647	2440.92	2391.055	2415.9875
spe	571	565	2282.495	2067.745	2175.12
los	571	565	2282.495	2067.745	2175.12
spe	570	GCA.002255365.1.Bacteria.Proteobacteria	2165.975	0.0	1082.9875
los	570	GCA.002255365.1.Bacteria.Proteobacteria	2165.975	0.0	1082.9875
spe	568	GCF.001051235.1.Bacteria.Proteobacteria	2035.48	0.0	1017.74
los	568	GCF.001051235.1.Bacteria.Proteobacteria	2035.48	0.0	1017.74
spe	646	588	2358.03	2283.06	2320.545
los	646	588	2358.03	2283.06	2320.545
spe	645	631	2312.285	2258.31	2285.2975
los	645	631	2312.285	2258.31	2285.2975
spe	644	643	2211.125	2071.11	2141.1175
los	644	643	2211.125	2071.11	2141.1175
spe	636	GCA.002840095.1.Bacteria.Proteobacteria	2146.87	0.0	1073.435
los	636	GCA.002840095.1.Bacteria.Proteobacteria	2146.87	0.0	1073.435
spe	634	GCF.002020875.1.Bacteria.Proteobacteria	2007.49	0.0	1003.745
los	634	GCF.002020875.1.Bacteria.Proteobacteria	2007.49	0.0	1003.745
spe	650	536	2528.52	2343.3	2435.91
hgt	536	GCF.002940605.1.Bacteria.Proteobacteria	2343.3	0.0	1171.65
los	536	GCF.002940605.1.Bacteria.Proteobacteria	2343.3	0.0	1171.65
spe	483	482	2221.01	2151.75	2186.38
spe	458	456	2053.74	1898.57	1976.155
los	458	456	2053.74	1898.57	1976.155
spe	481	480	2091.815	1990.065	2040.94
los	481	480	2091.815	1990.065	2040.94
spe	469	468	2003.935	1847.82	1925.8775
los	469	468	2003.935	1847.82	1925.8775
spe	463	GCF.002251795.1.Bacteria.Proteobacteria	1889.86	0.0	944.93
los	463	GCF.002251795.1.Bacteria.Proteobacteria	1889.86	0.0	944.93
spe	463	462	1889.86	1641.635	1765.7475
hgt	495	GCF.003173035.1.Bacteria.Proteobacteria	1736.875	0.0	868.4375
hgt	498	GCF.000192575.1.Bacteria.Proteobacteria	1734.36	0.0	867.18
hgt	None	dead	0.0	0.0	0.0
los	None	dead	0.0	0.0	0.0
spe	1720	1719	2606.445	2506.285	2556.365
spe	1718	1717	2393.24	2268.17	2330.705
los	1718	1717	2393.24	2268.17	2330.705
spe	1704	1672	2299.84	2154.84	2227.34
los	1704	1672	2299.84	2154.84	2227.34
spe	1704	1703	2299.84	2220.145	2259.9925
spe	1703	1702	2220.145	2160.51	2190.3275
spe	1701	1700	2117.68	2037.95	2077.815
los	1701	1700	2117.68	2037.95	2077.815
spe	1685	GCF.000018105.1.Bacteria.Cyanobacteria	2011.14	0.0	1005.57
los	1685	GCF.000018105.1.Bacteria.Cyanobacteria	2011.14	0.0	1005.57
spe	1684	GCA.001698445.1.Bacteria.Cyanobacteria	1851.405	0.0	925.7025
los	1684	GCA.001698445.1.Bacteria.Cyanobacteria	1851.405	0.0	925.7025
spe	1679	GCF.000473895.1.Bacteria.Cyanobacteria	2001.685	0.0	1000.8425
los	1679	GCF.000473895.1.Bacteria.Cyanobacteria	2001.685	0.0	1000.8425
spe	1679	1678	2001.685	1122.4185	1562.05175
spe	1678	1676	1122.4185	295.292	708.85525
