event	left_node	right_node	left_date	right_date	midpoint_date
dup	1393	1392	3339.09	3284.295	3311.6925
spe	1393	1392	3339.09	3284.295	3311.6925
spe	1391	1211	3133.07	3013.88	3073.475
los	1391	1211	3133.07	3013.88	3073.475
spe	1391	1390	3133.07	3070.6	3101.835
spe	1389	1388	3027.58	2941.055	2984.3175
los	1389	1388	3027.58	2941.055	2984.3175
spe	1237	1236	2784.985	2683.21	2734.0975
los	1237	1236	2784.985	2683.21	2734.0975
spe	1221	GCA.002375895.1.Bacteria.Firmicutes.E	2447.11	0.0	1223.555
los	1221	GCA.002375895.1.Bacteria.Firmicutes.E	2447.11	0.0	1223.555
spe	1218	GCA.001513125.1.Bacteria.DTU030	2947.155	0.0	1473.5775
los	1218	GCA.001513125.1.Bacteria.DTU030	2947.155	0.0	1473.5775
spe	1216	1215	2550.05	2030.585	2290.3175
los	1216	1215	2550.05	2030.585	2290.3175
spe	1392	1188	3284.295	3109.515	3196.905
hgt	1233	GCA.002291985.1.Bacteria.Firmicutes.E	2039.805	0.0	1019.9025
spe	1188	1187	3109.515	3068.88	3089.1975
spe	1133	GCA.002366545.1.Bacteria.Actinobacteriota	2731.5	0.0	1365.75
los	1133	GCA.002366545.1.Bacteria.Actinobacteriota	2731.5	0.0	1365.75
hgt	1477	1476	3065.68	2948.885	3007.2825
spe	1187	1186	3068.88	3002.725	3035.8025
spe	1185	1169	2913.82	2691.26	2802.54
los	1185	1169	2913.82	2691.26	2802.54
spe	1184	1183	2836.38	2457.105	2646.7425
los	1184	1183	2836.38	2457.105	2646.7425
spe	1180	GCF.001029505.1.Bacteria.Actinobacteriota	2587.79	0.0	1293.895
los	1180	GCF.001029505.1.Bacteria.Actinobacteriota	2587.79	0.0	1293.895
spe	1179	1178	2376.455	2241.835	2309.145
los	1179	1178	2376.455	2241.835	2309.145
spe	1173	GCA.002897715.1.Bacteria.Actinobacteriota	2194.99	0.0	1097.495
los	1173	GCA.002897715.1.Bacteria.Actinobacteriota	2194.99	0.0	1097.495
dup	1186	1136	3002.725	2691.07	2846.8975
spe	1136	GCA.003157385.1.Bacteria.Actinobacteriota	2691.07	0.0	1345.535
los	1136	GCA.003157385.1.Bacteria.Actinobacteriota	2691.07	0.0	1345.535
dup	1186	1136	3002.725	2691.07	2846.8975
spe	1136	GCA.003157385.1.Bacteria.Actinobacteriota	2691.07	0.0	1345.535
los	1136	GCA.003157385.1.Bacteria.Actinobacteriota	2691.07	0.0	1345.535
spe	1186	1136	3002.725	2691.07	2846.8975
hgt	None	dead	0.0	0.0	0.0
spe	1477	1476	3065.68	2948.885	3007.2825
spe	1476	1454	2948.885	2633.59	2791.2375
hgt	1454	1453	2633.59	2571.245	2602.4175
los	1454	1453	2633.59	2571.245	2602.4175
spe	742	741	2922.825	2582.55	2752.6875
hgt	1430	GCA.002239025.1.Bacteria.Chloroflexota	2636.055	0.0	1318.0275
hgt	924	GCA.003221825.1.Bacteria.Gemmatimonadota	2422.26	0.0	1211.13
hgt	1163	GCF.000384115.1.Bacteria.Actinobacteriota	1488.035	0.0	744.0175
spe	1454	1446	2633.59	2467.265	2550.4275
spe	1440	1439	2358.68	2159.315	2258.9975
los	1440	1439	2358.68	2159.315	2258.9975
spe	1446	1445	2467.265	2304.44	2385.8525
hgt	1445	1444	2304.44	2137.48	2220.96
los	1445	1444	2304.44	2137.48	2220.96
hgt	1667	GCA.003503675.1.Bacteria.Cyanobacteria	2851.115	0.0	1425.5575
hgt	None	dead	0.0	0.0	0.0
dup	None	dead	0.0	0.0	0.0
hgt	None	dead	0.0	0.0	0.0
los	None	dead	0.0	0.0	0.0
dup	None	dead	0.0	0.0	0.0
hgt	None	dead	0.0	0.0	0.0
los	None	dead	0.0	0.0	0.0
hgt	None	dead	0.0	0.0	0.0
los	None	dead	0.0	0.0	0.0
spe	888	887	2827.975	2727.215	2777.595
spe	887	886	2727.215	2570.925	2649.07
hgt	None	dead	0.0	0.0	0.0
los	886	874	2570.925	2502.96	2536.9425
hgt	None	dead	0.0	0.0	0.0
los	None	dead	0.0	0.0	0.0
spe	885	884	2490.35	2409.27	2449.81
los	885	884	2490.35	2409.27	2449.81
spe	877	GCF.000620765.1.Bacteria.Desulfobacterota.I	2406.095	0.0	1203.0475
los	877	GCF.000620765.1.Bacteria.Desulfobacterota.I	2406.095	0.0	1203.0475
spe	887	863	2727.215	2597.055	2662.135
dup	863	862	2597.055	2368.33	2482.6925
spe	862	GCA.002782605.1.Bacteria.Desulfobacterota	2368.33	0.0	1184.165
los	862	GCA.002782605.1.Bacteria.Desulfobacterota	2368.33	0.0	1184.165
spe	861	GCA.002327985.1.Bacteria.Desulfobacterota	2265.965	0.0	1132.9825
los	861	GCA.002327985.1.Bacteria.Desulfobacterota	2265.965	0.0	1132.9825
spe	863	862	2597.055	2368.33	2482.6925
spe	861	GCA.001304105.1.Bacteria.Desulfobacterota	2265.965	0.0	1132.9825
los	861	GCA.001304105.1.Bacteria.Desulfobacterota	2265.965	0.0	1132.9825
spe	863	857	2597.055	2515.41	2556.2325
hgt	801	GCA.002328485.1.Bacteria.Desulfobacterota.G	2578.84	0.0	1289.42
hgt	883	GCA.000961655.1.Bacteria.Desulfobacterota	2107.355	0.0	1053.6775
hgt	857	GCA.002010915.1.Bacteria.Desulfobacterota	2515.41	0.0	1257.705
los	857	GCA.002010915.1.Bacteria.Desulfobacterota	2515.41	0.0	1257.705
spe	1476	1475	2948.885	2883.705	2916.295
spe	1463	1457	2750.56	2476.295	2613.4275
los	1463	1457	2750.56	2476.295	2613.4275
spe	1462	1461	2688.275	2433.39	2560.8325
los	1462	1461	2688.275	2433.39	2560.8325
hgt	1387	1327	2902.155	2828.71	2865.4325
spe	1474	1473	2804.86	2043.005	2423.9325
los	1474	1473	2804.86	2043.005	2423.9325
spe	1470	1469	2595.865	2472.76	2534.3125
los	1470	1469	2595.865	2472.76	2534.3125
spe	1387	1327	2902.155	2828.71	2865.4325
spe	1289	GCA.002345475.1.Bacteria.Firmicutes.H	2635.61	0.0	1317.805
los	1289	GCA.002345475.1.Bacteria.Firmicutes.H	2635.61	0.0	1317.805
spe	1289	1288	2635.61	2207.725	2421.6675
spe	1288	1287	2207.725	1965.585	2086.655
hgt	1287	GCA.002329525.1.Bacteria.Firmicutes.C	1965.585	0.0	982.7925
los	1287	GCA.002329525.1.Bacteria.Firmicutes.C	1965.585	0.0	982.7925
spe	1285	1284	1868.68	1576.575	1722.6275
los	1285	1284	1868.68	1576.575	1722.6275
spe	1281	1280	1642.245	1441.56	1541.9025
los	1281	1280	1642.245	1441.56	1541.9025
hgt	1697	Fischerella.muscicola.CCMEE5323	1386.915	0.0	693.4575
hgt	1280	GCF.000430605.1.Bacteria.Firmicutes.C	1441.56	0.0	720.78
dup	1327	1326	2828.71	2719.225	2773.9675
spe	1326	1292	2719.225	2370.88	2545.0525
los	1326	1292	2719.225	2370.88	2545.0525
spe	1326	1325	2719.225	2604.385	2661.805
spe	1297	1296	2420.65	2280.145	2350.3975
los	1297	1296	2420.65	2280.145	2350.3975
spe	1324	1308	2536.255	2377.745	2457.0
los	1324	1308	2536.255	2377.745	2457.0
spe	1323	1322	2478.3	2209.475	2343.8875
los	1323	1322	2478.3	2209.475	2343.8875
spe	1323	1319	2478.3	2388.655	2433.4775
spe	1318	1317	2305.29	1778.785	2042.0375
los	1318	1317	2305.29	1778.785	2042.0375
spe	1312	GCF.000019165.1.Bacteria.Firmicutes.B	2058.365	0.0	1029.1825
los	1312	GCF.000019165.1.Bacteria.Firmicutes.B	2058.365	0.0	1029.1825
hgt	1338	GCF.002335525.1.Bacteria.Firmicutes	2111.765	0.0	1055.8825
spe	1327	1326	2828.71	2719.225	2773.9675
spe	1326	1292	2719.225	2370.88	2545.0525
hgt	1292	GCF.000024605.1.Bacteria.Firmicutes.B	2370.88	0.0	1185.44
los	1292	GCF.000024605.1.Bacteria.Firmicutes.B	2370.88	0.0	1185.44
hgt	1227	GCA.003242675.1.Bacteria.Firmicutes.E	2407.625	0.0	1203.8125
hgt	1136	GCA.001768645.1.Bacteria.Actinobacteriota	2691.07	0.0	1345.535
dup	1326	1325	2719.225	2604.385	2661.805
spe	1326	1325	2719.225	2604.385	2661.805
hgt	1274	1240	2802.895	2549.06	2675.9775
spe	1324	1323	2536.255	2478.3	2507.2775
los	1324	1323	2536.255	2478.3	2507.2775
spe	1308	1300	2377.745	2090.18	2233.9625
los	1308	1300	2377.745	2090.18	2233.9625
spe	1307	GCA.000987045.1.Bacteria.Firmicutes.B	2196.38	0.0	1098.19
los	1307	GCA.000987045.1.Bacteria.Firmicutes.B	2196.38	0.0	1098.19
spe	1305	1304	2012.42	1697.92	1855.17
los	1305	1304	2012.42	1697.92	1855.17
spe	1274	1240	2802.895	2549.06	2675.9775
spe	1297	GCA.002329495.1.Bacteria.Firmicutes.B	2420.65	0.0	1210.325
los	1297	GCA.002329495.1.Bacteria.Firmicutes.B	2420.65	0.0	1210.325
spe	1297	1296	2420.65	2280.145	2350.3975
dup	1326	1325	2719.225	2604.385	2661.805
spe	1325	1297	2604.385	2420.65	2512.5175
los	1325	1297	2604.385	2420.65	2512.5175
spe	1324	1323	2536.255	2478.3	2507.2775
los	1324	1323	2536.255	2478.3	2507.2775
spe	1308	1300	2377.745	2090.18	2233.9625
los	1308	1300	2377.745	2090.18	2233.9625
spe	1307	1305	2196.38	2012.42	2104.4
los	1307	1305	2196.38	2012.42	2104.4
hgt	1210	1209	2923.75	2688.15	2805.95
spe	1325	1297	2604.385	2420.65	2512.5175
los	1325	1297	2604.385	2420.65	2512.5175
spe	1324	1323	2536.255	2478.3	2507.2775
los	1324	1323	2536.255	2478.3	2507.2775
spe	1324	1308	2536.255	2377.745	2457.0
spe	1307	GCA.000987045.1.Bacteria.Firmicutes.B	2196.38	0.0	1098.19
los	1307	GCA.000987045.1.Bacteria.Firmicutes.B	2196.38	0.0	1098.19
spe	1305	GCF.002207765.1.Bacteria.Firmicutes.B	2012.42	0.0	1006.21
los	1305	GCF.002207765.1.Bacteria.Firmicutes.B	2012.42	0.0	1006.21
spe	1304	GCA.001508005.1.Bacteria.Firmicutes.B	1697.92	0.0	848.96
los	1304	GCA.001508005.1.Bacteria.Firmicutes.B	1697.92	0.0	848.96
hgt	1203	GCA.002399265.1.Bacteria.Firmicutes.G	2369.03	0.0	1184.515
hgt	None	dead	0.0	0.0	0.0
hgt	None	dead	0.0	0.0	0.0
los	None	dead	0.0	0.0	0.0
spe	1308	1300	2377.745	2090.18	2233.9625
hgt	1380	GCF.001049895.1.Bacteria.Firmicutes	2120.065	0.0	1060.0325
spe	1210	1209	2923.75	2688.15	2805.95
spe	1208	GCA.900016865.1.Bacteria.Firmicutes.G	2545.345	0.0	1272.6725
los	1208	GCA.900016865.1.Bacteria.Firmicutes.G	2545.345	0.0	1272.6725
dup	None	dead	0.0	0.0	0.0
hgt	None	dead	0.0	0.0	0.0
los	None	dead	0.0	0.0	0.0
hgt	None	dead	0.0	0.0	0.0
los	None	dead	0.0	0.0	0.0
spe	1393	1392	3339.09	3284.295	3311.6925
hgt	None	dead	0.0	0.0	0.0
hgt	None	dead	0.0	0.0	0.0
los	None	dead	0.0	0.0	0.0
spe	1381	1351	2205.155	2134.51	2169.8325
spe	1347	GCF.900099895.1.Bacteria.Firmicutes	1852.54	0.0	926.27
los	1347	GCF.900099895.1.Bacteria.Firmicutes	1852.54	0.0	926.27
spe	1350	GCF.000942395.1.Bacteria.Firmicutes	1969.515	0.0	984.7575
los	1350	GCF.000942395.1.Bacteria.Firmicutes	1969.515	0.0	984.7575
spe	1392	1391	3284.295	3133.07	3208.6825
hgt	898	897	3060.73	3021.29	3041.01
spe	1391	1211	3133.07	3013.88	3073.475
hgt	None	dead	0.0	0.0	0.0
los	1211	1210	3013.88	2923.75	2968.815
hgt	None	dead	0.0	0.0	0.0
los	None	dead	0.0	0.0	0.0
spe	1199	1198	2856.305	2678.675	2767.49
los	1199	1198	2856.305	2678.675	2767.49
spe	1191	GCA.002399235.1.Bacteria.Firmicutes.G	2563.43	0.0	1281.715
los	1191	GCA.002399235.1.Bacteria.Firmicutes.G	2563.43	0.0	1281.715
dup	1191	GCA.002408345.1.Bacteria.Firmicutes.G	2563.43	0.0	1281.715
hgt	None	dead	0.0	0.0	0.0
dup	898	897	3060.73	3021.29	3041.01
spe	898	897	3060.73	3021.29	3041.01
spe	889	843	2916.985	2862.71	2889.8475
los	889	843	2916.985	2862.71	2889.8475
spe	888	887	2827.975	2727.215	2777.595
los	888	887	2827.975	2727.215	2777.595
spe	854	853	2738.145	2576.375	2657.26
los	854	853	2738.145	2576.375	2657.26
spe	850	846	2713.455	2541.4	2627.4275
los	850	846	2713.455	2541.4	2627.4275
spe	849	GCA.001896555.1.Bacteria.Desulfobacterota	2490.935	0.0	1245.4675
los	849	GCA.001896555.1.Bacteria.Desulfobacterota	2490.935	0.0	1245.4675
spe	897	896	3021.29	2913.21	2967.25
spe	895	GCA.002897695.1.Bacteria.BMS3Abin14	2668.13	0.0	1334.065
los	895	GCA.002897695.1.Bacteria.BMS3Abin14	2668.13	0.0	1334.065
hgt	None	dead	0.0	0.0	0.0
hgt	None	dead	0.0	0.0	0.0
los	None	dead	0.0	0.0	0.0
hgt	896	892	2913.21	2624.55	2768.88
los	896	892	2913.21	2624.55	2768.88
spe	898	897	3060.73	3021.29	3041.01
spe	897	896	3021.29	2913.21	2967.25
spe	896	892	2913.21	2624.55	2768.88
hgt	892	GCA.001873295.1.Bacteria.CG2.30.70.394	2624.55	0.0	1312.275
los	892	GCA.001873295.1.Bacteria.CG2.30.70.394	2624.55	0.0	1312.275
hgt	886	874	2570.925	2502.96	2536.9425
spe	886	874	2570.925	2502.96	2536.9425
hgt	517	516	2543.2	2488.715	2515.9575
hgt	737	736	2630.42	2435.77	2533.095
spe	868	GCA.002347095.1.Bacteria.Desulfobacterota	2357.855	0.0	1178.9275
los	868	GCA.002347095.1.Bacteria.Desulfobacterota	2357.855	0.0	1178.9275
spe	866	GCA.003194485.1.Bacteria.Desulfobacterota	2095.425	0.0	1047.7125
los	866	GCA.003194485.1.Bacteria.Desulfobacterota	2095.425	0.0	1047.7125
spe	737	736	2630.42	2435.77	2533.095
hgt	737	733	2630.42	2275.95	2453.185
spe	737	733	2630.42	2275.95	2453.185
spe	732	GCA.002011735.1.Bacteria.Nitrospirota	2077.52	0.0	1038.76
los	732	GCA.002011735.1.Bacteria.Nitrospirota	2077.52	0.0	1038.76
spe	517	516	2543.2	2488.715	2515.9575
spe	428	GCA.002787615.1.Bacteria.Proteobacteria	2413.865	0.0	1206.9325
los	428	GCA.002787615.1.Bacteria.Proteobacteria	2413.865	0.0	1206.9325
spe	427	GCA.002422845.1.Bacteria.Proteobacteria	2336.125	0.0	1168.0625
los	427	GCA.002422845.1.Bacteria.Proteobacteria	2336.125	0.0	1168.0625
spe	426	425	2289.93	2240.73	2265.33
los	426	425	2289.93	2240.73	2265.33
spe	416	415	2073.61	1888.055	1980.8325
los	416	415	2073.61	1888.055	1980.8325
spe	515	GCA.002632265.1.Bacteria.Proteobacteria	2401.52	0.0	1200.76
los	515	GCA.002632265.1.Bacteria.Proteobacteria	2401.52	0.0	1200.76
spe	515	514	2401.52	2299.515	2350.5175
hgt	None	dead	0.0	0.0	0.0
spe	514	436	2299.515	2217.14	2258.3275
spe	435	GCA.006969625.1.Bacteria.Proteobacteria	2071.245	0.0	1035.6225
los	435	GCA.006969625.1.Bacteria.Proteobacteria	2071.245	0.0	1035.6225
spe	434	GCA.002238885.1.Bacteria.Proteobacteria	1886.935	0.0	943.4675
los	434	GCA.002238885.1.Bacteria.Proteobacteria	1886.935	0.0	943.4675
hgt	598	GCA.002292285.1.Bacteria.Proteobacteria	1497.41	0.0	748.705
hgt	None	dead	0.0	0.0	0.0
los	None	dead	0.0	0.0	0.0
spe	454	453	1369.765	1231.6385	1300.70175
hgt	560	GCA.001735895.1.Bacteria.Proteobacteria	2138.97	0.0	1069.485
hgt	551	GCA.002746645.1.Bacteria.Proteobacteria	1711.785	0.0	855.8925
hgt	581	GCA.002868855.1.Bacteria.Proteobacteria	1845.545	0.0	922.7725
hgt	558	GCA.002386945.1.Bacteria.Proteobacteria	1998.285	0.0	999.1425
hgt	435	GCA.006969625.1.Bacteria.Proteobacteria	2071.245	0.0	1035.6225
hgt	796	GCA.002238415.1.Bacteria.Desulfobacterota.B	2368.175	0.0	1184.0875
dup	514	513	2299.515	2253.55	2276.5325
spe	514	513	2299.515	2253.55	2276.5325
spe	513	483	2253.55	2221.01	2237.28
spe	447	439	2113.215	1983.035	2048.125
los	447	439	2113.215	1983.035	2048.125
spe	447	446	2113.215	1951.09	2032.1525
spe	445	GCA.002717225.1.Bacteria.Proteobacteria	1836.495	0.0	918.2475
los	445	GCA.002717225.1.Bacteria.Proteobacteria	1836.495	0.0	918.2475
spe	444	GCA.002348425.1.Bacteria.Proteobacteria	1669.2	0.0	834.6
los	444	GCA.002348425.1.Bacteria.Proteobacteria	1669.2	0.0	834.6
hgt	600	GCA.002007425.1.Bacteria.Proteobacteria	1814.2	0.0	907.1
spe	482	458	2151.75	2053.74	2102.745
los	482	458	2151.75	2053.74	2102.745
spe	481	480	2091.815	1990.065	2040.94
los	481	480	2091.815	1990.065	2040.94
spe	469	468	2003.935	1847.82	1925.8775
los	469	468	2003.935	1847.82	1925.8775
spe	463	GCF.002251795.1.Bacteria.Proteobacteria	1889.86	0.0	944.93
los	463	GCF.002251795.1.Bacteria.Proteobacteria	1889.86	0.0	944.93
spe	463	462	1889.86	1641.635	1765.7475
hgt	506	GCA.001464215.1.Bacteria.Proteobacteria	1610.765	0.0	805.3825
hgt	495	GCA.002796975.1.Bacteria.Proteobacteria	1736.875	0.0	868.4375
hgt	592	GCF.000024725.1.Bacteria.Proteobacteria	1879.945	0.0	939.9725
hgt	456	GCF.002148795.1.Bacteria.Proteobacteria	1898.57	0.0	949.285
hgt	552	GCF.001614315.2.Bacteria.Proteobacteria	1988.77	0.0	994.385
spe	512	486	2172.63	1956.2	2064.415
los	512	486	2172.63	1956.2	2064.415
spe	512	511	2172.63	2112.01	2142.32
spe	511	489	2112.01	1797.555	1954.7825
hgt	489	GCA.002701885.1.Bacteria.Proteobacteria	1797.555	0.0	898.7775
los	489	GCA.002701885.1.Bacteria.Proteobacteria	1797.555	0.0	898.7775
spe	510	509	2056.505	1977.465	2016.985
los	510	509	2056.505	1977.465	2016.985
spe	510	492	2056.505	1826.375	1941.44
spe	514	513	2299.515	2253.55	2276.5325
spe	512	486	2172.63	1956.2	2064.415
los	512	486	2172.63	1956.2	2064.415
spe	511	489	2112.01	1797.555	1954.7825
los	511	489	2112.01	1797.555	1954.7825
spe	510	492	2056.505	1826.375	1941.44
los	510	492	2056.505	1826.375	1941.44
spe	509	495	1977.465	1736.875	1857.17
los	509	495	1977.465	1736.875	1857.17
spe	508	507	1872.275	1662.025	1767.15
los	508	507	1872.275	1662.025	1767.15
spe	498	GCF.000192575.1.Bacteria.Proteobacteria	1734.36	0.0	867.18
los	498	GCF.000192575.1.Bacteria.Proteobacteria	1734.36	0.0	867.18
spe	513	483	2253.55	2221.01	2237.28
hgt	483	482	2221.01	2151.75	2186.38
los	483	482	2221.01	2151.75	2186.38
spe	447	439	2113.215	1983.035	2048.125
los	447	439	2113.215	1983.035	2048.125
spe	446	GCA.002717185.1.Bacteria.Proteobacteria	1951.09	0.0	975.545
los	446	GCA.002717185.1.Bacteria.Proteobacteria	1951.09	0.0	975.545
spe	445	444	1836.495	1669.2	1752.8475
los	445	444	1836.495	1669.2	1752.8475
hgt	699	698	2612.33	2454.615	2533.4725
spe	873	GCA.002011835.1.Bacteria.Desulfobacterota	2374.525	0.0	1187.2625
los	873	GCA.002011835.1.Bacteria.Desulfobacterota	2374.525	0.0	1187.2625
spe	873	871	2374.525	2172.555	2273.54
hgt	746	GCA.002238965.1.Bacteria.UBA8248	2548.44	0.0	1274.22
hgt	877	GCF.000620765.1.Bacteria.Desulfobacterota.I	2406.095	0.0	1203.0475
hgt	1058	GCF.000233775.1.Bacteria.Synergistota	2874.585	0.0	1437.2925
hgt	376	GCA.002418835.1.Bacteria.Spirochaetota	2638.94	0.0	1319.47
hgt	395	GCA.002402635.1.Bacteria.Deferribacterota	2049.66	0.0	1024.83
hgt	849	GCA.001896555.1.Bacteria.Desulfobacterota	2490.935	0.0	1245.4675
hgt	188	GCA.001787855.1.Bacteria.Riflebacteria	3243.0	0.0	1621.5
hgt	None	dead	0.0	0.0	0.0
hgt	None	dead	0.0	0.0	0.0
los	None	dead	0.0	0.0	0.0
hgt	None	dead	0.0	0.0	0.0
hgt	None	dead	0.0	0.0	0.0
los	None	dead	0.0	0.0	0.0
spe	602	601	2136.455	2005.515	2070.985
spe	601	600	2005.515	1814.2	1909.8575
hgt	600	GCA.002007425.1.Bacteria.Proteobacteria	1814.2	0.0	907.1
los	600	GCA.002007425.1.Bacteria.Proteobacteria	1814.2	0.0	907.1
spe	600	598	1814.2	1497.41	1655.805
hgt	598	GCA.002170535.1.Bacteria.Proteobacteria	1497.41	0.0	748.705
los	598	GCA.002170535.1.Bacteria.Proteobacteria	1497.41	0.0	748.705
spe	601	595	2005.515	1816.095	1910.805
hgt	595	GCA.002389045.1.Bacteria.Proteobacteria	1816.095	0.0	908.0475
los	595	GCA.002389045.1.Bacteria.Proteobacteria	1816.095	0.0	908.0475
hgt	None	dead	0.0	0.0	0.0
hgt	None	dead	0.0	0.0	0.0
los	None	dead	0.0	0.0	0.0
spe	699	698	2612.33	2454.615	2533.4725
spe	686	684	2295.75	1980.48	2138.115
los	686	684	2295.75	1980.48	2138.115
spe	697	696	2258.95	2077.305	2168.1275
los	697	696	2258.95	2077.305	2168.1275
spe	896	895	2913.21	2668.13	2790.67
hgt	746	GCF.900079095.1.Bacteria.Tectomicrobia	2548.44	0.0	1274.22
hgt	668	GCA.001775755.1.Bacteria.Acidobacteriota	2182.81	0.0	1091.405
hgt	603	602	2200.665	2136.455	2168.56
hgt	359	GCA.001302825.1.Bacteria.Planctomycetota	2462.325	0.0	1231.1625
hgt	895	GCA.000739515.1.Bacteria.Moduliflexota	2668.13	0.0	1334.065
los	895	GCA.000739515.1.Bacteria.Moduliflexota	2668.13	0.0	1334.065
spe	603	602	2200.665	2136.455	2168.56
spe	601	600	2005.515	1814.2	1909.8575
los	601	600	2005.515	1814.2	1909.8575
spe	595	GCA.002454015.1.Bacteria.Proteobacteria	1816.095	0.0	908.0475
los	595	GCA.002454015.1.Bacteria.Proteobacteria	1816.095	0.0	908.0475
spe	592	GCF.000024725.1.Bacteria.Proteobacteria	1879.945	0.0	939.9725
los	592	GCF.000024725.1.Bacteria.Proteobacteria	1879.945	0.0	939.9725
dup	897	889	3021.29	2916.985	2969.1375
hgt	397	GCF.000526155.1.Bacteria.Desulfobacterota	3038.98	0.0	1519.49
spe	897	889	3021.29	2916.985	2969.1375
spe	889	843	2916.985	2862.71	2889.8475
hgt	None	dead	0.0	0.0	0.0
los	843	783	2862.71	2802.765	2832.7375
hgt	None	dead	0.0	0.0	0.0
los	None	dead	0.0	0.0	0.0
spe	842	798	2805.65	2657.78	2731.715
los	842	798	2805.65	2657.78	2731.715
spe	842	841	2805.65	2762.435	2784.0425
spe	801	GCA.002328485.1.Bacteria.Desulfobacterota.G	2578.84	0.0	1289.42
los	801	GCA.002328485.1.Bacteria.Desulfobacterota.G	2578.84	0.0	1289.42
spe	840	804	2651.205	2545.8	2598.5025
los	840	804	2651.205	2545.8	2598.5025
spe	839	829	2599.34	2568.27	2583.805
los	839	829	2599.34	2568.27	2583.805
spe	838	837	2486.025	2276.83	2381.4275
los	838	837	2486.025	2276.83	2381.4275
spe	834	832	2442.985	2268.205	2355.595
los	834	832	2442.985	2268.205	2355.595
spe	888	854	2827.975	2738.145	2783.06
los	888	854	2827.975	2738.145	2783.06
spe	888	887	2827.975	2727.215	2777.595
spe	863	862	2597.055	2368.33	2482.6925
los	863	862	2597.055	2368.33	2482.6925
spe	857	GCA.001830835.1.Bacteria.Desulfobacterota	2515.41	0.0	1257.705
los	857	GCA.001830835.1.Bacteria.Desulfobacterota	2515.41	0.0	1257.705
spe	886	885	2570.925	2490.35	2530.6375
los	886	885	2570.925	2490.35	2530.6375
spe	874	868	2502.96	2357.855	2430.4075
los	874	868	2502.96	2357.855	2430.4075
spe	873	871	2374.525	2172.555	2273.54
los	873	871	2374.525	2172.555	2273.54
hgt	None	dead	0.0	0.0	0.0
spe	897	889	3021.29	2916.985	2969.1375
hgt	None	dead	0.0	0.0	0.0
hgt	None	dead	0.0	0.0	0.0
los	None	dead	0.0	0.0	0.0
hgt	None	dead	0.0	0.0	0.0
spe	889	888	2916.985	2827.975	2872.48
spe	887	886	2727.215	2570.925	2649.07
los	887	886	2727.215	2570.925	2649.07
spe	863	857	2597.055	2515.41	2556.2325
los	863	857	2597.055	2515.41	2556.2325
spe	862	GCA.002782605.1.Bacteria.Desulfobacterota	2368.33	0.0	1184.165
los	862	GCA.002782605.1.Bacteria.Desulfobacterota	2368.33	0.0	1184.165
spe	861	GCA.002327985.1.Bacteria.Desulfobacterota	2265.965	0.0	1132.9825
los	861	GCA.002327985.1.Bacteria.Desulfobacterota	2265.965	0.0	1132.9825
spe	888	854	2827.975	2738.145	2783.06
spe	850	846	2713.455	2541.4	2627.4275
los	850	846	2713.455	2541.4	2627.4275
spe	849	GCA.001896555.1.Bacteria.Desulfobacterota	2490.935	0.0	1245.4675
los	849	GCA.001896555.1.Bacteria.Desulfobacterota	2490.935	0.0	1245.4675
hgt	854	853	2738.145	2576.375	2657.26
los	854	853	2738.145	2576.375	2657.26
dup	None	dead	0.0	0.0	0.0
hgt	None	dead	0.0	0.0	0.0
los	None	dead	0.0	0.0	0.0
hgt	None	dead	0.0	0.0	0.0
los	None	dead	0.0	0.0	0.0
spe	1421	1419	2272.78	2163.145	2217.9625
spe	889	843	2916.985	2862.71	2889.8475
spe	843	842	2862.71	2805.65	2834.18
spe	842	841	2805.65	2762.435	2784.0425
spe	841	801	2762.435	2578.84	2670.6375
hgt	801	GCA.001797815.1.Bacteria.RBG.13.61.14	2578.84	0.0	1289.42
los	801	GCA.001797815.1.Bacteria.RBG.13.61.14	2578.84	0.0	1289.42
spe	841	840	2762.435	2651.205	2706.82
spe	839	829	2599.34	2568.27	2583.805
los	839	829	2599.34	2568.27	2583.805
spe	838	834	2486.025	2442.985	2464.505
los	838	834	2486.025	2442.985	2464.505
spe	837	GCA.002309015.1.Bacteria.Myxococcota	2276.83	0.0	1138.415
los	837	GCA.002309015.1.Bacteria.Myxococcota	2276.83	0.0	1138.415
hgt	None	dead	0.0	0.0	0.0
los	840	804	2651.205	2545.8	2598.5025
hgt	None	dead	0.0	0.0	0.0
los	None	dead	0.0	0.0	0.0
hgt	None	dead	0.0	0.0	0.0
hgt	None	dead	0.0	0.0	0.0
los	None	dead	0.0	0.0	0.0
hgt	None	dead	0.0	0.0	0.0
los	842	798	2805.65	2657.78	2731.715
hgt	None	dead	0.0	0.0	0.0
los	None	dead	0.0	0.0	0.0
hgt	None	dead	0.0	0.0	0.0
dup	None	dead	0.0	0.0	0.0
hgt	None	dead	0.0	0.0	0.0
los	None	dead	0.0	0.0	0.0
hgt	None	dead	0.0	0.0	0.0
los	None	dead	0.0	0.0	0.0
hgt	None	dead	0.0	0.0	0.0
hgt	None	dead	0.0	0.0	0.0
los	None	dead	0.0	0.0	0.0
hgt	None	dead	0.0	0.0	0.0
los	843	783	2862.71	2802.765	2832.7375
hgt	None	dead	0.0	0.0	0.0
los	None	dead	0.0	0.0	0.0
dup	None	dead	0.0	0.0	0.0
hgt	None	dead	0.0	0.0	0.0
los	None	dead	0.0	0.0	0.0
dup	None	dead	0.0	0.0	0.0
hgt	None	dead	0.0	0.0	0.0
los	None	dead	0.0	0.0	0.0
dup	None	dead	0.0	0.0	0.0
dup	None	dead	0.0	0.0	0.0
hgt	None	dead	0.0	0.0	0.0
los	None	dead	0.0	0.0	0.0
hgt	None	dead	0.0	0.0	0.0
los	None	dead	0.0	0.0	0.0
dup	80	GCF.002114285.1.Archaea.Halobacteriota	2032.885	0.0	1016.4425
hgt	None	dead	0.0	0.0	0.0
los	None	dead	0.0	0.0	0.0
spe	173	151	2663.205	2556.275	2609.74
spe	147	GCA.001940755.1.Archaea.Asgardarchaeota	2281.01	0.0	1140.505
los	147	GCA.001940755.1.Archaea.Asgardarchaeota	2281.01	0.0	1140.505
spe	150	GCA.003144275.1.Archaea.Asgardarchaeota	2169.605	0.0	1084.8025
los	150	GCA.003144275.1.Archaea.Asgardarchaeota	2169.605	0.0	1084.8025
hgt	None	dead	0.0	0.0	0.0
los	None	dead	0.0	0.0	0.0
spe	177	176	2987.475	2870.105	2928.79
hgt	None	dead	0.0	0.0	0.0
hgt	None	dead	0.0	0.0	0.0
los	None	dead	0.0	0.0	0.0
spe	176	175	2870.105	2794.775	2832.44
spe	175	143	2794.775	2511.185	2652.98
hgt	143	GCA.001563325.1.Archaea.Asgardarchaeota	2511.185	0.0	1255.5925
los	143	GCA.001563325.1.Archaea.Asgardarchaeota	2511.185	0.0	1255.5925
hgt	1178	GCA.002347645.1.Bacteria.Actinobacteriota	2241.835	0.0	1120.9175
hgt	1069	GCF.000378005.1.Bacteria.Coprothermobacterota	2559.465	0.0	1279.7325
hgt	1431	1427	2900.705	2775.63	2838.1675
spe	175	174	2794.775	2722.305	2758.54
hgt	174	173	2722.305	2663.205	2692.755
los	174	173	2722.305	2663.205	2692.755
hgt	None	dead	0.0	0.0	0.0
hgt	None	dead	0.0	0.0	0.0
spe	1431	1427	2900.705	2775.63	2838.1675
spe	1413	1399	2608.425	2391.86	2500.1425
los	1413	1399	2608.425	2391.86	2500.1425
spe	1412	1408	2456.73	2414.235	2435.4825
los	1412	1408	2456.73	2414.235	2435.4825
spe	1411	GCA.002450515.1.Bacteria.Chloroflexota	2250.5	0.0	1125.25
los	1411	GCA.002450515.1.Bacteria.Chloroflexota	2250.5	0.0	1125.25
spe	1427	1426	2775.63	2665.03	2720.33
hgt	1426	1425	2665.03	2515.535	2590.2825
los	1426	1425	2665.03	2515.535	2590.2825
hgt	None	dead	0.0	0.0	0.0
los	None	dead	0.0	0.0	0.0
spe	86	84	2014.745	1868.445	1941.595
hgt	87	GCA.002256595.1.Archaea.Halobacteriota	2144.39	0.0	1072.195
hgt	None	dead	0.0	0.0	0.0
los	None	dead	0.0	0.0	0.0
spe	124	123	2576.715	2509.405	2543.06
spe	123	122	2509.405	2416.7	2463.0525
spe	121	GCA.001775995.1.Archaea.Thermoproteota	2129.565	0.0	1064.7825
los	121	GCA.001775995.1.Archaea.Thermoproteota	2129.565	0.0	1064.7825
hgt	None	dead	0.0	0.0	0.0
hgt	None	dead	0.0	0.0	0.0
los	None	dead	0.0	0.0	0.0
spe	122	118	2416.7	2278.345	2347.5225
spe	118	116	2278.345	1726.54	2002.4425
hgt	116	GCA.001593875.1.Archaea.Thermoproteota	1726.54	0.0	863.27
los	116	GCA.001593875.1.Archaea.Thermoproteota	1726.54	0.0	863.27
spe	123	113	2509.405	2352.095	2430.75
hgt	113	GCA.002255025.1.Archaea.Thermoproteota	2352.095	0.0	1176.0475
los	113	GCA.002255025.1.Archaea.Thermoproteota	2352.095	0.0	1176.0475
spe	130	128	2259.135	1456.455	1857.795
hgt	199	198	2950.105	2808.635	2879.37
spe	176	140	2870.105	2794.965	2832.535
hgt	140	GCF.000019605.1.Archaea.Thermoproteota	2794.965	0.0	1397.4825
los	140	GCF.000019605.1.Archaea.Thermoproteota	2794.965	0.0	1397.4825
spe	140	139	2794.965	2746.6	2770.7825
spe	109	103	2611.625	2372.465	2492.045
los	109	103	2611.625	2372.465	2492.045
spe	108	GCF.000148385.1.Archaea.Thermoproteota	2433.705	0.0	1216.8525
los	108	GCF.000148385.1.Archaea.Thermoproteota	2433.705	0.0	1216.8525
spe	107	GCA.003019535.1.Archaea.Thermoproteota	2229.765	0.0	1114.8825
los	107	GCA.003019535.1.Archaea.Thermoproteota	2229.765	0.0	1114.8825
spe	138	137	2683.72	2562.75	2623.235
los	138	137	2683.72	2562.75	2623.235
spe	124	GCA.002495485.1.Archaea.Thermoproteota	2576.715	0.0	1288.3575
los	124	GCA.002495485.1.Archaea.Thermoproteota	2576.715	0.0	1288.3575
spe	123	113	2509.405	2352.095	2430.75
los	123	113	2509.405	2352.095	2430.75
spe	122	118	2416.7	2278.345	2347.5225
los	122	118	2416.7	2278.345	2347.5225
spe	121	GCA.001273335.1.Archaea.Thermoproteota	2129.565	0.0	1064.7825
los	121	GCA.001273335.1.Archaea.Thermoproteota	2129.565	0.0	1064.7825
spe	199	198	2950.105	2808.635	2879.37
hgt	1029	GCA.001777915.1.Bacteria.Edwardsbacteria	2585.52	0.0	1292.76
hgt	251	250	2585.35	2494.48	2539.915
spe	251	250	2585.35	2494.48	2539.915
spe	249	248	2408.17	1920.715	2164.4425
los	249	248	2408.17	1920.715	2164.4425
spe	245	244	2346.24	2178.39	2262.315
los	245	244	2346.24	2178.39	2262.315
spe	241	239	2226.475	2146.715	2186.595
los	241	239	2226.475	2146.715	2186.595
spe	250	236	2494.48	2376.71	2435.595
hgt	236	GCA.001800495.1.Bacteria.Elusimicrobiota	2376.71	0.0	1188.355
los	236	GCA.001800495.1.Bacteria.Elusimicrobiota	2376.71	0.0	1188.355
dup	1029	GCA.001777915.1.Bacteria.Edwardsbacteria	2585.52	0.0	1292.76
hgt	1068	GCA.002428295.1.Bacteria.Caldisericota	2377.575	0.0	1188.7875
spe	1391	1390	3133.07	3070.6	3101.835
hgt	None	dead	0.0	0.0	0.0
spe	1390	1218	3070.6	2947.155	3008.8775
spe	1216	1215	2550.05	2030.585	2290.3175
los	1216	1215	2550.05	2030.585	2290.3175
hgt	1289	GCA.002345475.1.Bacteria.Firmicutes.H	2635.61	0.0	1317.805
hgt	None	dead	0.0	0.0	0.0
los	None	dead	0.0	0.0	0.0
spe	1454	1453	2633.59	2571.245	2602.4175
spe	1449	GCA.002366595.1.Bacteria.Chloroflexota	2414.175	0.0	1207.0875
los	1449	GCA.002366595.1.Bacteria.Chloroflexota	2414.175	0.0	1207.0875
hgt	None	dead	0.0	0.0	0.0
hgt	None	dead	0.0	0.0	0.0
los	None	dead	0.0	0.0	0.0
spe	1453	1452	2571.245	2204.94	2388.0925
hgt	1444	GCA.003451595.1.Bacteria.Chloroflexota	2137.48	0.0	1068.74
spe	1389	1237	3027.58	2784.985	2906.2825
los	1389	1237	3027.58	2784.985	2906.2825
spe	1389	1388	3027.58	2941.055	2984.3175
spe	1274	1240	2802.895	2549.06	2675.9775
los	1274	1240	2802.895	2549.06	2675.9775
spe	1273	GCF.000166335.1.Bacteria.Firmicutes.A	2658.63	0.0	1329.315
los	1273	GCF.000166335.1.Bacteria.Firmicutes.A	2658.63	0.0	1329.315
spe	1272	1246	2548.195	2308.455	2428.325
los	1272	1246	2548.195	2308.455	2428.325
dup	1272	1271	2548.195	2346.495	2447.345
spe	1271	1259	2346.495	2295.84	2321.1675
los	1271	1259	2346.495	2295.84	2321.1675
spe	1270	1264	2201.025	1943.29	2072.1575
los	1270	1264	2201.025	1943.29	2072.1575
spe	1269	1268	2051.8	1820.865	1936.3325
los	1269	1268	2051.8	1820.865	1936.3325
spe	1272	1271	2548.195	2346.495	2447.345
spe	1270	1264	2201.025	1943.29	2072.1575
los	1270	1264	2201.025	1943.29	2072.1575
spe	1269	1268	2051.8	1820.865	1936.3325
los	1269	1268	2051.8	1820.865	1936.3325
spe	1259	1258	2295.84	2095.365	2195.6025
los	1259	1258	2295.84	2095.365	2195.6025
spe	1253	GCF.900142265.1.Bacteria.Firmicutes.A	2190.3	0.0	1095.15
los	1253	GCF.900142265.1.Bacteria.Firmicutes.A	2190.3	0.0	1095.15
spe	1253	1252	2190.3	2040.145	2115.2225
spe	1252	1251	2040.145	1879.525	1959.835
hgt	1251	GCA.002478485.1.Bacteria.Firmicutes.A	1879.525	0.0	939.7625
los	1251	GCA.002478485.1.Bacteria.Firmicutes.A	1879.525	0.0	939.7625
hgt	None	dead	0.0	0.0	0.0
hgt	None	dead	0.0	0.0	0.0
los	None	dead	0.0	0.0	0.0
spe	1388	1387	2941.055	2902.155	2921.605
spe	1386	1330	2794.775	2416.115	2605.445
los	1386	1330	2794.775	2416.115	2605.445
spe	1385	1333	2733.33	2457.61	2595.47
los	1385	1333	2733.33	2457.61	2595.47
spe	1384	1338	2455.815	2111.765	2283.79
los	1384	1338	2455.815	2111.765	2283.79
spe	1383	1341	2371.08	2078.19	2224.635
los	1383	1341	2371.08	2078.19	2224.635
spe	1382	1344	2292.545	2055.27	2173.9075
los	1382	1344	2292.545	2055.27	2173.9075
spe	1382	1381	2292.545	2205.155	2248.85
spe	1351	1350	2134.51	1969.515	2052.0125
los	1351	1350	2134.51	1969.515	2052.0125
spe	1347	GCF.001561915.1.Bacteria.Firmicutes	1852.54	0.0	926.27
los	1347	GCF.001561915.1.Bacteria.Firmicutes	1852.54	0.0	926.27
spe	1380	GCF.001049895.1.Bacteria.Firmicutes	2120.065	0.0	1060.0325
los	1380	GCF.001049895.1.Bacteria.Firmicutes	2120.065	0.0	1060.0325
spe	1379	1378	2060.89	1789.555	1925.2225
los	1379	1378	2060.89	1789.555	1925.2225
spe	1379	1355	2060.89	1845.21	1953.05
spe	1327	1289	2828.71	2635.61	2732.16
los	1327	1289	2828.71	2635.61	2732.16
spe	1326	1292	2719.225	2370.88	2545.0525
los	1326	1292	2719.225	2370.88	2545.0525
spe	1325	1297	2604.385	2420.65	2512.5175
los	1325	1297	2604.385	2420.65	2512.5175
spe	1324	1308	2536.255	2377.745	2457.0
los	1324	1308	2536.255	2377.745	2457.0
spe	1324	1323	2536.255	2478.3	2507.2775
spe	1322	GCA.001512665.1.Bacteria.Firmicutes.B	2209.475	0.0	1104.7375
los	1322	GCA.001512665.1.Bacteria.Firmicutes.B	2209.475	0.0	1104.7375
spe	1319	GCF.900100785.1.Bacteria.Firmicutes.B	2388.655	0.0	1194.3275
los	1319	GCF.900100785.1.Bacteria.Firmicutes.B	2388.655	0.0	1194.3275
spe	1318	1312	2305.29	2058.365	2181.8275
los	1318	1312	2305.29	2058.365	2181.8275
spe	1317	1315	1778.785	1580.985	1679.885
los	1317	1315	1778.785	1580.985	1679.885
spe	1188	GCA.002779205.1.Bacteria.Actinobacteriota	3109.515	0.0	1554.7575
los	1188	GCA.002779205.1.Bacteria.Actinobacteriota	3109.515	0.0	1554.7575
spe	1187	1133	3068.88	2731.5	2900.19
los	1187	1133	3068.88	2731.5	2900.19
spe	1187	1186	3068.88	3002.725	3035.8025
spe	1185	1169	2913.82	2691.26	2802.54
los	1185	1169	2913.82	2691.26	2802.54
spe	1184	1180	2836.38	2587.79	2712.085
los	1184	1180	2836.38	2587.79	2712.085
spe	1183	GCA.000434775.1.Bacteria.Actinobacteriota	2457.105	0.0	1228.5525
los	1183	GCA.000434775.1.Bacteria.Actinobacteriota	2457.105	0.0	1228.5525
spe	1136	GCA.001768645.1.Bacteria.Actinobacteriota	2691.07	0.0	1345.535
los	1136	GCA.001768645.1.Bacteria.Actinobacteriota	2691.07	0.0	1345.535
