event	left_node	right_node	left_date	right_date	midpoint_date
spe	1727	1726	3460.76	3442.105	3451.4325
spe	1094	1093	3407.45	3335.31	3371.38
los	1094	1093	3407.45	3335.31	3371.38
spe	1048	278	3324.645	3267.455	3296.05
los	1048	278	3324.645	3267.455	3296.05
hgt	None	dead	0.0	0.0	0.0
hgt	None	dead	0.0	0.0	0.0
los	None	dead	0.0	0.0	0.0
spe	651	533	2583.355	2458.635	2520.995
spe	532	GCA.002405475.1.Bacteria.Proteobacteria	2186.645	0.0	1093.3225
los	532	GCA.002405475.1.Bacteria.Proteobacteria	2186.645	0.0	1093.3225
spe	533	529	2458.635	2307.945	2383.29
hgt	529	GCA.002451085.1.Bacteria.Proteobacteria	2307.945	0.0	1153.9725
los	529	GCA.002451085.1.Bacteria.Proteobacteria	2307.945	0.0	1153.9725
hgt	598	GCA.002292285.1.Bacteria.Proteobacteria	1497.41	0.0	748.705
spe	1047	365	3317.54	3204.425	3260.9825
los	1047	365	3317.54	3204.425	3260.9825
spe	1047	1046	3317.54	3288.18	3302.86
spe	1045	921	3193.355	3111.29	3152.3225
los	1045	921	3193.355	3111.29	3152.3225
spe	1044	1043	3092.405	3056.385	3074.395
los	1044	1043	3092.405	3056.385	3074.395
spe	936	935	3003.555	2600.975	2802.265
los	936	935	3003.555	2600.975	2802.265
spe	926	GCA.001780825.1.Bacteria.Gemmatimonadota	2762.32	0.0	1381.16
los	926	GCA.001780825.1.Bacteria.Gemmatimonadota	2762.32	0.0	1381.16
spe	924	GCA.002348465.1.Bacteria.Gemmatimonadota	2422.26	0.0	1211.13
los	924	GCA.002348465.1.Bacteria.Gemmatimonadota	2422.26	0.0	1211.13
spe	902	390	3241.035	3122.13	3181.5825
los	902	390	3241.035	3122.13	3181.5825
dup	902	901	3241.035	3194.215	3217.625
dup	902	901	3241.035	3194.215	3217.625
spe	902	901	3241.035	3194.215	3217.625
spe	900	716	3136.94	2935.17	3036.055
los	900	716	3136.94	2935.17	3036.055
spe	899	743	3089.895	3035.675	3062.785
los	899	743	3089.895	3035.675	3062.785
spe	899	898	3089.895	3060.73	3075.3125
spe	897	889	3021.29	2916.985	2969.1375
los	897	889	3021.29	2916.985	2969.1375
spe	896	892	2913.21	2624.55	2768.88
los	896	892	2913.21	2624.55	2768.88
spe	895	GCA.002897695.1.Bacteria.BMS3Abin14	2668.13	0.0	1334.065
los	895	GCA.002897695.1.Bacteria.BMS3Abin14	2668.13	0.0	1334.065
spe	756	754	2888.115	2746.525	2817.32
los	756	754	2888.115	2746.525	2817.32
hgt	None	dead	0.0	0.0	0.0
hgt	None	dead	0.0	0.0	0.0
los	None	dead	0.0	0.0	0.0
spe	901	663	3194.215	3149.67	3171.9425
spe	397	GCF.000526155.1.Bacteria.Desulfobacterota	3038.98	0.0	1519.49
los	397	GCF.000526155.1.Bacteria.Desulfobacterota	3038.98	0.0	1519.49
spe	397	396	3038.98	2831.62	2935.3
spe	395	GCF.000487995.1.Bacteria.Deferribacterota	2049.66	0.0	1024.83
los	395	GCF.000487995.1.Bacteria.Deferribacterota	2049.66	0.0	1024.83
hgt	834	GCA.001798605.1.Bacteria.Myxococcota	2442.985	0.0	1221.4925
hgt	396	GCF.000177635.2.Bacteria.Chrysiogenota	2831.62	0.0	1415.81
los	396	GCF.000177635.2.Bacteria.Chrysiogenota	2831.62	0.0	1415.81
hgt	None	dead	0.0	0.0	0.0
hgt	1191	GCA.002408345.1.Bacteria.Firmicutes.G	2563.43	0.0	1281.715
hgt	None	dead	0.0	0.0	0.0
los	None	dead	0.0	0.0	0.0
spe	662	661	3108.12	3075.81	3091.965
los	662	661	3108.12	3075.81	3091.965
hgt	None	dead	0.0	0.0	0.0
spe	662	400	3108.12	2693.845	2900.9825
hgt	400	GCA.002707655.1.Bacteria.SAR324	2693.845	0.0	1346.9225
los	400	GCA.002707655.1.Bacteria.SAR324	2693.845	0.0	1346.9225
hgt	871	GCA.002899795.1.Bacteria.Desulfobacterota	2172.555	0.0	1086.2775
hgt	None	dead	0.0	0.0	0.0
los	None	dead	0.0	0.0	0.0
spe	389	388	2948.12	2845.905	2897.0125
spe	387	386	2737.525	2547.685	2642.605
los	387	386	2737.525	2547.685	2642.605
spe	383	381	2480.61	2192.73	2336.67
los	383	381	2480.61	2192.73	2336.67
hgt	None	dead	0.0	0.0	0.0
hgt	None	dead	0.0	0.0	0.0
los	None	dead	0.0	0.0	0.0
hgt	1058	GCF.000233775.1.Bacteria.Synergistota	2874.585	0.0	1437.2925
hgt	889	888	2916.985	2827.975	2872.48
spe	376	374	2638.94	2303.81	2471.375
los	376	374	2638.94	2303.81	2471.375
spe	889	888	2916.985	2827.975	2872.48
spe	854	853	2738.145	2576.375	2657.26
los	854	853	2738.145	2576.375	2657.26
spe	850	846	2713.455	2541.4	2627.4275
los	850	846	2713.455	2541.4	2627.4275
spe	849	GCF.000266945.1.Bacteria.Desulfobacterota	2490.935	0.0	1245.4675
los	849	GCF.000266945.1.Bacteria.Desulfobacterota	2490.935	0.0	1245.4675
spe	887	863	2727.215	2597.055	2662.135
los	887	863	2727.215	2597.055	2662.135
spe	887	886	2727.215	2570.925	2649.07
spe	874	868	2502.96	2357.855	2430.4075
los	874	868	2502.96	2357.855	2430.4075
spe	873	GCA.002011835.1.Bacteria.Desulfobacterota	2374.525	0.0	1187.2625
los	873	GCA.002011835.1.Bacteria.Desulfobacterota	2374.525	0.0	1187.2625
spe	871	GCA.002899795.1.Bacteria.Desulfobacterota	2172.555	0.0	1086.2775
los	871	GCA.002899795.1.Bacteria.Desulfobacterota	2172.555	0.0	1086.2775
spe	885	884	2490.35	2409.27	2449.81
los	885	884	2490.35	2409.27	2449.81
spe	877	GCA.001797675.1.Bacteria.Desulfobacterota	2406.095	0.0	1203.0475
los	877	GCA.001797675.1.Bacteria.Desulfobacterota	2406.095	0.0	1203.0475
spe	902	901	3241.035	3194.215	3217.625
spe	663	662	3149.67	3108.12	3128.895
los	663	662	3149.67	3108.12	3128.895
hgt	None	dead	0.0	0.0	0.0
spe	397	396	3038.98	2831.62	2935.3
los	397	396	3038.98	2831.62	2935.3
hgt	603	602	2200.665	2136.455	2168.56
hgt	1116	GCA.002435745.1.Bacteria.UBP15	2746.26	0.0	1373.13
hgt	None	dead	0.0	0.0	0.0
los	None	dead	0.0	0.0	0.0
spe	603	602	2200.665	2136.455	2168.56
spe	592	GCF.000024725.1.Bacteria.Proteobacteria	1879.945	0.0	939.9725
los	592	GCF.000024725.1.Bacteria.Proteobacteria	1879.945	0.0	939.9725
spe	601	600	2005.515	1814.2	1909.8575
los	601	600	2005.515	1814.2	1909.8575
spe	601	595	2005.515	1816.095	1910.805
spe	901	900	3194.215	3136.94	3165.5775
spe	716	715	2935.17	2853.34	2894.255
los	716	715	2935.17	2853.34	2894.255
spe	670	GCA.002898535.1.Bacteria.Acidobacteriota	2753.645	0.0	1376.8225
los	670	GCA.002898535.1.Bacteria.Acidobacteriota	2753.645	0.0	1376.8225
spe	669	GCA.002335385.1.Bacteria.Acidobacteriota	2395.145	0.0	1197.5725
los	669	GCA.002335385.1.Bacteria.Acidobacteriota	2395.145	0.0	1197.5725
spe	668	GCA.002010665.1.Bacteria.Acidobacteriota	2182.81	0.0	1091.405
los	668	GCA.002010665.1.Bacteria.Acidobacteriota	2182.81	0.0	1091.405
spe	899	743	3089.895	3035.675	3062.785
los	899	743	3089.895	3035.675	3062.785
spe	899	898	3089.895	3060.73	3075.3125
spe	897	896	3021.29	2913.21	2967.25
los	897	896	3021.29	2913.21	2967.25
spe	897	889	3021.29	2916.985	2969.1375
spe	843	783	2862.71	2802.765	2832.7375
los	843	783	2862.71	2802.765	2832.7375
spe	842	798	2805.65	2657.78	2731.715
los	842	798	2805.65	2657.78	2731.715
spe	841	840	2762.435	2651.205	2706.82
los	841	840	2762.435	2651.205	2706.82
spe	801	GCA.002328485.1.Bacteria.Desulfobacterota.G	2578.84	0.0	1289.42
los	801	GCA.002328485.1.Bacteria.Desulfobacterota.G	2578.84	0.0	1289.42
spe	888	854	2827.975	2738.145	2783.06
los	888	854	2827.975	2738.145	2783.06
spe	887	886	2727.215	2570.925	2649.07
los	887	886	2727.215	2570.925	2649.07
spe	863	862	2597.055	2368.33	2482.6925
los	863	862	2597.055	2368.33	2482.6925
spe	857	GCA.001830835.1.Bacteria.Desulfobacterota	2515.41	0.0	1257.705
los	857	GCA.001830835.1.Bacteria.Desulfobacterota	2515.41	0.0	1257.705
spe	756	GCA.001790645.1.Bacteria.Schekmanbacteria	2888.115	0.0	1444.0575
los	756	GCA.001790645.1.Bacteria.Schekmanbacteria	2888.115	0.0	1444.0575
spe	754	753	2746.525	2583.27	2664.8975
los	754	753	2746.525	2583.27	2664.8975
hgt	None	dead	0.0	0.0	0.0
spe	746	GCF.900079095.1.Bacteria.Tectomicrobia	2548.44	0.0	1274.22
los	746	GCF.900079095.1.Bacteria.Tectomicrobia	2548.44	0.0	1274.22
hgt	None	dead	0.0	0.0	0.0
los	None	dead	0.0	0.0	0.0
spe	901	663	3194.215	3149.67	3171.9425
los	901	663	3194.215	3149.67	3171.9425
spe	900	716	3136.94	2935.17	3036.055
los	900	716	3136.94	2935.17	3036.055
spe	899	743	3089.895	3035.675	3062.785
los	899	743	3089.895	3035.675	3062.785
spe	899	898	3089.895	3060.73	3075.3125
spe	897	889	3021.29	2916.985	2969.1375
los	897	889	3021.29	2916.985	2969.1375
spe	896	892	2913.21	2624.55	2768.88
los	896	892	2913.21	2624.55	2768.88
spe	895	GCA.000739515.1.Bacteria.Moduliflexota	2668.13	0.0	1334.065
los	895	GCA.000739515.1.Bacteria.Moduliflexota	2668.13	0.0	1334.065
spe	756	GCA.001790645.1.Bacteria.Schekmanbacteria	2888.115	0.0	1444.0575
los	756	GCA.001790645.1.Bacteria.Schekmanbacteria	2888.115	0.0	1444.0575
spe	754	753	2746.525	2583.27	2664.8975
los	754	753	2746.525	2583.27	2664.8975
spe	746	GCA.002238965.1.Bacteria.UBA8248	2548.44	0.0	1274.22
los	746	GCA.002238965.1.Bacteria.UBA8248	2548.44	0.0	1274.22
hgt	None	dead	0.0	0.0	0.0
hgt	None	dead	0.0	0.0	0.0
los	None	dead	0.0	0.0	0.0
spe	1726	1725	3442.105	3410.995	3426.55
spe	1724	1723	3346.625	3248.065	3297.345
los	1724	1723	3346.625	3248.065	3297.345
spe	1642	1641	3305.11	3138.575	3221.8425
los	1642	1641	3305.11	3138.575	3221.8425
spe	1478	1396	3178.32	2525.675	2851.9975
los	1478	1396	3178.32	2525.675	2851.9975
spe	1477	1476	3065.68	2948.885	3007.2825
los	1477	1476	3065.68	2948.885	3007.2825
spe	1431	1430	2900.705	2636.055	2768.38
los	1431	1430	2900.705	2636.055	2768.38
spe	1431	1427	2900.705	2775.63	2838.1675
spe	1426	1425	2665.03	2515.535	2590.2825
los	1426	1425	2665.03	2515.535	2590.2825
spe	1413	1399	2608.425	2391.86	2500.1425
los	1413	1399	2608.425	2391.86	2500.1425
hgt	None	dead	0.0	0.0	0.0
spe	1412	1408	2456.73	2414.235	2435.4825
los	1412	1408	2456.73	2414.235	2435.4825
spe	1412	1411	2456.73	2250.5	2353.615
hgt	1411	GCA.002450515.1.Bacteria.Chloroflexota	2250.5	0.0	1125.25
los	1411	GCA.002450515.1.Bacteria.Chloroflexota	2250.5	0.0	1125.25
hgt	None	dead	0.0	0.0	0.0
los	None	dead	0.0	0.0	0.0
spe	88	87	2221.93	2144.39	2183.16
spe	86	GCA.001412335.1.Archaea.Halobacteriota	2014.745	0.0	1007.3725
los	86	GCA.001412335.1.Archaea.Halobacteriota	2014.745	0.0	1007.3725
spe	84	GCF.000011005.1.Archaea.Euryarchaeota	1868.445	0.0	934.2225
los	84	GCF.000011005.1.Archaea.Euryarchaeota	1868.445	0.0	934.2225
hgt	None	dead	0.0	0.0	0.0
hgt	None	dead	0.0	0.0	0.0
los	None	dead	0.0	0.0	0.0
spe	124	123	2576.715	2509.405	2543.06
spe	123	122	2509.405	2416.7	2463.0525
spe	121	GCA.001775995.1.Archaea.Thermoproteota	2129.565	0.0	1064.7825
los	121	GCA.001775995.1.Archaea.Thermoproteota	2129.565	0.0	1064.7825
spe	122	118	2416.7	2278.345	2347.5225
spe	116	GCA.001593875.1.Archaea.Thermoproteota	1726.54	0.0	863.27
los	116	GCA.001593875.1.Archaea.Thermoproteota	1726.54	0.0	863.27
spe	123	113	2509.405	2352.095	2430.75
hgt	None	dead	0.0	0.0	0.0
hgt	None	dead	0.0	0.0	0.0
los	None	dead	0.0	0.0	0.0
spe	130	128	2259.135	1456.455	1857.795
hgt	113	GCA.002255025.1.Archaea.Thermoproteota	2352.095	0.0	1176.0475
los	113	GCA.002255025.1.Archaea.Thermoproteota	2352.095	0.0	1176.0475
hgt	47	GCA.002494765.1.Archaea.Thermoplasmatota	2175.095	0.0	1087.5475
spe	1393	1129	3339.09	3221.86	3280.475
los	1393	1129	3339.09	3221.86	3280.475
hgt	None	dead	0.0	0.0	0.0
hgt	None	dead	0.0	0.0	0.0
hgt	None	dead	0.0	0.0	0.0
los	None	dead	0.0	0.0	0.0
dup	1393	1392	3339.09	3284.295	3311.6925
hgt	None	dead	0.0	0.0	0.0
hgt	None	dead	0.0	0.0	0.0
los	None	dead	0.0	0.0	0.0
hgt	None	dead	0.0	0.0	0.0
hgt	None	dead	0.0	0.0	0.0
los	None	dead	0.0	0.0	0.0
spe	89	88	2320.405	2221.93	2271.1675
hgt	1090	1088	3052.03	2199.325	2625.6775
spe	80	GCA.003158275.1.Archaea.Halobacteriota	2032.885	0.0	1016.4425
los	80	GCA.003158275.1.Archaea.Halobacteriota	2032.885	0.0	1016.4425
spe	1090	1088	3052.03	2199.325	2625.6775
spe	1087	GCA.001778455.1.Bacteria.Bipolaricaulota	1892.775	0.0	946.3875
los	1087	GCA.001778455.1.Bacteria.Bipolaricaulota	1892.775	0.0	946.3875
spe	87	GCA.002256595.1.Archaea.Halobacteriota	2144.39	0.0	1072.195
los	87	GCA.002256595.1.Archaea.Halobacteriota	2144.39	0.0	1072.195
spe	86	GCA.001412335.1.Archaea.Halobacteriota	2014.745	0.0	1007.3725
los	86	GCA.001412335.1.Archaea.Halobacteriota	2014.745	0.0	1007.3725
hgt	31	GCA.001723855.1.Archaea.Altiarchaeota	2641.745	0.0	1320.8725
spe	84	GCF.000970205.1.Archaea.Halobacteriota	1868.445	0.0	934.2225
los	84	GCF.000970205.1.Archaea.Halobacteriota	1868.445	0.0	934.2225
dup	31	GCA.001723855.1.Archaea.Altiarchaeota	2641.745	0.0	1320.8725
hgt	None	dead	0.0	0.0	0.0
hgt	None	dead	0.0	0.0	0.0
hgt	None	dead	0.0	0.0	0.0
los	None	dead	0.0	0.0	0.0
dup	1393	1392	3339.09	3284.295	3311.6925
spe	1393	1392	3339.09	3284.295	3311.6925
hgt	None	dead	0.0	0.0	0.0
spe	1391	1211	3133.07	3013.88	3073.475
los	1391	1211	3133.07	3013.88	3073.475
spe	1391	1390	3133.07	3070.6	3101.835
spe	1389	1237	3027.58	2784.985	2906.2825
los	1389	1237	3027.58	2784.985	2906.2825
spe	1388	1274	2941.055	2802.895	2871.975
los	1388	1274	2941.055	2802.895	2871.975
spe	1387	1386	2902.155	2794.775	2848.465
los	1387	1386	2902.155	2794.775	2848.465
spe	1327	1326	2828.71	2719.225	2773.9675
los	1327	1326	2828.71	2719.225	2773.9675
spe	1289	1288	2635.61	2207.725	2421.6675
los	1289	1288	2635.61	2207.725	2421.6675
spe	1390	1218	3070.6	2947.155	3008.8775
spe	1216	1215	2550.05	2030.585	2290.3175
los	1216	1215	2550.05	2030.585	2290.3175
hgt	None	dead	0.0	0.0	0.0
los	None	dead	0.0	0.0	0.0
spe	1476	1454	2948.885	2633.59	2791.2375
spe	1446	1440	2467.265	2358.68	2412.9725
los	1446	1440	2467.265	2358.68	2412.9725
spe	1445	GCA.003130875.1.Bacteria.Chloroflexota	2304.44	0.0	1152.22
los	1445	GCA.003130875.1.Bacteria.Chloroflexota	2304.44	0.0	1152.22
spe	1444	GCA.002366755.1.Bacteria.Chloroflexota	2137.48	0.0	1068.74
los	1444	GCA.002366755.1.Bacteria.Chloroflexota	2137.48	0.0	1068.74
spe	1454	1453	2633.59	2571.245	2602.4175
spe	1453	1452	2571.245	2204.94	2388.0925
spe	1453	1449	2571.245	2414.175	2492.71
hgt	None	dead	0.0	0.0	0.0
los	1449	GCA.002366595.1.Bacteria.Chloroflexota	2414.175	0.0	1207.0875
hgt	None	dead	0.0	0.0	0.0
los	None	dead	0.0	0.0	0.0
spe	1188	GCA.002779205.1.Bacteria.Actinobacteriota	3109.515	0.0	1554.7575
los	1188	GCA.002779205.1.Bacteria.Actinobacteriota	3109.515	0.0	1554.7575
spe	1187	1133	3068.88	2731.5	2900.19
los	1187	1133	3068.88	2731.5	2900.19
spe	1187	1186	3068.88	3002.725	3035.8025
spe	1136	GCA.003157385.1.Bacteria.Actinobacteriota	2691.07	0.0	1345.535
los	1136	GCA.003157385.1.Bacteria.Actinobacteriota	2691.07	0.0	1345.535
spe	1185	1169	2913.82	2691.26	2802.54
los	1185	1169	2913.82	2691.26	2802.54
spe	1185	1184	2913.82	2836.38	2875.1
spe	1183	GCA.000434775.1.Bacteria.Actinobacteriota	2457.105	0.0	1228.5525
los	1183	GCA.000434775.1.Bacteria.Actinobacteriota	2457.105	0.0	1228.5525
spe	1180	GCF.001029505.1.Bacteria.Actinobacteriota	2587.79	0.0	1293.895
los	1180	GCF.001029505.1.Bacteria.Actinobacteriota	2587.79	0.0	1293.895
spe	1179	1178	2376.455	2241.835	2309.145
los	1179	1178	2376.455	2241.835	2309.145
spe	1179	1173	2376.455	2194.99	2285.7225
hgt	None	dead	0.0	0.0	0.0
hgt	None	dead	0.0	0.0	0.0
los	None	dead	0.0	0.0	0.0
spe	1393	1392	3339.09	3284.295	3311.6925
spe	1392	1188	3284.295	3109.515	3196.905
spe	1188	1187	3109.515	3068.88	3089.1975
spe	1133	GCA.002366545.1.Bacteria.Actinobacteriota	2731.5	0.0	1365.75
los	1133	GCA.002366545.1.Bacteria.Actinobacteriota	2731.5	0.0	1365.75
spe	1186	1136	3002.725	2691.07	2846.8975
los	1186	1136	3002.725	2691.07	2846.8975
spe	1185	1169	2913.82	2691.26	2802.54
los	1185	1169	2913.82	2691.26	2802.54
spe	1184	1183	2836.38	2457.105	2646.7425
los	1184	1183	2836.38	2457.105	2646.7425
spe	1180	GCF.001029505.1.Bacteria.Actinobacteriota	2587.79	0.0	1293.895
los	1180	GCF.001029505.1.Bacteria.Actinobacteriota	2587.79	0.0	1293.895
spe	1179	1173	2376.455	2194.99	2285.7225
los	1179	1173	2376.455	2194.99	2285.7225
spe	1178	1177	2241.835	2055.195	2148.515
los	1178	1177	2241.835	2055.195	2148.515
hgt	None	dead	0.0	0.0	0.0
hgt	None	dead	0.0	0.0	0.0
hgt	None	dead	0.0	0.0	0.0
hgt	None	dead	0.0	0.0	0.0
hgt	None	dead	0.0	0.0	0.0
spe	1392	1391	3284.295	3133.07	3208.6825
spe	1211	1199	3013.88	2856.305	2935.0925
los	1211	1199	3013.88	2856.305	2935.0925
spe	1210	1204	2923.75	2772.985	2848.3675
los	1210	1204	2923.75	2772.985	2848.3675
spe	1210	1209	2923.75	2688.15	2805.95
spe	1209	1208	2688.15	2545.345	2616.7475
hgt	None	dead	0.0	0.0	0.0
los	1208	GCA.900016865.1.Bacteria.Firmicutes.G	2545.345	0.0	1272.6725
hgt	None	dead	0.0	0.0	0.0
los	None	dead	0.0	0.0	0.0
spe	1390	1218	3070.6	2947.155	3008.8775
los	1390	1218	3070.6	2947.155	3008.8775
spe	1390	1389	3070.6	3027.58	3049.09
spe	1389	1388	3027.58	2941.055	2984.3175
spe	1387	1327	2902.155	2828.71	2865.4325
los	1387	1327	2902.155	2828.71	2865.4325
spe	1386	1330	2794.775	2416.115	2605.445
los	1386	1330	2794.775	2416.115	2605.445
spe	1385	1333	2733.33	2457.61	2595.47
los	1385	1333	2733.33	2457.61	2595.47
spe	1384	1338	2455.815	2111.765	2283.79
los	1384	1338	2455.815	2111.765	2283.79
spe	1383	1382	2371.08	2292.545	2331.8125
los	1383	1382	2371.08	2292.545	2331.8125
spe	1341	GCF.001311905.1.Bacteria.Firmicutes	2078.19	0.0	1039.095
los	1341	GCF.001311905.1.Bacteria.Firmicutes	2078.19	0.0	1039.095
spe	1274	1273	2802.895	2658.63	2730.7625
los	1274	1273	2802.895	2658.63	2730.7625
spe	1274	1240	2802.895	2549.06	2675.9775
hgt	1307	1305	2196.38	2012.42	2104.4
spe	1307	1305	2196.38	2012.42	2104.4
spe	1304	GCA.001508005.1.Bacteria.Firmicutes.B	1697.92	0.0	848.96
los	1304	GCA.001508005.1.Bacteria.Firmicutes.B	1697.92	0.0	848.96
spe	1237	1221	2784.985	2447.11	2616.0475
los	1237	1221	2784.985	2447.11	2616.0475
spe	1236	1228	2683.21	2573.425	2628.3175
los	1236	1228	2683.21	2573.425	2628.3175
hgt	None	dead	0.0	0.0	0.0
spe	1235	1234	2501.715	2299.215	2400.465
los	1235	1234	2501.715	2299.215	2400.465
hgt	None	dead	0.0	0.0	0.0
los	None	dead	0.0	0.0	0.0
hgt	None	dead	0.0	0.0	0.0
los	None	dead	0.0	0.0	0.0
spe	1289	1288	2635.61	2207.725	2421.6675
spe	1287	GCA.002329525.1.Bacteria.Firmicutes.C	1965.585	0.0	982.7925
los	1287	GCA.002329525.1.Bacteria.Firmicutes.C	1965.585	0.0	982.7925
hgt	None	dead	0.0	0.0	0.0
hgt	None	dead	0.0	0.0	0.0
los	None	dead	0.0	0.0	0.0
spe	1285	1284	1868.68	1576.575	1722.6275
los	1285	1284	1868.68	1576.575	1722.6275
spe	1285	1281	1868.68	1642.245	1755.4625
spe	1280	GCF.900104455.1.Bacteria.Firmicutes.C	1441.56	0.0	720.78
los	1280	GCF.900104455.1.Bacteria.Firmicutes.C	1441.56	0.0	720.78
hgt	None	dead	0.0	0.0	0.0
los	None	dead	0.0	0.0	0.0
spe	1326	1325	2719.225	2604.385	2661.805
spe	1325	1297	2604.385	2420.65	2512.5175
spe	1297	1296	2420.65	2280.145	2350.3975
hgt	1296	GCA.001513545.1.Bacteria.Firmicutes.B	2280.145	0.0	1140.0725
los	1296	GCA.001513545.1.Bacteria.Firmicutes.B	2280.145	0.0	1140.0725
hgt	1203	GCA.002399265.1.Bacteria.Firmicutes.G	2369.03	0.0	1184.515
hgt	None	dead	0.0	0.0	0.0
hgt	None	dead	0.0	0.0	0.0
los	None	dead	0.0	0.0	0.0
spe	1325	1324	2604.385	2536.255	2570.32
spe	1308	1307	2377.745	2196.38	2287.0625
los	1308	1307	2377.745	2196.38	2287.0625
spe	1308	1300	2377.745	2090.18	2233.9625
hgt	None	dead	0.0	0.0	0.0
hgt	1430	GCA.002239025.1.Bacteria.Chloroflexota	2636.055	0.0	1318.0275
hgt	None	dead	0.0	0.0	0.0
los	None	dead	0.0	0.0	0.0
spe	1324	1323	2536.255	2478.3	2507.2775
spe	1319	1318	2388.655	2305.29	2346.9725
los	1319	1318	2388.655	2305.29	2346.9725
hgt	1323	1322	2478.3	2209.475	2343.8875
los	1323	1322	2478.3	2209.475	2343.8875
spe	1385	1384	2733.33	2455.815	2594.5725
spe	1338	1337	2111.765	1832.425	1972.095
los	1338	1337	2111.765	1832.425	1972.095
spe	1383	1341	2371.08	2078.19	2224.635
los	1383	1341	2371.08	2078.19	2224.635
spe	1383	1382	2371.08	2292.545	2331.8125
spe	1344	GCA.002159075.1.Bacteria.Firmicutes	2055.27	0.0	1027.635
los	1344	GCA.002159075.1.Bacteria.Firmicutes	2055.27	0.0	1027.635
spe	1381	1351	2205.155	2134.51	2169.8325
los	1381	1351	2205.155	2134.51	2169.8325
spe	1380	1379	2120.065	2060.89	2090.4775
los	1380	1379	2120.065	2060.89	2090.4775
hgt	901	900	3194.215	3136.94	3165.5775
hgt	706	GCA.002327305.1.Bacteria.Acidobacteriota	2384.34	0.0	1192.17
hgt	None	dead	0.0	0.0	0.0
los	None	dead	0.0	0.0	0.0
hgt	1667	GCA.003503675.1.Bacteria.Cyanobacteria	2851.115	0.0	1425.5575
spe	901	900	3194.215	3136.94	3165.5775
spe	716	670	2935.17	2753.645	2844.4075
los	716	670	2935.17	2753.645	2844.4075
spe	715	714	2853.34	2786.11	2819.725
los	715	714	2853.34	2786.11	2819.725
spe	675	GCA.002789615.1.Bacteria.Acidobacteriota	2652.03	0.0	1326.015
los	675	GCA.002789615.1.Bacteria.Acidobacteriota	2652.03	0.0	1326.015
spe	674	GCA.002747255.1.Bacteria.Acidobacteriota	2473.205	0.0	1236.6025
los	674	GCA.002747255.1.Bacteria.Acidobacteriota	2473.205	0.0	1236.6025
hgt	None	dead	0.0	0.0	0.0
hgt	None	dead	0.0	0.0	0.0
los	None	dead	0.0	0.0	0.0
spe	899	743	3089.895	3035.675	3062.785
los	899	743	3089.895	3035.675	3062.785
spe	899	898	3089.895	3060.73	3075.3125
spe	756	GCA.001790645.1.Bacteria.Schekmanbacteria	2888.115	0.0	1444.0575
los	756	GCA.001790645.1.Bacteria.Schekmanbacteria	2888.115	0.0	1444.0575
spe	754	746	2746.525	2548.44	2647.4825
los	754	746	2746.525	2548.44	2647.4825
spe	753	751	2583.27	2475.955	2529.6125
los	753	751	2583.27	2475.955	2529.6125
spe	897	896	3021.29	2913.21	2967.25
los	897	896	3021.29	2913.21	2967.25
spe	897	889	3021.29	2916.985	2969.1375
spe	843	783	2862.71	2802.765	2832.7375
los	843	783	2862.71	2802.765	2832.7375
spe	842	798	2805.65	2657.78	2731.715
los	842	798	2805.65	2657.78	2731.715
spe	841	840	2762.435	2651.205	2706.82
los	841	840	2762.435	2651.205	2706.82
spe	801	GCA.001797815.1.Bacteria.RBG.13.61.14	2578.84	0.0	1289.42
los	801	GCA.001797815.1.Bacteria.RBG.13.61.14	2578.84	0.0	1289.42
spe	888	854	2827.975	2738.145	2783.06
los	888	854	2827.975	2738.145	2783.06
spe	888	887	2827.975	2727.215	2777.595
spe	863	857	2597.055	2515.41	2556.2325
los	863	857	2597.055	2515.41	2556.2325
dup	863	862	2597.055	2368.33	2482.6925
spe	862	GCA.002782605.1.Bacteria.Desulfobacterota	2368.33	0.0	1184.165
los	862	GCA.002782605.1.Bacteria.Desulfobacterota	2368.33	0.0	1184.165
spe	861	GCA.002327985.1.Bacteria.Desulfobacterota	2265.965	0.0	1132.9825
los	861	GCA.002327985.1.Bacteria.Desulfobacterota	2265.965	0.0	1132.9825
spe	863	862	2597.055	2368.33	2482.6925
spe	861	GCA.001304105.1.Bacteria.Desulfobacterota	2265.965	0.0	1132.9825
los	861	GCA.001304105.1.Bacteria.Desulfobacterota	2265.965	0.0	1132.9825
spe	886	874	2570.925	2502.96	2536.9425
los	886	874	2570.925	2502.96	2536.9425
spe	886	885	2570.925	2490.35	2530.6375
spe	884	880	2409.27	2202.89	2306.08
los	884	880	2409.27	2202.89	2306.08
spe	883	GCA.001751085.1.Bacteria.Desulfobacterota	2107.355	0.0	1053.6775
los	883	GCA.001751085.1.Bacteria.Desulfobacterota	2107.355	0.0	1053.6775
spe	885	877	2490.35	2406.095	2448.2225
hgt	None	dead	0.0	0.0	0.0
los	877	GCF.000620765.1.Bacteria.Desulfobacterota.I	2406.095	0.0	1203.0475
hgt	None	dead	0.0	0.0	0.0
los	None	dead	0.0	0.0	0.0
hgt	None	dead	0.0	0.0	0.0
los	None	dead	0.0	0.0	0.0
spe	742	741	2922.825	2582.55	2752.6875
hgt	794	GCA.001798565.1.Bacteria.Desulfobacterota.B	2136.5	0.0	1068.25
hgt	1163	GCF.000384115.1.Bacteria.Actinobacteriota	1488.035	0.0	744.0175
hgt	None	dead	0.0	0.0	0.0
los	None	dead	0.0	0.0	0.0
spe	1234	1233	2299.215	2039.805	2169.51
hgt	1655	GCA.001771505.1.Bacteria.Margulisbacteria	2626.04	0.0	1313.02
hgt	None	dead	0.0	0.0	0.0
los	None	dead	0.0	0.0	0.0
spe	173	151	2663.205	2556.275	2609.74
spe	150	GCA.003144275.1.Archaea.Asgardarchaeota	2169.605	0.0	1084.8025
los	150	GCA.003144275.1.Archaea.Asgardarchaeota	2169.605	0.0	1084.8025
spe	151	147	2556.275	2281.01	2418.6425
hgt	147	GCA.001940755.1.Archaea.Asgardarchaeota	2281.01	0.0	1140.505
los	147	GCA.001940755.1.Archaea.Asgardarchaeota	2281.01	0.0	1140.505
spe	1393	1392	3339.09	3284.295	3311.6925
spe	1391	1211	3133.07	3013.88	3073.475
los	1391	1211	3133.07	3013.88	3073.475
spe	1390	1218	3070.6	2947.155	3008.8775
los	1390	1218	3070.6	2947.155	3008.8775
spe	1390	1389	3070.6	3027.58	3049.09
spe	1389	1388	3027.58	2941.055	2984.3175
spe	1388	1387	2941.055	2902.155	2921.605
spe	1327	1289	2828.71	2635.61	2732.16
los	1327	1289	2828.71	2635.61	2732.16
spe	1326	1292	2719.225	2370.88	2545.0525
los	1326	1292	2719.225	2370.88	2545.0525
hgt	None	dead	0.0	0.0	0.0
spe	1325	1297	2604.385	2420.65	2512.5175
los	1325	1297	2604.385	2420.65	2512.5175
spe	1324	1308	2536.255	2377.745	2457.0
los	1324	1308	2536.255	2377.745	2457.0
spe	1324	1323	2536.255	2478.3	2507.2775
spe	1322	GCA.001512665.1.Bacteria.Firmicutes.B	2209.475	0.0	1104.7375
los	1322	GCA.001512665.1.Bacteria.Firmicutes.B	2209.475	0.0	1104.7375
spe	1319	GCF.900100785.1.Bacteria.Firmicutes.B	2388.655	0.0	1194.3275
los	1319	GCF.900100785.1.Bacteria.Firmicutes.B	2388.655	0.0	1194.3275
spe	1318	1312	2305.29	2058.365	2181.8275
los	1318	1312	2305.29	2058.365	2181.8275
spe	1317	1315	1778.785	1580.985	1679.885
los	1317	1315	1778.785	1580.985	1679.885
hgt	None	dead	0.0	0.0	0.0
los	None	dead	0.0	0.0	0.0
spe	1070	1069	2818.7	2559.465	2689.0825
spe	1068	GCA.002877955.1.Bacteria.Caldisericota	2377.575	0.0	1188.7875
los	1068	GCA.002877955.1.Bacteria.Caldisericota	2377.575	0.0	1188.7875
spe	1386	1330	2794.775	2416.115	2605.445
los	1386	1330	2794.775	2416.115	2605.445
spe	1385	1333	2733.33	2457.61	2595.47
los	1385	1333	2733.33	2457.61	2595.47
spe	1384	1338	2455.815	2111.765	2283.79
los	1384	1338	2455.815	2111.765	2283.79
spe	1383	1341	2371.08	2078.19	2224.635
los	1383	1341	2371.08	2078.19	2224.635
spe	1382	1344	2292.545	2055.27	2173.9075
los	1382	1344	2292.545	2055.27	2173.9075
dup	1382	1381	2292.545	2205.155	2248.85
spe	1381	1380	2205.155	2120.065	2162.61
los	1381	1380	2205.155	2120.065	2162.61
spe	1381	1351	2205.155	2134.51	2169.8325
spe	1347	GCF.900099895.1.Bacteria.Firmicutes	1852.54	0.0	926.27
los	1347	GCF.900099895.1.Bacteria.Firmicutes	1852.54	0.0	926.27
spe	1350	GCF.000942395.1.Bacteria.Firmicutes	1969.515	0.0	984.7575
los	1350	GCF.000942395.1.Bacteria.Firmicutes	1969.515	0.0	984.7575
spe	1382	1381	2292.545	2205.155	2248.85
spe	1351	1350	2134.51	1969.515	2052.0125
los	1351	1350	2134.51	1969.515	2052.0125
spe	1347	GCF.001561915.1.Bacteria.Firmicutes	1852.54	0.0	926.27
los	1347	GCF.001561915.1.Bacteria.Firmicutes	1852.54	0.0	926.27
spe	1380	GCF.001049895.1.Bacteria.Firmicutes	2120.065	0.0	1060.0325
los	1380	GCF.001049895.1.Bacteria.Firmicutes	2120.065	0.0	1060.0325
spe	1379	1378	2060.89	1789.555	1925.2225
los	1379	1378	2060.89	1789.555	1925.2225
spe	1379	1355	2060.89	1845.21	1953.05
spe	1274	1240	2802.895	2549.06	2675.9775
los	1274	1240	2802.895	2549.06	2675.9775
spe	1273	GCF.000166335.1.Bacteria.Firmicutes.A	2658.63	0.0	1329.315
los	1273	GCF.000166335.1.Bacteria.Firmicutes.A	2658.63	0.0	1329.315
spe	1272	1246	2548.195	2308.455	2428.325
los	1272	1246	2548.195	2308.455	2428.325
spe	1272	1271	2548.195	2346.495	2447.345
spe	1270	1264	2201.025	1943.29	2072.1575
los	1270	1264	2201.025	1943.29	2072.1575
spe	1269	1268	2051.8	1820.865	1936.3325
los	1269	1268	2051.8	1820.865	1936.3325
spe	1259	1258	2295.84	2095.365	2195.6025
los	1259	1258	2295.84	2095.365	2195.6025
spe	1253	GCF.900142265.1.Bacteria.Firmicutes.A	2190.3	0.0	1095.15
los	1253	GCF.900142265.1.Bacteria.Firmicutes.A	2190.3	0.0	1095.15
spe	1253	1252	2190.3	2040.145	2115.2225
hgt	1269	GCF.002252565.1.Bacteria.Firmicutes.A	2051.8	0.0	1025.9
spe	1252	1251	2040.145	1879.525	1959.835
hgt	None	dead	0.0	0.0	0.0
los	1251	GCA.002478485.1.Bacteria.Firmicutes.A	1879.525	0.0	939.7625
hgt	None	dead	0.0	0.0	0.0
los	None	dead	0.0	0.0	0.0
spe	1389	1237	3027.58	2784.985	2906.2825
spe	1221	GCA.002375895.1.Bacteria.Firmicutes.E	2447.11	0.0	1223.555
los	1221	GCA.002375895.1.Bacteria.Firmicutes.E	2447.11	0.0	1223.555
hgt	None	dead	0.0	0.0	0.0
los	1237	1236	2784.985	2683.21	2734.0975
hgt	None	dead	0.0	0.0	0.0
los	None	dead	0.0	0.0	0.0
spe	1188	GCA.002779205.1.Bacteria.Actinobacteriota	3109.515	0.0	1554.7575
los	1188	GCA.002779205.1.Bacteria.Actinobacteriota	3109.515	0.0	1554.7575
spe	1187	1133	3068.88	2731.5	2900.19
los	1187	1133	3068.88	2731.5	2900.19
hgt	None	dead	0.0	0.0	0.0
spe	1186	1185	3002.725	2913.82	2958.2725
los	1186	1185	3002.725	2913.82	2958.2725
spe	1136	GCA.001768645.1.Bacteria.Actinobacteriota	2691.07	0.0	1345.535
los	1136	GCA.001768645.1.Bacteria.Actinobacteriota	2691.07	0.0	1345.535
hgt	None	dead	0.0	0.0	0.0
los	None	dead	0.0	0.0	0.0
spe	178	177	3109.52	2987.475	3048.4975
spe	95	39	2895.515	2772.035	2833.775
los	95	39	2895.515	2772.035	2833.775
spe	94	93	2874.54	2781.775	2828.1575
los	94	93	2874.54	2781.775	2828.1575
spe	42	GCA.002502135.1.Archaea.Undinarchaeota	2631.08	0.0	1315.54
los	42	GCA.002502135.1.Archaea.Undinarchaeota	2631.08	0.0	1315.54
spe	177	176	2987.475	2870.105	2928.79
spe	140	GCF.000019605.1.Archaea.Thermoproteota	2794.965	0.0	1397.4825
los	140	GCF.000019605.1.Archaea.Thermoproteota	2794.965	0.0	1397.4825
spe	140	139	2794.965	2746.6	2770.7825
spe	109	103	2611.625	2372.465	2492.045
los	109	103	2611.625	2372.465	2492.045
spe	108	GCF.000148385.1.Archaea.Thermoproteota	2433.705	0.0	1216.8525
los	108	GCF.000148385.1.Archaea.Thermoproteota	2433.705	0.0	1216.8525
spe	107	GCA.003019535.1.Archaea.Thermoproteota	2229.765	0.0	1114.8825
los	107	GCA.003019535.1.Archaea.Thermoproteota	2229.765	0.0	1114.8825
spe	138	137	2683.72	2562.75	2623.235
los	138	137	2683.72	2562.75	2623.235
spe	124	GCA.002495485.1.Archaea.Thermoproteota	2576.715	0.0	1288.3575
los	124	GCA.002495485.1.Archaea.Thermoproteota	2576.715	0.0	1288.3575
spe	123	113	2509.405	2352.095	2430.75
los	123	113	2509.405	2352.095	2430.75
spe	122	118	2416.7	2278.345	2347.5225
los	122	118	2416.7	2278.345	2347.5225
spe	121	GCA.001273335.1.Archaea.Thermoproteota	2129.565	0.0	1064.7825
los	121	GCA.001273335.1.Archaea.Thermoproteota	2129.565	0.0	1064.7825
spe	176	175	2870.105	2794.775	2832.44
spe	143	GCA.001563325.1.Archaea.Asgardarchaeota	2511.185	0.0	1255.5925
los	143	GCA.001563325.1.Archaea.Asgardarchaeota	2511.185	0.0	1255.5925
spe	174	173	2722.305	2663.205	2692.755
los	174	173	2722.305	2663.205	2692.755
hgt	None	dead	0.0	0.0	0.0
los	None	dead	0.0	0.0	0.0
spe	199	198	2950.105	2808.635	2879.37
hgt	892	GCA.001873285.1.Bacteria.CG2.30.53.67	2624.55	0.0	1312.275
hgt	None	dead	0.0	0.0	0.0
hgt	514	513	2299.515	2253.55	2276.5325
hgt	None	dead	0.0	0.0	0.0
los	None	dead	0.0	0.0	0.0
dup	514	513	2299.515	2253.55	2276.5325
hgt	None	dead	0.0	0.0	0.0
spe	514	513	2299.515	2253.55	2276.5325
spe	512	486	2172.63	1956.2	2064.415
los	512	486	2172.63	1956.2	2064.415
spe	511	489	2112.01	1797.555	1954.7825
los	511	489	2112.01	1797.555	1954.7825
spe	510	492	2056.505	1826.375	1941.44
los	510	492	2056.505	1826.375	1941.44
spe	510	509	2056.505	1977.465	2016.985
spe	508	498	1872.275	1734.36	1803.3175
los	508	498	1872.275	1734.36	1803.3175
spe	507	503	1662.025	1517.515	1589.77
los	507	503	1662.025	1517.515	1589.77
spe	506	GCA.002480495.1.Bacteria.Proteobacteria	1610.765	0.0	805.3825
los	506	GCA.002480495.1.Bacteria.Proteobacteria	1610.765	0.0	805.3825
spe	495	GCF.003173035.1.Bacteria.Proteobacteria	1736.875	0.0	868.4375
los	495	GCF.003173035.1.Bacteria.Proteobacteria	1736.875	0.0	868.4375
spe	513	483	2253.55	2221.01	2237.28
spe	447	439	2113.215	1983.035	2048.125
los	447	439	2113.215	1983.035	2048.125
spe	447	446	2113.215	1951.09	2032.1525
spe	445	444	1836.495	1669.2	1752.8475
los	445	444	1836.495	1669.2	1752.8475
hgt	None	dead	0.0	0.0	0.0
hgt	415	GCA.002717245.1.Bacteria.Proteobacteria	1888.055	0.0	944.0275
hgt	None	dead	0.0	0.0	0.0
los	None	dead	0.0	0.0	0.0
spe	483	482	2221.01	2151.75	2186.38
spe	482	481	2151.75	2091.815	2121.7825
spe	469	468	2003.935	1847.82	1925.8775
los	469	468	2003.935	1847.82	1925.8775
spe	463	GCF.002251795.1.Bacteria.Proteobacteria	1889.86	0.0	944.93
los	463	GCF.002251795.1.Bacteria.Proteobacteria	1889.86	0.0	944.93
spe	463	462	1889.86	1641.635	1765.7475
hgt	481	480	2091.815	1990.065	2040.94
los	481	480	2091.815	1990.065	2040.94
spe	436	435	2217.14	2071.245	2144.1925
hgt	None	dead	0.0	0.0	0.0
spe	435	434	2071.245	1886.935	1979.09
hgt	None	dead	0.0	0.0	0.0
hgt	None	dead	0.0	0.0	0.0
hgt	453	GCA.002457765.1.Bacteria.Proteobacteria	1231.6385	0.0	615.81925
hgt	None	dead	0.0	0.0	0.0
los	None	dead	0.0	0.0	0.0
hgt	796	GCA.002238415.1.Bacteria.Desulfobacterota.B	2368.175	0.0	1184.0875
hgt	None	dead	0.0	0.0	0.0
los	None	dead	0.0	0.0	0.0
hgt	581	GCA.002868855.1.Bacteria.Proteobacteria	1845.545	0.0	922.7725
hgt	None	dead	0.0	0.0	0.0
hgt	436	GCA.002722885.1.Bacteria.Proteobacteria	2217.14	0.0	1108.57
hgt	None	dead	0.0	0.0	0.0
los	None	dead	0.0	0.0	0.0
hgt	444	GCA.002686135.1.Bacteria.Proteobacteria	1669.2	0.0	834.6
hgt	None	dead	0.0	0.0	0.0
los	None	dead	0.0	0.0	0.0
spe	458	GCA.002340345.1.Bacteria.Proteobacteria	2053.74	0.0	1026.87
los	458	GCA.002340345.1.Bacteria.Proteobacteria	2053.74	0.0	1026.87
hgt	None	dead	0.0	0.0	0.0
hgt	None	dead	0.0	0.0	0.0
los	None	dead	0.0	0.0	0.0
spe	456	455	1898.57	1531.25	1714.91
los	456	455	1898.57	1531.25	1714.91
hgt	None	dead	0.0	0.0	0.0
los	None	dead	0.0	0.0	0.0
spe	603	602	2200.665	2136.455	2168.56
spe	592	GCF.001720165.1.Bacteria.Proteobacteria	1879.945	0.0	939.9725
los	592	GCF.001720165.1.Bacteria.Proteobacteria	1879.945	0.0	939.9725
spe	601	595	2005.515	1816.095	1910.805
los	601	595	2005.515	1816.095	1910.805
spe	600	598	1814.2	1497.41	1655.805
los	600	598	1814.2	1497.41	1655.805
spe	514	513	2299.515	2253.55	2276.5325
spe	483	482	2221.01	2151.75	2186.38
los	483	482	2221.01	2151.75	2186.38
spe	447	446	2113.215	1951.09	2032.1525
los	447	446	2113.215	1951.09	2032.1525
spe	439	GCF.001613805.1.Bacteria.Proteobacteria	1983.035	0.0	991.5175
los	439	GCF.001613805.1.Bacteria.Proteobacteria	1983.035	0.0	991.5175
spe	512	486	2172.63	1956.2	2064.415
los	512	486	2172.63	1956.2	2064.415
spe	511	489	2112.01	1797.555	1954.7825
los	511	489	2112.01	1797.555	1954.7825
spe	510	509	2056.505	1977.465	2016.985
los	510	509	2056.505	1977.465	2016.985
spe	510	492	2056.505	1826.375	1941.44
hgt	489	GCA.002348365.1.Bacteria.Proteobacteria	1797.555	0.0	898.7775
hgt	None	dead	0.0	0.0	0.0
hgt	738	737	2756.645	2630.42	2693.5325
hgt	None	dead	0.0	0.0	0.0
los	None	dead	0.0	0.0	0.0
dup	738	737	2756.645	2630.42	2693.5325
spe	737	733	2630.42	2275.95	2453.185
los	737	733	2630.42	2275.95	2453.185
spe	736	GCA.003454665.1.Bacteria.Nitrospirota	2435.77	0.0	1217.885
los	736	GCA.003454665.1.Bacteria.Nitrospirota	2435.77	0.0	1217.885
spe	738	737	2756.645	2630.42	2693.5325
spe	736	GCA.001803795.1.Bacteria.Nitrospirota	2435.77	0.0	1217.885
los	736	GCA.001803795.1.Bacteria.Nitrospirota	2435.77	0.0	1217.885
spe	737	733	2630.42	2275.95	2453.185
spe	732	GCA.002011735.1.Bacteria.Nitrospirota	2077.52	0.0	1038.76
los	732	GCA.002011735.1.Bacteria.Nitrospirota	2077.52	0.0	1038.76
hgt	None	dead	0.0	0.0	0.0
hgt	1029	GCA.001777915.1.Bacteria.Edwardsbacteria	2585.52	0.0	1292.76
hgt	None	dead	0.0	0.0	0.0
los	None	dead	0.0	0.0	0.0
hgt	None	dead	0.0	0.0	0.0
hgt	None	dead	0.0	0.0	0.0
los	None	dead	0.0	0.0	0.0
spe	251	250	2585.35	2494.48	2539.915
spe	236	GCA.001800495.1.Bacteria.Elusimicrobiota	2376.71	0.0	1188.355
los	236	GCA.001800495.1.Bacteria.Elusimicrobiota	2376.71	0.0	1188.355
spe	249	248	2408.17	1920.715	2164.4425
los	249	248	2408.17	1920.715	2164.4425
spe	245	244	2346.24	2178.39	2262.315
los	245	244	2346.24	2178.39	2262.315
spe	241	239	2226.475	2146.715	2186.595
los	241	239	2226.475	2146.715	2186.595
hgt	1258	GCA.003527145.1.Bacteria.Firmicutes.A	2095.365	0.0	1047.6825
