event	left_node	right_node	left_date	right_date	midpoint_date
spe	902	901	3241.035	3194.215	3217.625
spe	901	663	3194.215	3149.67	3171.9425
hgt	None	dead	0.0	0.0	0.0
hgt	None	dead	0.0	0.0	0.0
los	None	dead	0.0	0.0	0.0
spe	663	397	3149.67	3038.98	3094.325
spe	397	396	3038.98	2831.62	2935.3
spe	395	GCF.000487995.1.Bacteria.Deferribacterota	2049.66	0.0	1024.83
los	395	GCF.000487995.1.Bacteria.Deferribacterota	2049.66	0.0	1024.83
hgt	396	GCF.000177635.2.Bacteria.Chrysiogenota	2831.62	0.0	1415.81
los	396	GCF.000177635.2.Bacteria.Chrysiogenota	2831.62	0.0	1415.81
spe	850	849	2713.455	2490.935	2602.195
hgt	376	GCA.002418835.1.Bacteria.Spirochaetota	2638.94	0.0	1319.47
hgt	871	GCA.007244385.1.Bacteria.Desulfobacterota	2172.555	0.0	1086.2775
hgt	1058	GCF.000233775.1.Bacteria.Synergistota	2874.585	0.0	1437.2925
hgt	877	GCF.000620765.1.Bacteria.Desulfobacterota.I	2406.095	0.0	1203.0475
hgt	1380	GCF.001049895.1.Bacteria.Firmicutes	2120.065	0.0	1060.0325
spe	662	661	3108.12	3075.81	3091.965
los	662	661	3108.12	3075.81	3091.965
spe	662	400	3108.12	2693.845	2900.9825
hgt	905	GCA.001412425.1.Bacteria.Cloacimonadota	2553.935	0.0	1276.9675
hgt	130	128	2259.135	1456.455	1857.795
hgt	598	GCA.002292285.1.Bacteria.Proteobacteria	1497.41	0.0	748.705
hgt	529	GCA.002420425.1.Bacteria.Proteobacteria	2307.945	0.0	1153.9725
hgt	383	GCA.001829315.1.Bacteria.Spirochaetota	2480.61	0.0	1240.305
hgt	183	GCA.002325765.1.Bacteria.Proteobacteria	3092.06	0.0	1546.03
spe	130	128	2259.135	1456.455	1857.795
hgt	1292	GCF.001950325.1.Bacteria.Firmicutes.B	2370.88	0.0	1185.44
hgt	949	GCA.002452555.1.Bacteria.Marinisomatota	2228.61	0.0	1114.305
hgt	113	GCA.001593865.1.Archaea.Thermoproteota	2352.095	0.0	1176.0475
hgt	668	GCA.001775755.1.Bacteria.Acidobacteriota	2182.81	0.0	1091.405
hgt	188	GCA.001787855.1.Bacteria.Riflebacteria	3243.0	0.0	1621.5
hgt	871	GCA.002899795.1.Bacteria.Desulfobacterota	2172.555	0.0	1086.2775
hgt	834	GCA.001798605.1.Bacteria.Myxococcota	2442.985	0.0	1221.4925
hgt	801	GCA.001797815.1.Bacteria.RBG.13.61.14	2578.84	0.0	1289.42
hgt	746	GCA.002238965.1.Bacteria.UBA8248	2548.44	0.0	1274.22
hgt	686	GCA.002451015.1.Bacteria.Acidobacteriota	2295.75	0.0	1147.875
spe	901	900	3194.215	3136.94	3165.5775
spe	899	743	3089.895	3035.675	3062.785
los	899	743	3089.895	3035.675	3062.785
spe	899	898	3089.895	3060.73	3075.3125
spe	756	GCA.001790645.1.Bacteria.Schekmanbacteria	2888.115	0.0	1444.0575
los	756	GCA.001790645.1.Bacteria.Schekmanbacteria	2888.115	0.0	1444.0575
spe	754	753	2746.525	2583.27	2664.8975
los	754	753	2746.525	2583.27	2664.8975
spe	746	GCA.002238965.1.Bacteria.UBA8248	2548.44	0.0	1274.22
los	746	GCA.002238965.1.Bacteria.UBA8248	2548.44	0.0	1274.22
spe	897	889	3021.29	2916.985	2969.1375
los	897	889	3021.29	2916.985	2969.1375
spe	896	892	2913.21	2624.55	2768.88
los	896	892	2913.21	2624.55	2768.88
spe	896	895	2913.21	2668.13	2790.67
hgt	None	dead	0.0	0.0	0.0
hgt	None	dead	0.0	0.0	0.0
los	None	dead	0.0	0.0	0.0
hgt	361	360	2745.685	2603.365	2674.525
hgt	None	dead	0.0	0.0	0.0
hgt	None	dead	0.0	0.0	0.0
los	None	dead	0.0	0.0	0.0
spe	361	360	2745.685	2603.365	2674.525
spe	359	GCF.000949635.1.Bacteria.Planctomycetota	2462.325	0.0	1231.1625
los	359	GCF.000949635.1.Bacteria.Planctomycetota	2462.325	0.0	1231.1625
spe	360	356	2603.365	2426.325	2514.845
hgt	356	GCA.001303885.1.Bacteria.Planctomycetota	2426.325	0.0	1213.1625
los	356	GCA.001303885.1.Bacteria.Planctomycetota	2426.325	0.0	1213.1625
hgt	None	dead	0.0	0.0	0.0
hgt	1392	1391	3284.295	3133.07	3208.6825
spe	900	716	3136.94	2935.17	3036.055
hgt	None	dead	0.0	0.0	0.0
hgt	None	dead	0.0	0.0	0.0
los	None	dead	0.0	0.0	0.0
hgt	None	dead	0.0	0.0	0.0
los	716	715	2935.17	2853.34	2894.255
hgt	None	dead	0.0	0.0	0.0
los	None	dead	0.0	0.0	0.0
spe	650	649	2528.52	2487.635	2508.0775
spe	649	543	2487.635	2384.42	2436.0275
spe	542	GCA.002352565.1.Bacteria.Proteobacteria	2266.915	0.0	1133.4575
los	542	GCA.002352565.1.Bacteria.Proteobacteria	2266.915	0.0	1133.4575
hgt	None	dead	0.0	0.0	0.0
los	543	539	2384.42	2248.565	2316.4925
hgt	None	dead	0.0	0.0	0.0
los	None	dead	0.0	0.0	0.0
hgt	None	dead	0.0	0.0	0.0
spe	649	648	2487.635	2440.92	2464.2775
spe	648	647	2440.92	2391.055	2415.9875
hgt	647	571	2391.055	2282.495	2336.775
los	647	571	2391.055	2282.495	2336.775
spe	646	645	2358.03	2312.285	2335.1575
los	646	645	2358.03	2312.285	2335.1575
spe	588	576	2283.06	2178.965	2231.0125
los	588	576	2283.06	2178.965	2231.0125
spe	587	586	1996.16	1895.525	1945.8425
los	587	586	1996.16	1895.525	1945.8425
spe	581	579	1845.545	1566.0	1705.7725
los	581	579	1845.545	1566.0	1705.7725
spe	562	546	2333.93	2056.155	2195.0425
los	562	546	2333.93	2056.155	2195.0425
spe	562	561	2333.93	2282.175	2308.0525
spe	560	558	2138.97	1998.285	2068.6275
los	560	558	2138.97	1998.285	2068.6275
hgt	514	436	2299.515	2217.14	2258.3275
spe	553	GCF.001641825.1.Bacteria.Proteobacteria	2172.955	0.0	1086.4775
los	553	GCF.001641825.1.Bacteria.Proteobacteria	2172.955	0.0	1086.4775
spe	552	GCF.001614315.2.Bacteria.Proteobacteria	1988.77	0.0	994.385
los	552	GCF.001614315.2.Bacteria.Proteobacteria	1988.77	0.0	994.385
spe	551	GCA.002699105.1.Bacteria.Bacteroidota	1711.785	0.0	855.8925
los	551	GCA.002699105.1.Bacteria.Bacteroidota	1711.785	0.0	855.8925
spe	514	436	2299.515	2217.14	2258.3275
spe	435	GCA.006969625.1.Bacteria.Proteobacteria	2071.245	0.0	1035.6225
los	435	GCA.006969625.1.Bacteria.Proteobacteria	2071.245	0.0	1035.6225
spe	434	GCA.002238885.1.Bacteria.Proteobacteria	1886.935	0.0	943.4675
los	434	GCA.002238885.1.Bacteria.Proteobacteria	1886.935	0.0	943.4675
hgt	None	dead	0.0	0.0	0.0
los	None	dead	0.0	0.0	0.0
dup	515	514	2401.52	2299.515	2350.5175
spe	515	514	2401.52	2299.515	2350.5175
spe	436	GCA.002722885.1.Bacteria.Proteobacteria	2217.14	0.0	1108.57
los	436	GCA.002722885.1.Bacteria.Proteobacteria	2217.14	0.0	1108.57
spe	435	434	2071.245	1886.935	1979.09
los	435	434	2071.245	1886.935	1979.09
dup	514	513	2299.515	2253.55	2276.5325
spe	514	513	2299.515	2253.55	2276.5325
spe	513	483	2253.55	2221.01	2237.28
hgt	None	dead	0.0	0.0	0.0
los	483	482	2221.01	2151.75	2186.38
hgt	None	dead	0.0	0.0	0.0
los	None	dead	0.0	0.0	0.0
spe	447	446	2113.215	1951.09	2032.1525
los	447	446	2113.215	1951.09	2032.1525
spe	439	GCF.001613805.1.Bacteria.Proteobacteria	1983.035	0.0	991.5175
los	439	GCF.001613805.1.Bacteria.Proteobacteria	1983.035	0.0	991.5175
spe	512	486	2172.63	1956.2	2064.415
los	512	486	2172.63	1956.2	2064.415
spe	511	489	2112.01	1797.555	1954.7825
los	511	489	2112.01	1797.555	1954.7825
spe	511	510	2112.01	2056.505	2084.2575
spe	492	GCF.002798435.1.Bacteria.Proteobacteria	1826.375	0.0	913.1875
los	492	GCF.002798435.1.Bacteria.Proteobacteria	1826.375	0.0	913.1875
spe	509	508	1977.465	1872.275	1924.87
los	509	508	1977.465	1872.275	1924.87
spe	495	GCF.003173035.1.Bacteria.Proteobacteria	1736.875	0.0	868.4375
los	495	GCF.003173035.1.Bacteria.Proteobacteria	1736.875	0.0	868.4375
spe	514	513	2299.515	2253.55	2276.5325
spe	512	486	2172.63	1956.2	2064.415
los	512	486	2172.63	1956.2	2064.415
spe	512	511	2172.63	2112.01	2142.32
spe	489	GCA.002701885.1.Bacteria.Proteobacteria	1797.555	0.0	898.7775
los	489	GCA.002701885.1.Bacteria.Proteobacteria	1797.555	0.0	898.7775
spe	510	509	2056.505	1977.465	2016.985
los	510	509	2056.505	1977.465	2016.985
spe	492	GCF.900172325.1.Bacteria.Proteobacteria	1826.375	0.0	913.1875
los	492	GCF.900172325.1.Bacteria.Proteobacteria	1826.375	0.0	913.1875
spe	513	483	2253.55	2221.01	2237.28
hgt	None	dead	0.0	0.0	0.0
los	483	447	2221.01	2113.215	2167.1125
hgt	None	dead	0.0	0.0	0.0
los	None	dead	0.0	0.0	0.0
spe	482	481	2151.75	2091.815	2121.7825
los	482	481	2151.75	2091.815	2121.7825
spe	458	GCA.002340345.1.Bacteria.Proteobacteria	2053.74	0.0	1026.87
los	458	GCA.002340345.1.Bacteria.Proteobacteria	2053.74	0.0	1026.87
spe	456	455	1898.57	1531.25	1714.91
los	456	455	1898.57	1531.25	1714.91
spe	514	436	2299.515	2217.14	2258.3275
los	514	436	2299.515	2217.14	2258.3275
spe	513	512	2253.55	2172.63	2213.09
los	513	512	2253.55	2172.63	2213.09
spe	513	483	2253.55	2221.01	2237.28
spe	447	439	2113.215	1983.035	2048.125
los	447	439	2113.215	1983.035	2048.125
spe	447	446	2113.215	1951.09	2032.1525
spe	446	445	1951.09	1836.495	1893.7925
spe	444	GCA.002348425.1.Bacteria.Proteobacteria	1669.2	0.0	834.6
los	444	GCA.002348425.1.Bacteria.Proteobacteria	1669.2	0.0	834.6
hgt	600	GCA.002007425.1.Bacteria.Proteobacteria	1814.2	0.0	907.1
hgt	498	GCA.002731375.1.Bacteria.Proteobacteria	1734.36	0.0	867.18
spe	482	458	2151.75	2053.74	2102.745
los	482	458	2151.75	2053.74	2102.745
spe	481	480	2091.815	1990.065	2040.94
los	481	480	2091.815	1990.065	2040.94
spe	469	468	2003.935	1847.82	1925.8775
los	469	468	2003.935	1847.82	1925.8775
spe	463	GCF.002251795.1.Bacteria.Proteobacteria	1889.86	0.0	944.93
los	463	GCF.002251795.1.Bacteria.Proteobacteria	1889.86	0.0	944.93
spe	463	462	1889.86	1641.635	1765.7475
hgt	506	GCA.001464215.1.Bacteria.Proteobacteria	1610.765	0.0	805.3825
hgt	415	GCA.002717245.1.Bacteria.Proteobacteria	1888.055	0.0	944.0275
hgt	403	GCF.001907975.1.Bacteria.Proteobacteria	2763.35	0.0	1381.675
hgt	1273	GCF.000166335.1.Bacteria.Firmicutes.A	2658.63	0.0	1329.315
spe	716	670	2935.17	2753.645	2844.4075
hgt	670	GCA.002898535.1.Bacteria.Acidobacteriota	2753.645	0.0	1376.8225
los	670	GCA.002898535.1.Bacteria.Acidobacteriota	2753.645	0.0	1376.8225
hgt	251	250	2585.35	2494.48	2539.915
spe	669	668	2395.145	2182.81	2288.9775
los	669	668	2395.145	2182.81	2288.9775
hgt	1029	GCA.001777915.1.Bacteria.Edwardsbacteria	2585.52	0.0	1292.76
spe	251	250	2585.35	2494.48	2539.915
spe	236	GCA.001800495.1.Bacteria.Elusimicrobiota	2376.71	0.0	1188.355
los	236	GCA.001800495.1.Bacteria.Elusimicrobiota	2376.71	0.0	1188.355
spe	249	248	2408.17	1920.715	2164.4425
los	249	248	2408.17	1920.715	2164.4425
spe	245	244	2346.24	2178.39	2262.315
los	245	244	2346.24	2178.39	2262.315
spe	241	239	2226.475	2146.715	2186.595
los	241	239	2226.475	2146.715	2186.595
dup	1392	1391	3284.295	3133.07	3208.6825
spe	1391	1211	3133.07	3013.88	3073.475
los	1391	1211	3133.07	3013.88	3073.475
dup	1391	1390	3133.07	3070.6	3101.835
spe	1391	1390	3133.07	3070.6	3101.835
spe	1218	GCA.001513125.1.Bacteria.DTU030	2947.155	0.0	1473.5775
los	1218	GCA.001513125.1.Bacteria.DTU030	2947.155	0.0	1473.5775
spe	1216	1215	2550.05	2030.585	2290.3175
los	1216	1215	2550.05	2030.585	2290.3175
spe	1390	1389	3070.6	3027.58	3049.09
spe	1389	1388	3027.58	2941.055	2984.3175
hgt	None	dead	0.0	0.0	0.0
dup	None	dead	0.0	0.0	0.0
hgt	None	dead	0.0	0.0	0.0
los	None	dead	0.0	0.0	0.0
hgt	None	dead	0.0	0.0	0.0
los	None	dead	0.0	0.0	0.0
spe	737	733	2630.42	2275.95	2453.185
spe	733	732	2275.95	2077.52	2176.735
hgt	732	GCA.002011735.1.Bacteria.Nitrospirota	2077.52	0.0	1038.76
los	732	GCA.002011735.1.Bacteria.Nitrospirota	2077.52	0.0	1038.76
hgt	None	dead	0.0	0.0	0.0
hgt	None	dead	0.0	0.0	0.0
los	None	dead	0.0	0.0	0.0
hgt	None	dead	0.0	0.0	0.0
los	1388	1387	2941.055	2902.155	2921.605
hgt	None	dead	0.0	0.0	0.0
los	None	dead	0.0	0.0	0.0
spe	1388	1274	2941.055	2802.895	2871.975
hgt	1274	1240	2802.895	2549.06	2675.9775
los	1274	1240	2802.895	2549.06	2675.9775
spe	1274	1273	2802.895	2658.63	2730.7625
hgt	173	151	2663.205	2556.275	2609.74
hgt	1273	GCF.000166335.1.Bacteria.Firmicutes.A	2658.63	0.0	1329.315
los	1273	GCF.000166335.1.Bacteria.Firmicutes.A	2658.63	0.0	1329.315
spe	1381	1351	2205.155	2134.51	2169.8325
spe	1350	GCF.000942395.1.Bacteria.Firmicutes	1969.515	0.0	984.7575
los	1350	GCF.000942395.1.Bacteria.Firmicutes	1969.515	0.0	984.7575
spe	1351	1347	2134.51	1852.54	1993.525
hgt	1347	GCF.900099895.1.Bacteria.Firmicutes	1852.54	0.0	926.27
los	1347	GCF.900099895.1.Bacteria.Firmicutes	1852.54	0.0	926.27
spe	173	151	2663.205	2556.275	2609.74
spe	150	GCA.003144275.1.Archaea.Asgardarchaeota	2169.605	0.0	1084.8025
los	150	GCA.003144275.1.Archaea.Asgardarchaeota	2169.605	0.0	1084.8025
spe	147	GCA.001940755.1.Archaea.Asgardarchaeota	2281.01	0.0	1140.505
los	147	GCA.001940755.1.Archaea.Asgardarchaeota	2281.01	0.0	1140.505
spe	1272	1246	2548.195	2308.455	2428.325
los	1272	1246	2548.195	2308.455	2428.325
spe	1272	1271	2548.195	2346.495	2447.345
spe	1270	1264	2201.025	1943.29	2072.1575
los	1270	1264	2201.025	1943.29	2072.1575
spe	1269	1268	2051.8	1820.865	1936.3325
los	1269	1268	2051.8	1820.865	1936.3325
spe	1271	1259	2346.495	2295.84	2321.1675
hgt	None	dead	0.0	0.0	0.0
los	1259	1258	2295.84	2095.365	2195.6025
hgt	None	dead	0.0	0.0	0.0
los	None	dead	0.0	0.0	0.0
spe	1253	GCF.900142265.1.Bacteria.Firmicutes.A	2190.3	0.0	1095.15
los	1253	GCF.900142265.1.Bacteria.Firmicutes.A	2190.3	0.0	1095.15
spe	1253	1252	2190.3	2040.145	2115.2225
spe	1251	GCA.002478485.1.Bacteria.Firmicutes.A	1879.525	0.0	939.7625
los	1251	GCA.002478485.1.Bacteria.Firmicutes.A	1879.525	0.0	939.7625
hgt	1215	GCA.003070825.1.Bacteria.Firmicutes.F	2030.585	0.0	1015.2925
hgt	1269	GCF.002252565.1.Bacteria.Firmicutes.A	2051.8	0.0	1025.9
spe	1389	1237	3027.58	2784.985	2906.2825
spe	1237	1221	2784.985	2447.11	2616.0475
hgt	1221	GCA.002375895.1.Bacteria.Firmicutes.E	2447.11	0.0	1223.555
los	1221	GCA.002375895.1.Bacteria.Firmicutes.E	2447.11	0.0	1223.555
spe	1382	1381	2292.545	2205.155	2248.85
spe	1351	1350	2134.51	1969.515	2052.0125
los	1351	1350	2134.51	1969.515	2052.0125
spe	1347	GCF.001561915.1.Bacteria.Firmicutes	1852.54	0.0	926.27
los	1347	GCF.001561915.1.Bacteria.Firmicutes	1852.54	0.0	926.27
spe	1380	GCF.001049895.1.Bacteria.Firmicutes	2120.065	0.0	1060.0325
los	1380	GCF.001049895.1.Bacteria.Firmicutes	2120.065	0.0	1060.0325
spe	1379	1378	2060.89	1789.555	1925.2225
los	1379	1378	2060.89	1789.555	1925.2225
spe	1379	1355	2060.89	1845.21	1953.05
hgt	None	dead	0.0	0.0	0.0
los	1237	1236	2784.985	2683.21	2734.0975
hgt	None	dead	0.0	0.0	0.0
los	None	dead	0.0	0.0	0.0
spe	1324	1323	2536.255	2478.3	2507.2775
spe	1319	GCF.900100785.1.Bacteria.Firmicutes.B	2388.655	0.0	1194.3275
los	1319	GCF.900100785.1.Bacteria.Firmicutes.B	2388.655	0.0	1194.3275
spe	1318	1312	2305.29	2058.365	2181.8275
los	1318	1312	2305.29	2058.365	2181.8275
spe	1317	1315	1778.785	1580.985	1679.885
los	1317	1315	1778.785	1580.985	1679.885
spe	1323	1322	2478.3	2209.475	2343.8875
hgt	1322	GCA.001512665.1.Bacteria.Firmicutes.B	2209.475	0.0	1104.7375
los	1322	GCA.001512665.1.Bacteria.Firmicutes.B	2209.475	0.0	1104.7375
hgt	None	dead	0.0	0.0	0.0
hgt	None	dead	0.0	0.0	0.0
spe	1391	1390	3133.07	3070.6	3101.835
spe	1389	1237	3027.58	2784.985	2906.2825
los	1389	1237	3027.58	2784.985	2906.2825
spe	1388	1274	2941.055	2802.895	2871.975
los	1388	1274	2941.055	2802.895	2871.975
spe	1387	1386	2902.155	2794.775	2848.465
los	1387	1386	2902.155	2794.775	2848.465
spe	1327	1326	2828.71	2719.225	2773.9675
los	1327	1326	2828.71	2719.225	2773.9675
spe	1289	1288	2635.61	2207.725	2421.6675
los	1289	1288	2635.61	2207.725	2421.6675
spe	1390	1218	3070.6	2947.155	3008.8775
spe	1216	1215	2550.05	2030.585	2290.3175
los	1216	1215	2550.05	2030.585	2290.3175
hgt	None	dead	0.0	0.0	0.0
los	None	dead	0.0	0.0	0.0
dup	1476	1454	2948.885	2633.59	2791.2375
spe	1454	1446	2633.59	2467.265	2550.4275
los	1454	1446	2633.59	2467.265	2550.4275
spe	1453	1449	2571.245	2414.175	2492.71
los	1453	1449	2571.245	2414.175	2492.71
spe	1452	GCA.002423325.1.Bacteria.Chloroflexota	2204.94	0.0	1102.47
los	1452	GCA.002423325.1.Bacteria.Chloroflexota	2204.94	0.0	1102.47
spe	1476	1454	2948.885	2633.59	2791.2375
spe	1454	1453	2633.59	2571.245	2602.4175
spe	1449	GCA.002366595.1.Bacteria.Chloroflexota	2414.175	0.0	1207.0875
los	1449	GCA.002366595.1.Bacteria.Chloroflexota	2414.175	0.0	1207.0875
spe	1452	GCA.002348045.1.Bacteria.Chloroflexota	2204.94	0.0	1102.47
los	1452	GCA.002348045.1.Bacteria.Chloroflexota	2204.94	0.0	1102.47
spe	1454	1446	2633.59	2467.265	2550.4275
spe	1440	GCF.001306175.1.Bacteria.Chloroflexota	2358.68	0.0	1179.34
los	1440	GCF.001306175.1.Bacteria.Chloroflexota	2358.68	0.0	1179.34
spe	1439	GCF.900187885.1.Bacteria.Chloroflexota	2159.315	0.0	1079.6575
los	1439	GCF.900187885.1.Bacteria.Chloroflexota	2159.315	0.0	1079.6575
spe	1438	GCA.002841995.1.Bacteria.Chloroflexota	1986.755	0.0	993.3775
los	1438	GCA.002841995.1.Bacteria.Chloroflexota	1986.755	0.0	993.3775
spe	1437	GCA.002702065.1.Bacteria.Chloroflexota	1859.345	0.0	929.6725
los	1437	GCA.002702065.1.Bacteria.Chloroflexota	1859.345	0.0	929.6725
spe	1445	GCA.003130875.1.Bacteria.Chloroflexota	2304.44	0.0	1152.22
los	1445	GCA.003130875.1.Bacteria.Chloroflexota	2304.44	0.0	1152.22
spe	1444	GCA.002366755.1.Bacteria.Chloroflexota	2137.48	0.0	1068.74
los	1444	GCA.002366755.1.Bacteria.Chloroflexota	2137.48	0.0	1068.74
hgt	None	dead	0.0	0.0	0.0
los	None	dead	0.0	0.0	0.0
spe	123	122	2509.405	2416.7	2463.0525
hgt	89	88	2320.405	2221.93	2271.1675
spe	122	121	2416.7	2129.565	2273.1325
hgt	121	GCA.001273335.1.Archaea.Thermoproteota	2129.565	0.0	1064.7825
los	121	GCA.001273335.1.Archaea.Thermoproteota	2129.565	0.0	1064.7825
spe	89	88	2320.405	2221.93	2271.1675
hgt	198	GCA.002478245.1.Bacteria.UBP18	2808.635	0.0	1404.3175
spe	88	87	2221.93	2144.39	2183.16
hgt	42	GCA.003230355.1.Archaea.Hydrothermarchaeota	2631.08	0.0	1315.54
hgt	1411	GCA.002717805.1.Bacteria.Chloroflexota	2250.5	0.0	1125.25
hgt	1425	GCA.003229915.1.Bacteria.Chloroflexota	2515.535	0.0	1257.7675
spe	86	GCA.001412335.1.Archaea.Halobacteriota	2014.745	0.0	1007.3725
los	86	GCA.001412335.1.Archaea.Halobacteriota	2014.745	0.0	1007.3725
spe	86	84	2014.745	1868.445	1941.595
hgt	174	GCA.001940665.1.Archaea.Asgardarchaeota	2722.305	0.0	1361.1525
hgt	121	GCA.001273335.1.Archaea.Thermoproteota	2129.565	0.0	1064.7825
hgt	1426	GCF.001953175.1.Bacteria.Chloroflexota	2665.03	0.0	1332.515
hgt	31	GCA.001723855.1.Archaea.Altiarchaeota	2641.745	0.0	1320.8725
hgt	143	GCA.001940655.1.Archaea.Asgardarchaeota	2511.185	0.0	1255.5925
spe	88	80	2221.93	2032.885	2127.4075
hgt	736	GCA.001803795.1.Bacteria.Nitrospirota	2435.77	0.0	1217.885
hgt	80	GCA.003158275.1.Archaea.Halobacteriota	2032.885	0.0	1016.4425
los	80	GCA.003158275.1.Archaea.Halobacteriota	2032.885	0.0	1016.4425
hgt	65	GCA.001800745.1.Archaea.Thermoplasmatota	1926.01	0.0	963.005
hgt	107	GCA.001717025.1.Archaea.Thermoproteota	2229.765	0.0	1114.8825
hgt	38	GCA.001515205.2.Archaea.Hadarchaeota	2538.31	0.0	1269.155
hgt	None	dead	0.0	0.0	0.0
hgt	None	dead	0.0	0.0	0.0
los	None	dead	0.0	0.0	0.0
spe	122	118	2416.7	2278.345	2347.5225
spe	116	GCA.001593875.1.Archaea.Thermoproteota	1726.54	0.0	863.27
los	116	GCA.001593875.1.Archaea.Thermoproteota	1726.54	0.0	863.27
hgt	None	dead	0.0	0.0	0.0
hgt	None	dead	0.0	0.0	0.0
dup	None	dead	0.0	0.0	0.0
hgt	None	dead	0.0	0.0	0.0
los	None	dead	0.0	0.0	0.0
hgt	None	dead	0.0	0.0	0.0
los	None	dead	0.0	0.0	0.0
spe	1392	1391	3284.295	3133.07	3208.6825
spe	1211	1210	3013.88	2923.75	2968.815
los	1211	1210	3013.88	2923.75	2968.815
spe	1199	1198	2856.305	2678.675	2767.49
los	1199	1198	2856.305	2678.675	2767.49
spe	1191	GCA.002399235.1.Bacteria.Firmicutes.G	2563.43	0.0	1281.715
los	1191	GCA.002399235.1.Bacteria.Firmicutes.G	2563.43	0.0	1281.715
spe	1391	1390	3133.07	3070.6	3101.835
hgt	None	dead	0.0	0.0	0.0
los	1390	1218	3070.6	2947.155	3008.8775
hgt	None	dead	0.0	0.0	0.0
los	None	dead	0.0	0.0	0.0
spe	1454	1446	2633.59	2467.265	2550.4275
spe	1440	1439	2358.68	2159.315	2258.9975
los	1440	1439	2358.68	2159.315	2258.9975
spe	1446	1445	2467.265	2304.44	2385.8525
hgt	1445	1444	2304.44	2137.48	2220.96
los	1445	1444	2304.44	2137.48	2220.96
spe	1389	1237	3027.58	2784.985	2906.2825
los	1389	1237	3027.58	2784.985	2906.2825
spe	1389	1388	3027.58	2941.055	2984.3175
dup	1388	1387	2941.055	2902.155	2921.605
spe	1388	1387	2941.055	2902.155	2921.605
spe	1386	1330	2794.775	2416.115	2605.445
los	1386	1330	2794.775	2416.115	2605.445
spe	1385	1333	2733.33	2457.61	2595.47
los	1385	1333	2733.33	2457.61	2595.47
dup	1385	1384	2733.33	2455.815	2594.5725
spe	1384	1338	2455.815	2111.765	2283.79
los	1384	1338	2455.815	2111.765	2283.79
spe	1383	1382	2371.08	2292.545	2331.8125
los	1383	1382	2371.08	2292.545	2331.8125
spe	1341	GCF.001311905.1.Bacteria.Firmicutes	2078.19	0.0	1039.095
los	1341	GCF.001311905.1.Bacteria.Firmicutes	2078.19	0.0	1039.095
spe	1385	1384	2733.33	2455.815	2594.5725
spe	1383	1341	2371.08	2078.19	2224.635
los	1383	1341	2371.08	2078.19	2224.635
spe	1383	1382	2371.08	2292.545	2331.8125
spe	1344	GCA.002159075.1.Bacteria.Firmicutes	2055.27	0.0	1027.635
los	1344	GCA.002159075.1.Bacteria.Firmicutes	2055.27	0.0	1027.635
spe	1381	1351	2205.155	2134.51	2169.8325
los	1381	1351	2205.155	2134.51	2169.8325
spe	1380	1379	2120.065	2060.89	2090.4775
los	1380	1379	2120.065	2060.89	2090.4775
spe	1384	1338	2455.815	2111.765	2283.79
hgt	1338	1337	2111.765	1832.425	1972.095
los	1338	1337	2111.765	1832.425	1972.095
spe	1327	1289	2828.71	2635.61	2732.16
los	1327	1289	2828.71	2635.61	2732.16
spe	1326	1292	2719.225	2370.88	2545.0525
los	1326	1292	2719.225	2370.88	2545.0525
spe	1326	1325	2719.225	2604.385	2661.805
spe	1324	1323	2536.255	2478.3	2507.2775
los	1324	1323	2536.255	2478.3	2507.2775
spe	1308	1300	2377.745	2090.18	2233.9625
los	1308	1300	2377.745	2090.18	2233.9625
spe	1307	1305	2196.38	2012.42	2104.4
los	1307	1305	2196.38	2012.42	2104.4
spe	1297	GCA.002329495.1.Bacteria.Firmicutes.B	2420.65	0.0	1210.325
los	1297	GCA.002329495.1.Bacteria.Firmicutes.B	2420.65	0.0	1210.325
spe	1296	GCA.001513545.1.Bacteria.Firmicutes.B	2280.145	0.0	1140.0725
los	1296	GCA.001513545.1.Bacteria.Firmicutes.B	2280.145	0.0	1140.0725
spe	1387	1386	2902.155	2794.775	2848.465
los	1387	1386	2902.155	2794.775	2848.465
spe	1387	1327	2902.155	2828.71	2865.4325
spe	1327	1289	2828.71	2635.61	2732.16
hgt	1289	GCA.002345475.1.Bacteria.Firmicutes.H	2635.61	0.0	1317.805
los	1289	GCA.002345475.1.Bacteria.Firmicutes.H	2635.61	0.0	1317.805
spe	1288	GCA.002411145.1.Bacteria.Firmicutes.C	2207.725	0.0	1103.8625
los	1288	GCA.002411145.1.Bacteria.Firmicutes.C	2207.725	0.0	1103.8625
spe	1287	GCA.002329525.1.Bacteria.Firmicutes.C	1965.585	0.0	982.7925
los	1287	GCA.002329525.1.Bacteria.Firmicutes.C	1965.585	0.0	982.7925
spe	1285	1284	1868.68	1576.575	1722.6275
los	1285	1284	1868.68	1576.575	1722.6275
spe	1285	1281	1868.68	1642.245	1755.4625
spe	1280	GCF.900104455.1.Bacteria.Firmicutes.C	1441.56	0.0	720.78
los	1280	GCF.900104455.1.Bacteria.Firmicutes.C	1441.56	0.0	720.78
spe	1327	1326	2828.71	2719.225	2773.9675
spe	1325	1297	2604.385	2420.65	2512.5175
los	1325	1297	2604.385	2420.65	2512.5175
spe	1325	1324	2604.385	2536.255	2570.32
spe	1323	1322	2478.3	2209.475	2343.8875
los	1323	1322	2478.3	2209.475	2343.8875
spe	1319	GCF.900100785.1.Bacteria.Firmicutes.B	2388.655	0.0	1194.3275
los	1319	GCF.900100785.1.Bacteria.Firmicutes.B	2388.655	0.0	1194.3275
spe	1318	1317	2305.29	1778.785	2042.0375
los	1318	1317	2305.29	1778.785	2042.0375
spe	1312	GCF.000019165.1.Bacteria.Firmicutes.B	2058.365	0.0	1029.1825
los	1312	GCF.000019165.1.Bacteria.Firmicutes.B	2058.365	0.0	1029.1825
spe	1324	1308	2536.255	2377.745	2457.0
spe	1300	GCF.000620305.1.Bacteria.Firmicutes.B	2090.18	0.0	1045.09
los	1300	GCF.000620305.1.Bacteria.Firmicutes.B	2090.18	0.0	1045.09
hgt	1308	1307	2377.745	2196.38	2287.0625
los	1308	1307	2377.745	2196.38	2287.0625
hgt	1326	1292	2719.225	2370.88	2545.0525
los	1326	1292	2719.225	2370.88	2545.0525
spe	1210	1209	2923.75	2688.15	2805.95
spe	1208	GCA.900016865.1.Bacteria.Firmicutes.G	2545.345	0.0	1272.6725
los	1208	GCA.900016865.1.Bacteria.Firmicutes.G	2545.345	0.0	1272.6725
spe	1388	1274	2941.055	2802.895	2871.975
hgt	None	dead	0.0	0.0	0.0
los	1274	1273	2802.895	2658.63	2730.7625
hgt	None	dead	0.0	0.0	0.0
los	None	dead	0.0	0.0	0.0
spe	1274	1240	2802.895	2549.06	2675.9775
hgt	1240	GCA.002376045.1.Bacteria.Firmicutes.A	2549.06	0.0	1274.53
los	1240	GCA.002376045.1.Bacteria.Firmicutes.A	2549.06	0.0	1274.53
hgt	1312	GCF.000019165.1.Bacteria.Firmicutes.B	2058.365	0.0	1029.1825
hgt	None	dead	0.0	0.0	0.0
los	None	dead	0.0	0.0	0.0
spe	839	829	2599.34	2568.27	2583.805
spe	817	816	2468.695	2057.94	2263.3175
los	817	816	2468.695	2057.94	2263.3175
spe	813	812	2371.52	2281.345	2326.4325
los	813	812	2371.52	2281.345	2326.4325
spe	807	GCA.002789955.1.Bacteria.Myxococcota	2202.835	0.0	1101.4175
los	807	GCA.002789955.1.Bacteria.Myxococcota	2202.835	0.0	1101.4175
spe	828	827	2398.31	2313.915	2356.1125
los	828	827	2398.31	2313.915	2356.1125
dup	828	GCA.002699025.1.Bacteria.Myxococcota	2398.31	0.0	1199.155
hgt	345	GCA.002748355.1.Bacteria.Planctomycetota	2344.43	0.0	1172.215
dup	None	dead	0.0	0.0	0.0
hgt	None	dead	0.0	0.0	0.0
los	None	dead	0.0	0.0	0.0
hgt	None	dead	0.0	0.0	0.0
los	None	dead	0.0	0.0	0.0
spe	603	602	2200.665	2136.455	2168.56
spe	601	600	2005.515	1814.2	1909.8575
los	601	600	2005.515	1814.2	1909.8575
spe	595	GCA.002454015.1.Bacteria.Proteobacteria	1816.095	0.0	908.0475
los	595	GCA.002454015.1.Bacteria.Proteobacteria	1816.095	0.0	908.0475
spe	592	GCF.000024725.1.Bacteria.Proteobacteria	1879.945	0.0	939.9725
los	592	GCF.000024725.1.Bacteria.Proteobacteria	1879.945	0.0	939.9725
