event	left_node	right_node	left_date	right_date	midpoint_date
spe	515	514	2401.52	2299.515	2350.5175
spe	436	GCA.002722885.1.Bacteria.Proteobacteria	2217.14	0.0	1108.57
los	436	GCA.002722885.1.Bacteria.Proteobacteria	2217.14	0.0	1108.57
spe	436	435	2217.14	2071.245	2144.1925
spe	435	434	2071.245	1886.935	1979.09
hgt	434	GCA.002898275.1.Bacteria.Proteobacteria	1886.935	0.0	943.4675
los	434	GCA.002898275.1.Bacteria.Proteobacteria	1886.935	0.0	943.4675
hgt	832	GCA.002696345.1.Bacteria.Myxococcota	2268.205	0.0	1134.1025
hgt	612	GCF.003612015.1.Bacteria.Proteobacteria	1796.185	0.0	898.0925
dup	514	513	2299.515	2253.55	2276.5325
dup	514	513	2299.515	2253.55	2276.5325
hgt	746	GCA.002238965.1.Bacteria.UBA8248	2548.44	0.0	1274.22
spe	514	513	2299.515	2253.55	2276.5325
spe	483	482	2221.01	2151.75	2186.38
los	483	482	2221.01	2151.75	2186.38
spe	447	439	2113.215	1983.035	2048.125
los	447	439	2113.215	1983.035	2048.125
spe	446	445	1951.09	1836.495	1893.7925
los	446	445	1951.09	1836.495	1893.7925
spe	513	512	2253.55	2172.63	2213.09
spe	511	510	2112.01	2056.505	2084.2575
los	511	510	2112.01	2056.505	2084.2575
spe	489	GCA.002701885.1.Bacteria.Proteobacteria	1797.555	0.0	898.7775
los	489	GCA.002701885.1.Bacteria.Proteobacteria	1797.555	0.0	898.7775
spe	512	486	2172.63	1956.2	2064.415
hgt	486	GCA.002721365.1.Bacteria.Proteobacteria	1956.2	0.0	978.1
los	486	GCA.002721365.1.Bacteria.Proteobacteria	1956.2	0.0	978.1
hgt	None	dead	0.0	0.0	0.0
hgt	None	dead	0.0	0.0	0.0
los	None	dead	0.0	0.0	0.0
spe	514	513	2299.515	2253.55	2276.5325
hgt	861	GCA.001304105.1.Bacteria.Desulfobacterota	2265.965	0.0	1132.9825
spe	513	512	2253.55	2172.63	2213.09
spe	511	510	2112.01	2056.505	2084.2575
los	511	510	2112.01	2056.505	2084.2575
spe	489	GCA.002701885.1.Bacteria.Proteobacteria	1797.555	0.0	898.7775
los	489	GCA.002701885.1.Bacteria.Proteobacteria	1797.555	0.0	898.7775
spe	512	486	2172.63	1956.2	2064.415
hgt	469	468	2003.935	1847.82	1925.8775
hgt	1140	GCA.002722565.1.Bacteria.Actinobacteriota	1795.075	0.0	897.5375
hgt	574	GCF.000374645.1.Bacteria.Proteobacteria	1962.545	0.0	981.2725
spe	469	468	2003.935	1847.82	1925.8775
spe	468	467	1847.82	1693.575	1770.6975
hgt	467	GCA.002291925.1.Bacteria.Proteobacteria	1693.575	0.0	846.7875
los	467	GCA.002291925.1.Bacteria.Proteobacteria	1693.575	0.0	846.7875
hgt	1166	1165	1991.825	1840.865	1916.345
spe	1166	1165	1991.825	1840.865	1916.345
spe	1164	1163	1690.82	1488.035	1589.4275
los	1164	1163	1690.82	1488.035	1589.4275
spe	1160	GCF.000015025.1.Bacteria.Actinobacteriota	1520.98	0.0	760.49
los	1160	GCF.000015025.1.Bacteria.Actinobacteriota	1520.98	0.0	760.49
spe	1158	GCF.900106035.1.Bacteria.Actinobacteriota	1386.605	0.0	693.3025
los	1158	GCF.900106035.1.Bacteria.Actinobacteriota	1386.605	0.0	693.3025
spe	1155	1154	1711.135	1356.86	1533.9975
los	1155	1154	1711.135	1356.86	1533.9975
hgt	796	GCA.002238415.1.Bacteria.Desulfobacterota.B	2368.175	0.0	1184.0875
spe	513	483	2253.55	2221.01	2237.28
spe	447	446	2113.215	1951.09	2032.1525
los	447	446	2113.215	1951.09	2032.1525
spe	439	GCF.001613805.1.Bacteria.Proteobacteria	1983.035	0.0	991.5175
los	439	GCF.001613805.1.Bacteria.Proteobacteria	1983.035	0.0	991.5175
spe	482	481	2151.75	2091.815	2121.7825
los	482	481	2151.75	2091.815	2121.7825
spe	458	GCA.002340345.1.Bacteria.Proteobacteria	2053.74	0.0	1026.87
los	458	GCA.002340345.1.Bacteria.Proteobacteria	2053.74	0.0	1026.87
spe	456	GCF.002148795.1.Bacteria.Proteobacteria	1898.57	0.0	949.285
los	456	GCF.002148795.1.Bacteria.Proteobacteria	1898.57	0.0	949.285
spe	455	454	1531.25	1369.765	1450.5075
los	455	454	1531.25	1369.765	1450.5075
dup	796	GCA.002238415.1.Bacteria.Desulfobacterota.B	2368.175	0.0	1184.0875
hgt	498	GCA.002731375.1.Bacteria.Proteobacteria	1734.36	0.0	867.18
hgt	436	GCA.002722885.1.Bacteria.Proteobacteria	2217.14	0.0	1108.57
hgt	598	GCA.002292285.1.Bacteria.Proteobacteria	1497.41	0.0	748.705
spe	513	512	2253.55	2172.63	2213.09
los	513	512	2253.55	2172.63	2213.09
spe	513	483	2253.55	2221.01	2237.28
spe	447	439	2113.215	1983.035	2048.125
los	447	439	2113.215	1983.035	2048.125
spe	446	GCA.002717185.1.Bacteria.Proteobacteria	1951.09	0.0	975.545
los	446	GCA.002717185.1.Bacteria.Proteobacteria	1951.09	0.0	975.545
spe	445	GCA.002717225.1.Bacteria.Proteobacteria	1836.495	0.0	918.2475
los	445	GCA.002717225.1.Bacteria.Proteobacteria	1836.495	0.0	918.2475
spe	444	GCA.002686135.1.Bacteria.Proteobacteria	1669.2	0.0	834.6
los	444	GCA.002686135.1.Bacteria.Proteobacteria	1669.2	0.0	834.6
spe	483	482	2221.01	2151.75	2186.38
spe	458	456	2053.74	1898.57	1976.155
los	458	456	2053.74	1898.57	1976.155
spe	481	480	2091.815	1990.065	2040.94
los	481	480	2091.815	1990.065	2040.94
spe	469	468	2003.935	1847.82	1925.8775
los	469	468	2003.935	1847.82	1925.8775
spe	463	GCF.002251795.1.Bacteria.Proteobacteria	1889.86	0.0	944.93
los	463	GCF.002251795.1.Bacteria.Proteobacteria	1889.86	0.0	944.93
spe	462	GCF.006980715.1.Bacteria.Proteobacteria	1641.635	0.0	820.8175
los	462	GCF.006980715.1.Bacteria.Proteobacteria	1641.635	0.0	820.8175
