event	left_node	right_node	left_date	right_date	midpoint_date
spe	1094	1048	3407.45	3324.645	3366.0475
spe	278	262	3267.455	3164.4	3215.9275
los	278	262	3267.455	3164.4	3215.9275
spe	277	267	3169.945	2989.33	3079.6375
los	277	267	3169.945	2989.33	3079.6375
spe	276	275	3142.94	3039.065	3091.0025
los	276	275	3142.94	3039.065	3091.0025
spe	270	GCA.001567115.1.Bacteria.OLB16	2997.52	0.0	1498.76
los	270	GCA.001567115.1.Bacteria.OLB16	2997.52	0.0	1498.76
spe	1047	365	3317.54	3204.425	3260.9825
los	1047	365	3317.54	3204.425	3260.9825
spe	1047	1046	3317.54	3288.18	3302.86
spe	1045	921	3193.355	3111.29	3152.3225
los	1045	921	3193.355	3111.29	3152.3225
spe	1044	1043	3092.405	3056.385	3074.395
los	1044	1043	3092.405	3056.385	3074.395
spe	936	926	3003.555	2762.32	2882.9375
los	936	926	3003.555	2762.32	2882.9375
spe	935	934	2600.975	2533.955	2567.465
los	935	934	2600.975	2533.955	2567.465
spe	1046	902	3288.18	3241.035	3264.6075
spe	390	389	3122.13	2948.12	3035.125
los	390	389	3122.13	2948.12	3035.125
hgt	None	dead	0.0	0.0	0.0
hgt	None	dead	0.0	0.0	0.0
los	None	dead	0.0	0.0	0.0
hgt	None	dead	0.0	0.0	0.0
hgt	None	dead	0.0	0.0	0.0
los	None	dead	0.0	0.0	0.0
spe	1478	1477	3178.32	3065.68	3122.0
spe	1431	1430	2900.705	2636.055	2768.38
los	1431	1430	2900.705	2636.055	2768.38
spe	1427	1413	2775.63	2608.425	2692.0275
los	1427	1413	2775.63	2608.425	2692.0275
spe	1426	GCF.001953175.1.Bacteria.Chloroflexota	2665.03	0.0	1332.515
los	1426	GCF.001953175.1.Bacteria.Chloroflexota	2665.03	0.0	1332.515
spe	1425	GCA.003229915.1.Bacteria.Chloroflexota	2515.535	0.0	1257.7675
los	1425	GCA.003229915.1.Bacteria.Chloroflexota	2515.535	0.0	1257.7675
spe	1425	1424	2515.535	2409.195	2462.365
spe	1422	GCA.003484395.1.Bacteria.Chloroflexota	2304.265	0.0	1152.1325
los	1422	GCA.003484395.1.Bacteria.Chloroflexota	2304.265	0.0	1152.1325
spe	1421	GCA.002347295.1.Bacteria.Chloroflexota	2272.78	0.0	1136.39
los	1421	GCA.002347295.1.Bacteria.Chloroflexota	2272.78	0.0	1136.39
spe	1419	GCA.002352365.1.Bacteria.Chloroflexota	2163.145	0.0	1081.5725
los	1419	GCA.002352365.1.Bacteria.Chloroflexota	2163.145	0.0	1081.5725
spe	1476	1475	2948.885	2883.705	2916.295
los	1476	1475	2948.885	2883.705	2916.295
spe	1476	1454	2948.885	2633.59	2791.2375
spe	1453	1452	2571.245	2204.94	2388.0925
los	1453	1452	2571.245	2204.94	2388.0925
spe	1449	GCA.002400365.1.Bacteria.Chloroflexota	2414.175	0.0	1207.0875
los	1449	GCA.002400365.1.Bacteria.Chloroflexota	2414.175	0.0	1207.0875
spe	1446	1440	2467.265	2358.68	2412.9725
los	1446	1440	2467.265	2358.68	2412.9725
spe	1445	GCA.003130875.1.Bacteria.Chloroflexota	2304.44	0.0	1152.22
los	1445	GCA.003130875.1.Bacteria.Chloroflexota	2304.44	0.0	1152.22
spe	1444	GCA.003451595.1.Bacteria.Chloroflexota	2137.48	0.0	1068.74
los	1444	GCA.003451595.1.Bacteria.Chloroflexota	2137.48	0.0	1068.74
spe	902	901	3241.035	3194.215	3217.625
spe	663	397	3149.67	3038.98	3094.325
los	663	397	3149.67	3038.98	3094.325
spe	662	400	3108.12	2693.845	2900.9825
los	662	400	3108.12	2693.845	2900.9825
spe	661	655	3075.81	3042.74	3059.275
los	661	655	3075.81	3042.74	3059.275
spe	660	GCA.002395105.1.Bacteria.Proteobacteria	2810.715	0.0	1405.3575
los	660	GCA.002395105.1.Bacteria.Proteobacteria	2810.715	0.0	1405.3575
spe	659	GCA.000830255.1.Bacteria.Campylobacterota	2073.72	0.0	1036.86
los	659	GCA.000830255.1.Bacteria.Campylobacterota	2073.72	0.0	1036.86
spe	900	716	3136.94	2935.17	3036.055
los	900	716	3136.94	2935.17	3036.055
spe	900	899	3136.94	3089.895	3113.4175
spe	743	742	3035.675	2922.825	2979.25
los	743	742	3035.675	2922.825	2979.25
spe	721	720	2908.09	2734.075	2821.0825
los	721	720	2908.09	2734.075	2821.0825
spe	899	898	3089.895	3060.73	3075.3125
hgt	None	dead	0.0	0.0	0.0
los	898	756	3060.73	2888.115	2974.4225
hgt	None	dead	0.0	0.0	0.0
los	None	dead	0.0	0.0	0.0
spe	898	897	3060.73	3021.29	3041.01
spe	889	843	2916.985	2862.71	2889.8475
los	889	843	2916.985	2862.71	2889.8475
spe	888	854	2827.975	2738.145	2783.06
los	888	854	2827.975	2738.145	2783.06
spe	888	887	2827.975	2727.215	2777.595
spe	863	857	2597.055	2515.41	2556.2325
los	863	857	2597.055	2515.41	2556.2325
spe	862	GCA.002782605.1.Bacteria.Desulfobacterota	2368.33	0.0	1184.165
los	862	GCA.002782605.1.Bacteria.Desulfobacterota	2368.33	0.0	1184.165
spe	861	GCA.002327985.1.Bacteria.Desulfobacterota	2265.965	0.0	1132.9825
los	861	GCA.002327985.1.Bacteria.Desulfobacterota	2265.965	0.0	1132.9825
spe	886	874	2570.925	2502.96	2536.9425
los	886	874	2570.925	2502.96	2536.9425
spe	886	885	2570.925	2490.35	2530.6375
spe	884	880	2409.27	2202.89	2306.08
los	884	880	2409.27	2202.89	2306.08
spe	883	GCA.000961655.1.Bacteria.Desulfobacterota	2107.355	0.0	1053.6775
los	883	GCA.000961655.1.Bacteria.Desulfobacterota	2107.355	0.0	1053.6775
spe	877	GCA.001797675.1.Bacteria.Desulfobacterota	2406.095	0.0	1203.0475
los	877	GCA.001797675.1.Bacteria.Desulfobacterota	2406.095	0.0	1203.0475
hgt	897	896	3021.29	2913.21	2967.25
los	897	896	3021.29	2913.21	2967.25
dup	178	177	3109.52	2987.475	3048.4975
spe	178	177	3109.52	2987.475	3048.4975
spe	176	175	2870.105	2794.775	2832.44
los	176	175	2870.105	2794.775	2832.44
spe	176	140	2870.105	2794.965	2832.535
hgt	137	GCA.002255045.1.Archaea.Thermoproteota	2562.75	0.0	1281.375
spe	139	138	2746.6	2683.72	2715.16
los	139	138	2746.6	2683.72	2715.16
spe	139	109	2746.6	2611.625	2679.1125
spe	103	GCA.002254745.1.Archaea.Thermoproteota	2372.465	0.0	1186.2325
los	103	GCA.002254745.1.Archaea.Thermoproteota	2372.465	0.0	1186.2325
spe	101	GCF.000011205.1.Archaea.Thermoproteota	2213.35	0.0	1106.675
los	101	GCF.000011205.1.Archaea.Thermoproteota	2213.35	0.0	1106.675
spe	99	GCF.000092185.1.Archaea.Thermoproteota	2047.925	0.0	1023.9625
los	99	GCF.000092185.1.Archaea.Thermoproteota	2047.925	0.0	1023.9625
spe	109	108	2611.625	2433.705	2522.665
spe	108	107	2433.705	2229.765	2331.735
hgt	107	GCA.001717025.1.Archaea.Thermoproteota	2229.765	0.0	1114.8825
los	107	GCA.001717025.1.Archaea.Thermoproteota	2229.765	0.0	1114.8825
hgt	124	GCA.002495485.1.Archaea.Thermoproteota	2576.715	0.0	1288.3575
dup	108	GCF.000148385.1.Archaea.Thermoproteota	2433.705	0.0	1216.8525
hgt	133	GCA.002506605.1.Archaea.Thermoproteota	2194.065	0.0	1097.0325
spe	177	95	2987.475	2895.515	2941.495
spe	95	39	2895.515	2772.035	2833.775
hgt	None	dead	0.0	0.0	0.0
los	39	35	2772.035	2625.215	2698.625
hgt	None	dead	0.0	0.0	0.0
los	None	dead	0.0	0.0	0.0
spe	39	38	2772.035	2538.31	2655.1725
hgt	38	GCA.001515205.2.Archaea.Hadarchaeota	2538.31	0.0	1269.155
los	38	GCA.001515205.2.Archaea.Hadarchaeota	2538.31	0.0	1269.155
spe	94	42	2874.54	2631.08	2752.81
los	94	42	2874.54	2631.08	2752.81
spe	94	93	2874.54	2781.775	2828.1575
spe	92	91	2715.565	2548.71	2632.1375
los	92	91	2715.565	2548.71	2632.1375
spe	70	54	2480.265	2391.235	2435.75
los	70	54	2480.265	2391.235	2435.75
spe	69	68	2382.655	2254.26	2318.4575
los	69	68	2382.655	2254.26	2318.4575
spe	61	GCA.002497685.1.Archaea.Thermoplasmatota	2318.855	0.0	1159.4275
los	61	GCA.002497685.1.Archaea.Thermoplasmatota	2318.855	0.0	1159.4275
spe	60	GCF.002078355.1.Archaea.Thermoplasmatota	2157.845	0.0	1078.9225
los	60	GCF.002078355.1.Archaea.Thermoplasmatota	2157.845	0.0	1078.9225
spe	59	GCA.002011395.1.Archaea.Thermoplasmatota	1950.86	0.0	975.43
los	59	GCA.002011395.1.Archaea.Thermoplasmatota	1950.86	0.0	975.43
spe	178	177	3109.52	2987.475	3048.4975
spe	177	95	2987.475	2895.515	2941.495
spe	95	39	2895.515	2772.035	2833.775
spe	35	GCF.002201895.1.Archaea.Euryarchaeota	2625.215	0.0	1312.6075
los	35	GCF.002201895.1.Archaea.Euryarchaeota	2625.215	0.0	1312.6075
hgt	None	dead	0.0	0.0	0.0
los	39	38	2772.035	2538.31	2655.1725
hgt	None	dead	0.0	0.0	0.0
los	None	dead	0.0	0.0	0.0
spe	90	89	2426.545	2320.405	2373.475
spe	88	80	2221.93	2032.885	2127.4075
los	88	80	2221.93	2032.885	2127.4075
spe	87	GCA.002256595.1.Archaea.Halobacteriota	2144.39	0.0	1072.195
los	87	GCA.002256595.1.Archaea.Halobacteriota	2144.39	0.0	1072.195
spe	86	84	2014.745	1868.445	1941.595
los	86	84	2014.745	1868.445	1941.595
spe	77	GCA.001766825.1.Archaea.Halobacteriota	2081.03	0.0	1040.515
los	77	GCA.001766825.1.Archaea.Halobacteriota	2081.03	0.0	1040.515
spe	94	42	2874.54	2631.08	2752.81
los	94	42	2874.54	2631.08	2752.81
spe	93	GCF.000025525.1.Archaea.Methanobacteriota.A	2781.775	0.0	1390.8875
los	93	GCF.000025525.1.Archaea.Methanobacteriota.A	2781.775	0.0	1390.8875
spe	92	70	2715.565	2480.265	2597.915
los	92	70	2715.565	2480.265	2597.915
spe	92	91	2715.565	2548.71	2632.1375
spe	91	90	2548.71	2426.545	2487.6275
spe	89	88	2320.405	2221.93	2271.1675
los	89	88	2320.405	2221.93	2271.1675
spe	77	GCA.003194435.1.Archaea.Halobacteriota	2081.03	0.0	1040.515
los	77	GCA.003194435.1.Archaea.Halobacteriota	2081.03	0.0	1040.515
spe	90	74	2426.545	2278.05	2352.2975
hgt	74	GCA.002011165.1.Archaea.Halobacteriota	2278.05	0.0	1139.025
los	74	GCA.002011165.1.Archaea.Halobacteriota	2278.05	0.0	1139.025
spe	32	26	2887.43	905.1525	1896.29125
spe	177	176	2987.475	2870.105	2928.79
hgt	None	dead	0.0	0.0	0.0
hgt	None	dead	0.0	0.0	0.0
los	None	dead	0.0	0.0	0.0
hgt	176	175	2870.105	2794.775	2832.44
los	176	175	2870.105	2794.775	2832.44
spe	176	140	2870.105	2794.965	2832.535
hgt	140	GCF.000019605.1.Archaea.Thermoproteota	2794.965	0.0	1397.4825
los	140	GCF.000019605.1.Archaea.Thermoproteota	2794.965	0.0	1397.4825
hgt	None	dead	0.0	0.0	0.0
hgt	None	dead	0.0	0.0	0.0
los	None	dead	0.0	0.0	0.0
hgt	None	dead	0.0	0.0	0.0
hgt	None	dead	0.0	0.0	0.0
los	None	dead	0.0	0.0	0.0
hgt	None	dead	0.0	0.0	0.0
hgt	None	dead	0.0	0.0	0.0
los	None	dead	0.0	0.0	0.0
spe	140	139	2794.965	2746.6	2770.7825
spe	109	103	2611.625	2372.465	2492.045
los	109	103	2611.625	2372.465	2492.045
spe	108	GCF.000148385.1.Archaea.Thermoproteota	2433.705	0.0	1216.8525
los	108	GCF.000148385.1.Archaea.Thermoproteota	2433.705	0.0	1216.8525
spe	107	GCA.003019535.1.Archaea.Thermoproteota	2229.765	0.0	1114.8825
los	107	GCA.003019535.1.Archaea.Thermoproteota	2229.765	0.0	1114.8825
spe	138	137	2683.72	2562.75	2623.235
los	138	137	2683.72	2562.75	2623.235
spe	124	GCA.002495485.1.Archaea.Thermoproteota	2576.715	0.0	1288.3575
los	124	GCA.002495485.1.Archaea.Thermoproteota	2576.715	0.0	1288.3575
spe	124	123	2576.715	2509.405	2543.06
spe	113	GCA.001593865.1.Archaea.Thermoproteota	2352.095	0.0	1176.0475
los	113	GCA.001593865.1.Archaea.Thermoproteota	2352.095	0.0	1176.0475
hgt	1461	GCA.002413265.1.Bacteria.Chloroflexota	2433.39	0.0	1216.695
spe	123	122	2509.405	2416.7	2463.0525
spe	118	GCA.001593855.1.Archaea.Thermoproteota	2278.345	0.0	1139.1725
los	118	GCA.001593855.1.Archaea.Thermoproteota	2278.345	0.0	1139.1725
spe	116	GCA.001593875.1.Archaea.Thermoproteota	1726.54	0.0	863.27
los	116	GCA.001593875.1.Archaea.Thermoproteota	1726.54	0.0	863.27
spe	122	121	2416.7	2129.565	2273.1325
hgt	121	GCA.001273335.1.Archaea.Thermoproteota	2129.565	0.0	1064.7825
los	121	GCA.001273335.1.Archaea.Thermoproteota	2129.565	0.0	1064.7825
hgt	150	GCA.003144275.1.Archaea.Asgardarchaeota	2169.605	0.0	1084.8025
hgt	1338	1337	2111.765	1832.425	1972.095
hgt	1098	GCA.003167155.1.Bacteria.Eremiobacterota	2247.98	0.0	1123.99
spe	1338	1337	2111.765	1832.425	1972.095
hgt	600	GCA.002007425.1.Bacteria.Proteobacteria	1814.2	0.0	907.1
hgt	1228	GCA.003023725.1.Bacteria.Firmicutes.E	2573.425	0.0	1286.7125
hgt	612	GCF.003612015.1.Bacteria.Proteobacteria	1796.185	0.0	898.0925
hgt	692	GCA.003140235.1.Bacteria.Acidobacteriota	1806.3	0.0	903.15
