event	left_node	right_node	left_date	right_date	midpoint_date
spe	1728	1727	0.0	3460.76	1730.38
hgt	None	dead	0.0	0.0	0.0
hgt	None	dead	0.0	0.0	0.0
los	None	dead	0.0	0.0	0.0
hgt	None	dead	0.0	0.0	0.0
hgt	None	dead	0.0	0.0	0.0
los	None	dead	0.0	0.0	0.0
spe	1727	189	3460.76	3366.71	3413.735
spe	188	GCA.002869225.1.Bacteria.Muirbacteria	3243.0	0.0	1621.5
los	188	GCA.002869225.1.Bacteria.Muirbacteria	3243.0	0.0	1621.5
spe	189	185	3366.71	3290.735	3328.7225
hgt	None	dead	0.0	0.0	0.0
los	185	183	3290.735	3092.06	3191.3975
hgt	None	dead	0.0	0.0	0.0
los	None	dead	0.0	0.0	0.0
spe	1726	1725	3442.105	3410.995	3426.55
los	1726	1725	3442.105	3410.995	3426.55
spe	1094	1093	3407.45	3335.31	3371.38
los	1094	1093	3407.45	3335.31	3371.38
spe	1094	1048	3407.45	3324.645	3366.0475
hgt	None	dead	0.0	0.0	0.0
hgt	None	dead	0.0	0.0	0.0
los	None	dead	0.0	0.0	0.0
spe	1048	1047	3324.645	3317.54	3321.0925
spe	1047	365	3317.54	3204.425	3260.9825
hgt	None	dead	0.0	0.0	0.0
dup	365	364	3204.425	3156.3	3180.3625
hgt	None	dead	0.0	0.0	0.0
hgt	None	dead	0.0	0.0	0.0
los	None	dead	0.0	0.0	0.0
hgt	None	dead	0.0	0.0	0.0
hgt	None	dead	0.0	0.0	0.0
los	None	dead	0.0	0.0	0.0
spe	365	364	3204.425	3156.3	3180.3625
spe	316	315	3070.49	2994.895	3032.6925
los	316	315	3070.49	2994.895	3032.6925
spe	316	308	3070.49	2838.44	2954.465
spe	290	284	2606.84	2369.92	2488.38
los	290	284	2606.84	2369.92	2488.38
spe	289	288	2498.78	2297.655	2398.2175
los	289	288	2498.78	2297.655	2398.2175
spe	308	307	2838.44	2778.02	2808.23
spe	306	GCA.001804805.1.Bacteria.Verrucomicrobiota	2448.87	0.0	1224.435
los	306	GCA.001804805.1.Bacteria.Verrucomicrobiota	2448.87	0.0	1224.435
spe	305	GCA.001803235.1.Bacteria.Verrucomicrobiota	2286.74	0.0	1143.37
los	305	GCA.001803235.1.Bacteria.Verrucomicrobiota	2286.74	0.0	1143.37
spe	303	GCA.003477185.1.Bacteria.Verrucomicrobiota	2233.605	0.0	1116.8025
los	303	GCA.003477185.1.Bacteria.Verrucomicrobiota	2233.605	0.0	1116.8025
spe	302	GCA.002340265.1.Bacteria.Verrucomicrobiota	2089.845	0.0	1044.9225
los	302	GCA.002340265.1.Bacteria.Verrucomicrobiota	2089.845	0.0	1044.9225
spe	297	296	2620.58	2203.74	2412.16
los	297	296	2620.58	2203.74	2412.16
spe	293	GCA.003246265.1.Bacteria.Verrucomicrobiota	2421.68	0.0	1210.84
los	293	GCA.003246265.1.Bacteria.Verrucomicrobiota	2421.68	0.0	1210.84
dup	293	GCA.002429065.1.Bacteria.Verrucomicrobiota	2421.68	0.0	1210.84
spe	364	363	3156.3	2895.655	3025.9775
spe	363	362	2895.655	2809.515	2852.585
spe	361	360	2745.685	2603.365	2674.525
los	361	360	2745.685	2603.365	2674.525
spe	361	353	2745.685	2650.1	2697.8925
spe	347	345	2546.45	2344.43	2445.44
los	347	345	2546.45	2344.43	2445.44
spe	352	GCA.002167285.1.Bacteria.Planctomycetota	2391.045	0.0	1195.5225
los	352	GCA.002167285.1.Bacteria.Planctomycetota	2391.045	0.0	1195.5225
spe	350	GCA.002402755.1.Bacteria.Planctomycetota	2200.88	0.0	1100.44
los	350	GCA.002402755.1.Bacteria.Planctomycetota	2200.88	0.0	1100.44
spe	362	342	2809.515	2698.49	2754.0025
hgt	342	341	2698.49	2533.375	2615.9325
los	342	341	2698.49	2533.375	2615.9325
spe	342	328	2698.49	2426.155	2562.3225
spe	327	GCA.003508595.1.Bacteria.Planctomycetota	2199.545	0.0	1099.7725
los	327	GCA.003508595.1.Bacteria.Planctomycetota	2199.545	0.0	1099.7725
spe	326	GCF.900129635.1.Bacteria.Planctomycetota	1901.84	0.0	950.92
los	326	GCF.900129635.1.Bacteria.Planctomycetota	1901.84	0.0	950.92
hgt	328	GCF.002277955.1.Bacteria.Planctomycetota	2426.155	0.0	1213.0775
los	328	GCF.002277955.1.Bacteria.Planctomycetota	2426.155	0.0	1213.0775
spe	363	321	2895.655	2808.805	2852.23
spe	320	GCA.003245715.1.Bacteria.Planctomycetota	2697.03	0.0	1348.515
los	320	GCA.003245715.1.Bacteria.Planctomycetota	2697.03	0.0	1348.515
hgt	321	GCA.003136555.1.Bacteria.Planctomycetota	2808.805	0.0	1404.4025
los	321	GCA.003136555.1.Bacteria.Planctomycetota	2808.805	0.0	1404.4025
spe	365	364	3204.425	3156.3	3180.3625
spe	363	321	2895.655	2808.805	2852.23
los	363	321	2895.655	2808.805	2852.23
spe	362	361	2809.515	2745.685	2777.6
los	362	361	2809.515	2745.685	2777.6
spe	342	328	2698.49	2426.155	2562.3225
los	342	328	2698.49	2426.155	2562.3225
spe	342	341	2698.49	2533.375	2615.9325
spe	340	334	2278.045	2115.87	2196.9575
los	340	334	2278.045	2115.87	2196.9575
spe	339	GCA.002311745.1.Bacteria.Planctomycetota	2169.255	0.0	1084.6275
los	339	GCA.002311745.1.Bacteria.Planctomycetota	2169.255	0.0	1084.6275
spe	337	GCA.002839495.1.Bacteria.Planctomycetota	2026.89	0.0	1013.445
los	337	GCA.002839495.1.Bacteria.Planctomycetota	2026.89	0.0	1013.445
spe	364	316	3156.3	3070.49	3113.395
hgt	None	dead	0.0	0.0	0.0
los	316	315	3070.49	2994.895	3032.6925
hgt	None	dead	0.0	0.0	0.0
los	None	dead	0.0	0.0	0.0
spe	1126	1125	2983.51	2875.28	2929.395
spe	1124	GCA.002409445.1.Bacteria.Armatimonadota	2740.045	0.0	1370.0225
los	1124	GCA.002409445.1.Bacteria.Armatimonadota	2740.045	0.0	1370.0225
spe	1123	GCA.003542955.1.Bacteria.Armatimonadota	2570.025	0.0	1285.0125
los	1123	GCA.003542955.1.Bacteria.Armatimonadota	2570.025	0.0	1285.0125
spe	1119	GCF.002973605.1.Bacteria.Armatimonadota	2529.245	0.0	1264.6225
los	1119	GCF.002973605.1.Bacteria.Armatimonadota	2529.245	0.0	1264.6225
spe	308	290	2838.44	2606.84	2722.64
los	308	290	2838.44	2606.84	2722.64
spe	308	307	2838.44	2778.02	2808.23
spe	306	GCA.001804805.1.Bacteria.Verrucomicrobiota	2448.87	0.0	1224.435
los	306	GCA.001804805.1.Bacteria.Verrucomicrobiota	2448.87	0.0	1224.435
spe	305	303	2286.74	2233.605	2260.1725
los	305	303	2286.74	2233.605	2260.1725
spe	307	297	2778.02	2620.58	2699.3
hgt	297	293	2620.58	2421.68	2521.13
los	297	293	2620.58	2421.68	2521.13
spe	297	296	2620.58	2203.74	2412.16
hgt	296	GCA.002369235.1.Bacteria.Verrucomicrobiota	2203.74	0.0	1101.87
los	296	GCA.002369235.1.Bacteria.Verrucomicrobiota	2203.74	0.0	1101.87
hgt	None	dead	0.0	0.0	0.0
los	None	dead	0.0	0.0	0.0
spe	1126	1125	2983.51	2875.28	2929.395
spe	1119	GCF.002973605.1.Bacteria.Armatimonadota	2529.245	0.0	1264.6225
los	1119	GCF.002973605.1.Bacteria.Armatimonadota	2529.245	0.0	1264.6225
spe	1124	GCA.002409445.1.Bacteria.Armatimonadota	2740.045	0.0	1370.0225
los	1124	GCA.002409445.1.Bacteria.Armatimonadota	2740.045	0.0	1370.0225
spe	1123	GCA.003542955.1.Bacteria.Armatimonadota	2570.025	0.0	1285.0125
los	1123	GCA.003542955.1.Bacteria.Armatimonadota	2570.025	0.0	1285.0125
hgt	179	178	3169.885	3109.52	3139.7025
hgt	888	887	2827.975	2727.215	2777.595
hgt	365	GCA.001730085.1.Bacteria.GCA.001730085	3204.425	0.0	1602.2125
los	365	GCA.001730085.1.Bacteria.GCA.001730085	3204.425	0.0	1602.2125
spe	139	109	2746.6	2611.625	2679.1125
spe	109	103	2611.625	2372.465	2492.045
hgt	None	dead	0.0	0.0	0.0
los	103	101	2372.465	2213.35	2292.9075
hgt	None	dead	0.0	0.0	0.0
los	None	dead	0.0	0.0	0.0
spe	109	108	2611.625	2433.705	2522.665
hgt	108	GCF.000148385.1.Archaea.Thermoproteota	2433.705	0.0	1216.8525
los	108	GCF.000148385.1.Archaea.Thermoproteota	2433.705	0.0	1216.8525
spe	107	GCA.003019535.1.Archaea.Thermoproteota	2229.765	0.0	1114.8825
los	107	GCA.003019535.1.Archaea.Thermoproteota	2229.765	0.0	1114.8825
hgt	None	dead	0.0	0.0	0.0
hgt	None	dead	0.0	0.0	0.0
los	None	dead	0.0	0.0	0.0
hgt	None	dead	0.0	0.0	0.0
hgt	None	dead	0.0	0.0	0.0
hgt	None	dead	0.0	0.0	0.0
los	None	dead	0.0	0.0	0.0
spe	888	887	2827.975	2727.215	2777.595
spe	863	857	2597.055	2515.41	2556.2325
los	863	857	2597.055	2515.41	2556.2325
spe	862	GCA.002782605.1.Bacteria.Desulfobacterota	2368.33	0.0	1184.165
los	862	GCA.002782605.1.Bacteria.Desulfobacterota	2368.33	0.0	1184.165
spe	861	GCA.002327985.1.Bacteria.Desulfobacterota	2265.965	0.0	1132.9825
los	861	GCA.002327985.1.Bacteria.Desulfobacterota	2265.965	0.0	1132.9825
spe	886	874	2570.925	2502.96	2536.9425
los	886	874	2570.925	2502.96	2536.9425
spe	886	885	2570.925	2490.35	2530.6375
spe	884	880	2409.27	2202.89	2306.08
los	884	880	2409.27	2202.89	2306.08
spe	883	GCA.000961655.1.Bacteria.Desulfobacterota	2107.355	0.0	1053.6775
los	883	GCA.000961655.1.Bacteria.Desulfobacterota	2107.355	0.0	1053.6775
spe	877	GCA.001797675.1.Bacteria.Desulfobacterota	2406.095	0.0	1203.0475
los	877	GCA.001797675.1.Bacteria.Desulfobacterota	2406.095	0.0	1203.0475
hgt	None	dead	0.0	0.0	0.0
los	None	dead	0.0	0.0	0.0
spe	1425	1424	2515.535	2409.195	2462.365
spe	1422	GCA.003484395.1.Bacteria.Chloroflexota	2304.265	0.0	1152.1325
los	1422	GCA.003484395.1.Bacteria.Chloroflexota	2304.265	0.0	1152.1325
spe	1421	GCA.002347295.1.Bacteria.Chloroflexota	2272.78	0.0	1136.39
los	1421	GCA.002347295.1.Bacteria.Chloroflexota	2272.78	0.0	1136.39
spe	1419	GCA.002352365.1.Bacteria.Chloroflexota	2163.145	0.0	1081.5725
los	1419	GCA.002352365.1.Bacteria.Chloroflexota	2163.145	0.0	1081.5725
spe	179	178	3169.885	3109.52	3139.7025
dup	178	32	3109.52	2887.43	2998.475
spe	178	32	3109.52	2887.43	2998.475
spe	31	29	2641.745	2305.1	2473.4225
los	31	29	2641.745	2305.1	2473.4225
spe	26	GCA.002841105.1.Archaea.Altiarchaeota	905.1525	0.0	452.57625
los	26	GCA.002841105.1.Archaea.Altiarchaeota	905.1525	0.0	452.57625
spe	178	32	3109.52	2887.43	2998.475
hgt	32	31	2887.43	2641.745	2764.5875
los	32	31	2887.43	2641.745	2764.5875
spe	93	92	2781.775	2715.565	2748.67
spe	70	69	2480.265	2382.655	2431.46
los	70	69	2480.265	2382.655	2431.46
spe	54	48	2391.235	2290.465	2340.85
los	54	48	2391.235	2290.465	2340.85
spe	53	52	2158.385	1947.675	2053.03
los	53	52	2158.385	1947.675	2053.03
spe	91	GCA.003034855.1.Archaea.Halobacteriota	2548.71	0.0	1274.355
los	91	GCA.003034855.1.Archaea.Halobacteriota	2548.71	0.0	1274.355
spe	90	74	2426.545	2278.05	2352.2975
los	90	74	2426.545	2278.05	2352.2975
spe	90	89	2426.545	2320.405	2373.475
spe	88	80	2221.93	2032.885	2127.4075
los	88	80	2221.93	2032.885	2127.4075
spe	87	GCA.002256595.1.Archaea.Halobacteriota	2144.39	0.0	1072.195
los	87	GCA.002256595.1.Archaea.Halobacteriota	2144.39	0.0	1072.195
spe	86	84	2014.745	1868.445	1941.595
los	86	84	2014.745	1868.445	1941.595
spe	77	GCA.001766825.1.Archaea.Halobacteriota	2081.03	0.0	1040.515
los	77	GCA.001766825.1.Archaea.Halobacteriota	2081.03	0.0	1040.515
hgt	1068	GCA.002877955.1.Bacteria.Caldisericota	2377.575	0.0	1188.7875
spe	32	26	2887.43	905.1525	1896.29125
dup	1068	GCA.002877955.1.Bacteria.Caldisericota	2377.575	0.0	1188.7875
hgt	659	GCF.000021725.1.Bacteria.Campylobacterota	2073.72	0.0	1036.86
spe	178	177	3109.52	2987.475	3048.4975
spe	176	175	2870.105	2794.775	2832.44
los	176	175	2870.105	2794.775	2832.44
spe	176	140	2870.105	2794.965	2832.535
spe	139	109	2746.6	2611.625	2679.1125
los	139	109	2746.6	2611.625	2679.1125
spe	139	138	2746.6	2683.72	2715.16
spe	124	GCA.002495485.1.Archaea.Thermoproteota	2576.715	0.0	1288.3575
los	124	GCA.002495485.1.Archaea.Thermoproteota	2576.715	0.0	1288.3575
spe	123	122	2509.405	2416.7	2463.0525
los	123	122	2509.405	2416.7	2463.0525
spe	113	GCA.001593865.1.Archaea.Thermoproteota	2352.095	0.0	1176.0475
los	113	GCA.001593865.1.Archaea.Thermoproteota	2352.095	0.0	1176.0475
spe	137	136	2562.75	2489.555	2526.1525
los	137	136	2562.75	2489.555	2526.1525
spe	177	95	2987.475	2895.515	2941.495
spe	95	39	2895.515	2772.035	2833.775
hgt	39	35	2772.035	2625.215	2698.625
los	39	35	2772.035	2625.215	2698.625
spe	39	38	2772.035	2538.31	2655.1725
hgt	38	GCA.001515205.2.Archaea.Hadarchaeota	2538.31	0.0	1269.155
los	38	GCA.001515205.2.Archaea.Hadarchaeota	2538.31	0.0	1269.155
spe	94	42	2874.54	2631.08	2752.81
los	94	42	2874.54	2631.08	2752.81
dup	94	93	2874.54	2781.775	2828.1575
hgt	None	dead	0.0	0.0	0.0
hgt	None	dead	0.0	0.0	0.0
los	None	dead	0.0	0.0	0.0
hgt	390	GCA.002780065.1.Bacteria.UBA8481	3122.13	0.0	1561.065
spe	94	93	2874.54	2781.775	2828.1575
hgt	721	GCA.003230535.1.Bacteria.SZUA.182	2908.09	0.0	1454.045
hgt	84	GCF.000970205.1.Archaea.Halobacteriota	1868.445	0.0	934.2225
spe	92	70	2715.565	2480.265	2597.915
los	92	70	2715.565	2480.265	2597.915
spe	92	91	2715.565	2548.71	2632.1375
spe	90	74	2426.545	2278.05	2352.2975
los	90	74	2426.545	2278.05	2352.2975
spe	89	88	2320.405	2221.93	2271.1675
los	89	88	2320.405	2221.93	2271.1675
spe	89	77	2320.405	2081.03	2200.7175
hgt	668	GCA.002010665.1.Bacteria.Acidobacteriota	2182.81	0.0	1091.405
hgt	216	GCA.001805575.1.Bacteria.Omnitrophota	2167.33	0.0	1083.665
hgt	35	GCA.001587715.1.Archaea.Methanobacteriota.B	2625.215	0.0	1312.6075
hgt	1133	GCA.002366545.1.Bacteria.Actinobacteriota	2731.5	0.0	1365.75
hgt	1240	GCA.002376045.1.Bacteria.Firmicutes.A	2549.06	0.0	1274.53
hgt	1188	GCA.002779205.1.Bacteria.Actinobacteriota	3109.515	0.0	1554.7575
hgt	194	GCA.003498085.1.Bacteria.UBA9089	2944.425	0.0	1472.2125
hgt	1324	1323	2536.255	2478.3	2507.2775
spe	1324	1323	2536.255	2478.3	2507.2775
spe	1323	1322	2478.3	2209.475	2343.8875
hgt	1322	GCA.000961765.1.Bacteria.Firmicutes.B	2209.475	0.0	1104.7375
los	1322	GCA.000961765.1.Bacteria.Firmicutes.B	2209.475	0.0	1104.7375
hgt	1304	GCA.002352935.1.Bacteria.Firmicutes.B	1697.92	0.0	848.96
spe	1323	1319	2478.3	2388.655	2433.4775
spe	1318	1312	2305.29	2058.365	2181.8275
los	1318	1312	2305.29	2058.365	2181.8275
spe	1317	1315	1778.785	1580.985	1679.885
los	1317	1315	1778.785	1580.985	1679.885
hgt	1319	GCF.900100785.1.Bacteria.Firmicutes.B	2388.655	0.0	1194.3275
los	1319	GCF.900100785.1.Bacteria.Firmicutes.B	2388.655	0.0	1194.3275
dup	94	93	2874.54	2781.775	2828.1575
hgt	None	dead	0.0	0.0	0.0
hgt	None	dead	0.0	0.0	0.0
los	None	dead	0.0	0.0	0.0
spe	94	93	2874.54	2781.775	2828.1575
spe	93	92	2781.775	2715.565	2748.67
hgt	92	70	2715.565	2480.265	2597.915
los	92	70	2715.565	2480.265	2597.915
spe	91	GCA.003034855.1.Archaea.Halobacteriota	2548.71	0.0	1274.355
los	91	GCA.003034855.1.Archaea.Halobacteriota	2548.71	0.0	1274.355
spe	90	89	2426.545	2320.405	2373.475
los	90	89	2426.545	2320.405	2373.475
spe	74	GCA.002011165.1.Archaea.Halobacteriota	2278.05	0.0	1139.025
los	74	GCA.002011165.1.Archaea.Halobacteriota	2278.05	0.0	1139.025
hgt	None	dead	0.0	0.0	0.0
hgt	None	dead	0.0	0.0	0.0
los	None	dead	0.0	0.0	0.0
hgt	None	dead	0.0	0.0	0.0
hgt	None	dead	0.0	0.0	0.0
los	None	dead	0.0	0.0	0.0
hgt	1645	GCF.000212395.1.Bacteria.Thermodesulfobiota	3078.905	0.0	1539.4525
spe	94	93	2874.54	2781.775	2828.1575
spe	93	92	2781.775	2715.565	2748.67
spe	92	70	2715.565	2480.265	2597.915
spe	69	68	2382.655	2254.26	2318.4575
los	69	68	2382.655	2254.26	2318.4575
spe	61	GCA.002497685.1.Archaea.Thermoplasmatota	2318.855	0.0	1159.4275
los	61	GCA.002497685.1.Archaea.Thermoplasmatota	2318.855	0.0	1159.4275
spe	60	GCF.002078355.1.Archaea.Thermoplasmatota	2157.845	0.0	1078.9225
los	60	GCF.002078355.1.Archaea.Thermoplasmatota	2157.845	0.0	1078.9225
spe	59	GCA.002011395.1.Archaea.Thermoplasmatota	1950.86	0.0	975.43
los	59	GCA.002011395.1.Archaea.Thermoplasmatota	1950.86	0.0	975.43
hgt	None	dead	0.0	0.0	0.0
hgt	None	dead	0.0	0.0	0.0
los	None	dead	0.0	0.0	0.0
hgt	70	54	2480.265	2391.235	2435.75
los	70	54	2480.265	2391.235	2435.75
spe	109	108	2611.625	2433.705	2522.665
spe	108	107	2433.705	2229.765	2331.735
hgt	107	GCA.001717025.1.Archaea.Thermoproteota	2229.765	0.0	1114.8825
los	107	GCA.001717025.1.Archaea.Thermoproteota	2229.765	0.0	1114.8825
spe	91	GCA.003034855.1.Archaea.Halobacteriota	2548.71	0.0	1274.355
los	91	GCA.003034855.1.Archaea.Halobacteriota	2548.71	0.0	1274.355
spe	90	74	2426.545	2278.05	2352.2975
los	90	74	2426.545	2278.05	2352.2975
spe	90	89	2426.545	2320.405	2373.475
spe	77	GCA.003194435.1.Archaea.Halobacteriota	2081.03	0.0	1040.515
los	77	GCA.003194435.1.Archaea.Halobacteriota	2081.03	0.0	1040.515
spe	88	80	2221.93	2032.885	2127.4075
los	88	80	2221.93	2032.885	2127.4075
spe	87	GCA.002256595.1.Archaea.Halobacteriota	2144.39	0.0	1072.195
los	87	GCA.002256595.1.Archaea.Halobacteriota	2144.39	0.0	1072.195
spe	86	GCA.001412335.1.Archaea.Halobacteriota	2014.745	0.0	1007.3725
los	86	GCA.001412335.1.Archaea.Halobacteriota	2014.745	0.0	1007.3725
spe	84	GCF.000970205.1.Archaea.Halobacteriota	1868.445	0.0	934.2225
los	84	GCF.000970205.1.Archaea.Halobacteriota	1868.445	0.0	934.2225
spe	1047	1046	3317.54	3288.18	3302.86
spe	902	901	3241.035	3194.215	3217.625
los	902	901	3241.035	3194.215	3217.625
spe	390	389	3122.13	2948.12	3035.125
los	390	389	3122.13	2948.12	3035.125
hgt	None	dead	0.0	0.0	0.0
los	1046	1045	3288.18	3193.355	3240.7675
hgt	None	dead	0.0	0.0	0.0
los	None	dead	0.0	0.0	0.0
spe	1048	278	3324.645	3267.455	3296.05
spe	262	194	3164.4	2944.425	3054.4125
los	262	194	3164.4	2944.425	3054.4125
spe	261	260	3121.81	2924.365	3023.0875
los	261	260	3121.81	2924.365	3023.0875
spe	255	254	3098.275	3045.26	3071.7675
los	255	254	3098.275	3045.26	3071.7675
spe	199	198	2950.105	2808.635	2879.37
los	199	198	2950.105	2808.635	2879.37
hgt	None	dead	0.0	0.0	0.0
los	278	277	3267.455	3169.945	3218.7
hgt	None	dead	0.0	0.0	0.0
los	None	dead	0.0	0.0	0.0
spe	862	861	2368.33	2265.965	2317.1475
