event	left_node	right_node	left_date	right_date	midpoint_date
hgt	None	dead	0.0	0.0	0.0
hgt	None	dead	0.0	0.0	0.0
los	None	dead	0.0	0.0	0.0
spe	1476	1454	2948.885	2633.59	2791.2375
spe	1454	1446	2633.59	2467.265	2550.4275
spe	1446	1445	2467.265	2304.44	2385.8525
hgt	None	dead	0.0	0.0	0.0
hgt	None	dead	0.0	0.0	0.0
los	None	dead	0.0	0.0	0.0
hgt	1445	1444	2304.44	2137.48	2220.96
los	1445	1444	2304.44	2137.48	2220.96
hgt	None	dead	0.0	0.0	0.0
hgt	None	dead	0.0	0.0	0.0
los	None	dead	0.0	0.0	0.0
hgt	None	dead	0.0	0.0	0.0
los	1446	1440	2467.265	2358.68	2412.9725
hgt	None	dead	0.0	0.0	0.0
los	None	dead	0.0	0.0	0.0
hgt	1326	1325	2719.225	2604.385	2661.805
spe	1454	1453	2633.59	2571.245	2602.4175
hgt	1453	1452	2571.245	2204.94	2388.0925
los	1453	1452	2571.245	2204.94	2388.0925
spe	1453	1449	2571.245	2414.175	2492.71
hgt	1088	GCA.002010365.1.Bacteria.Bipolaricaulota	2199.325	0.0	1099.6625
hgt	873	GCA.002011835.1.Bacteria.Desulfobacterota	2374.525	0.0	1187.2625
hgt	918	GCA.001412365.1.Bacteria.WOR.3	2859.22	0.0	1429.61
hgt	1449	GCA.002366595.1.Bacteria.Chloroflexota	2414.175	0.0	1207.0875
los	1449	GCA.002366595.1.Bacteria.Chloroflexota	2414.175	0.0	1207.0875
dup	1449	GCA.002400365.1.Bacteria.Chloroflexota	2414.175	0.0	1207.0875
hgt	None	dead	0.0	0.0	0.0
hgt	None	dead	0.0	0.0	0.0
los	None	dead	0.0	0.0	0.0
spe	1326	1325	2719.225	2604.385	2661.805
spe	1324	1323	2536.255	2478.3	2507.2775
los	1324	1323	2536.255	2478.3	2507.2775
spe	1308	1307	2377.745	2196.38	2287.0625
los	1308	1307	2377.745	2196.38	2287.0625
spe	1300	GCF.000620305.1.Bacteria.Firmicutes.B	2090.18	0.0	1045.09
los	1300	GCF.000620305.1.Bacteria.Firmicutes.B	2090.18	0.0	1045.09
spe	1297	GCA.002329495.1.Bacteria.Firmicutes.B	2420.65	0.0	1210.325
los	1297	GCA.002329495.1.Bacteria.Firmicutes.B	2420.65	0.0	1210.325
spe	1296	GCA.001513545.1.Bacteria.Firmicutes.B	2280.145	0.0	1140.0725
los	1296	GCA.001513545.1.Bacteria.Firmicutes.B	2280.145	0.0	1140.0725
dup	1391	1390	3133.07	3070.6	3101.835
spe	1391	1390	3133.07	3070.6	3101.835
spe	1218	GCA.001513125.1.Bacteria.DTU030	2947.155	0.0	1473.5775
los	1218	GCA.001513125.1.Bacteria.DTU030	2947.155	0.0	1473.5775
spe	1216	GCF.000020005.1.Bacteria.Firmicutes.D	2550.05	0.0	1275.025
los	1216	GCF.000020005.1.Bacteria.Firmicutes.D	2550.05	0.0	1275.025
spe	1216	1215	2550.05	2030.585	2290.3175
spe	1389	1237	3027.58	2784.985	2906.2825
los	1389	1237	3027.58	2784.985	2906.2825
spe	1389	1388	3027.58	2941.055	2984.3175
spe	1274	1240	2802.895	2549.06	2675.9775
los	1274	1240	2802.895	2549.06	2675.9775
spe	1273	GCF.000166335.1.Bacteria.Firmicutes.A	2658.63	0.0	1329.315
los	1273	GCF.000166335.1.Bacteria.Firmicutes.A	2658.63	0.0	1329.315
spe	1272	1246	2548.195	2308.455	2428.325
los	1272	1246	2548.195	2308.455	2428.325
spe	1271	1270	2346.495	2201.025	2273.76
los	1271	1270	2346.495	2201.025	2273.76
spe	1271	1259	2346.495	2295.84	2321.1675
spe	1258	1257	2095.365	1906.6	2000.9825
los	1258	1257	2095.365	1906.6	2000.9825
spe	1253	GCF.900142265.1.Bacteria.Firmicutes.A	2190.3	0.0	1095.15
los	1253	GCF.900142265.1.Bacteria.Firmicutes.A	2190.3	0.0	1095.15
spe	1252	1251	2040.145	1879.525	1959.835
los	1252	1251	2040.145	1879.525	1959.835
spe	1387	1386	2902.155	2794.775	2848.465
los	1387	1386	2902.155	2794.775	2848.465
spe	1327	1289	2828.71	2635.61	2732.16
los	1327	1289	2828.71	2635.61	2732.16
spe	1327	1326	2828.71	2719.225	2773.9675
spe	1292	GCF.000024605.1.Bacteria.Firmicutes.B	2370.88	0.0	1185.44
los	1292	GCF.000024605.1.Bacteria.Firmicutes.B	2370.88	0.0	1185.44
spe	1326	1325	2719.225	2604.385	2661.805
spe	1297	GCA.002329495.1.Bacteria.Firmicutes.B	2420.65	0.0	1210.325
los	1297	GCA.002329495.1.Bacteria.Firmicutes.B	2420.65	0.0	1210.325
spe	1296	GCA.001513545.1.Bacteria.Firmicutes.B	2280.145	0.0	1140.0725
los	1296	GCA.001513545.1.Bacteria.Firmicutes.B	2280.145	0.0	1140.0725
spe	1325	1324	2604.385	2536.255	2570.32
spe	1323	1322	2478.3	2209.475	2343.8875
los	1323	1322	2478.3	2209.475	2343.8875
spe	1319	1318	2388.655	2305.29	2346.9725
los	1319	1318	2388.655	2305.29	2346.9725
spe	1324	1308	2536.255	2377.745	2457.0
spe	1307	1305	2196.38	2012.42	2104.4
los	1307	1305	2196.38	2012.42	2104.4
spe	1300	GCA.002418765.1.Bacteria.Firmicutes.B	2090.18	0.0	1045.09
los	1300	GCA.002418765.1.Bacteria.Firmicutes.B	2090.18	0.0	1045.09
spe	1391	1390	3133.07	3070.6	3101.835
spe	1390	1218	3070.6	2947.155	3008.8775
spe	1216	1215	2550.05	2030.585	2290.3175
los	1216	1215	2550.05	2030.585	2290.3175
hgt	1218	GCA.001513125.1.Bacteria.DTU030	2947.155	0.0	1473.5775
los	1218	GCA.001513125.1.Bacteria.DTU030	2947.155	0.0	1473.5775
spe	1389	1237	3027.58	2784.985	2906.2825
los	1389	1237	3027.58	2784.985	2906.2825
spe	1388	1274	2941.055	2802.895	2871.975
los	1388	1274	2941.055	2802.895	2871.975
spe	1388	1387	2941.055	2902.155	2921.605
spe	1386	1385	2794.775	2733.33	2764.0525
los	1386	1385	2794.775	2733.33	2764.0525
spe	1330	GCA.002385745.1.Bacteria.Firmicutes.D	2416.115	0.0	1208.0575
los	1330	GCA.002385745.1.Bacteria.Firmicutes.D	2416.115	0.0	1208.0575
spe	1387	1327	2902.155	2828.71	2865.4325
spe	1289	GCA.002345475.1.Bacteria.Firmicutes.H	2635.61	0.0	1317.805
los	1289	GCA.002345475.1.Bacteria.Firmicutes.H	2635.61	0.0	1317.805
spe	1288	GCA.002411145.1.Bacteria.Firmicutes.C	2207.725	0.0	1103.8625
los	1288	GCA.002411145.1.Bacteria.Firmicutes.C	2207.725	0.0	1103.8625
spe	1287	GCA.002329525.1.Bacteria.Firmicutes.C	1965.585	0.0	982.7925
los	1287	GCA.002329525.1.Bacteria.Firmicutes.C	1965.585	0.0	982.7925
spe	1285	1284	1868.68	1576.575	1722.6275
los	1285	1284	1868.68	1576.575	1722.6275
spe	1281	1280	1642.245	1441.56	1541.9025
los	1281	1280	1642.245	1441.56	1541.9025
spe	1326	1292	2719.225	2370.88	2545.0525
los	1326	1292	2719.225	2370.88	2545.0525
spe	1326	1325	2719.225	2604.385	2661.805
spe	1324	1323	2536.255	2478.3	2507.2775
los	1324	1323	2536.255	2478.3	2507.2775
spe	1308	1300	2377.745	2090.18	2233.9625
los	1308	1300	2377.745	2090.18	2233.9625
spe	1307	1305	2196.38	2012.42	2104.4
los	1307	1305	2196.38	2012.42	2104.4
spe	1297	GCA.002329495.1.Bacteria.Firmicutes.B	2420.65	0.0	1210.325
los	1297	GCA.002329495.1.Bacteria.Firmicutes.B	2420.65	0.0	1210.325
spe	1296	GCA.001513545.1.Bacteria.Firmicutes.B	2280.145	0.0	1140.0725
los	1296	GCA.001513545.1.Bacteria.Firmicutes.B	2280.145	0.0	1140.0725
