event	left_node	right_node	left_date	right_date	midpoint_date
spe	1476	1475	2948.885	2883.705	2916.295
spe	1475	1474	2883.705	2804.86	2844.2825
hgt	1228	GCA.003023725.1.Bacteria.Firmicutes.E	2573.425	0.0	1286.7125
hgt	1474	1473	2804.86	2043.005	2423.9325
los	1474	1473	2804.86	2043.005	2423.9325
dup	1385	1384	2733.33	2455.815	2594.5725
spe	1385	1384	2733.33	2455.815	2594.5725
spe	1384	1338	2455.815	2111.765	2283.79
spe	1337	GCF.001399675.1.Bacteria.Firmicutes	1832.425	0.0	916.2125
los	1337	GCF.001399675.1.Bacteria.Firmicutes	1832.425	0.0	916.2125
spe	1383	1341	2371.08	2078.19	2224.635
los	1383	1341	2371.08	2078.19	2224.635
spe	1382	1344	2292.545	2055.27	2173.9075
los	1382	1344	2292.545	2055.27	2173.9075
spe	1382	1381	2292.545	2205.155	2248.85
spe	1351	1350	2134.51	1969.515	2052.0125
los	1351	1350	2134.51	1969.515	2052.0125
spe	1347	GCF.001561915.1.Bacteria.Firmicutes	1852.54	0.0	926.27
los	1347	GCF.001561915.1.Bacteria.Firmicutes	1852.54	0.0	926.27
spe	1380	GCF.001049895.1.Bacteria.Firmicutes	2120.065	0.0	1060.0325
los	1380	GCF.001049895.1.Bacteria.Firmicutes	2120.065	0.0	1060.0325
spe	1379	1378	2060.89	1789.555	1925.2225
los	1379	1378	2060.89	1789.555	1925.2225
spe	1355	GCF.000503775.1.Bacteria.Firmicutes	1845.21	0.0	922.605
los	1355	GCF.000503775.1.Bacteria.Firmicutes	1845.21	0.0	922.605
dup	1355	GCF.004522215.1.Bacteria.Firmicutes	1845.21	0.0	922.605
spe	1385	1384	2733.33	2455.815	2594.5725
spe	1338	1337	2111.765	1832.425	1972.095
los	1338	1337	2111.765	1832.425	1972.095
spe	1383	1341	2371.08	2078.19	2224.635
los	1383	1341	2371.08	2078.19	2224.635
spe	1382	1344	2292.545	2055.27	2173.9075
los	1382	1344	2292.545	2055.27	2173.9075
spe	1381	1351	2205.155	2134.51	2169.8325
los	1381	1351	2205.155	2134.51	2169.8325
spe	1380	GCF.001049895.1.Bacteria.Firmicutes	2120.065	0.0	1060.0325
los	1380	GCF.001049895.1.Bacteria.Firmicutes	2120.065	0.0	1060.0325
spe	1379	1378	2060.89	1789.555	1925.2225
los	1379	1378	2060.89	1789.555	1925.2225
spe	1355	GCF.000503775.1.Bacteria.Firmicutes	1845.21	0.0	922.605
los	1355	GCF.000503775.1.Bacteria.Firmicutes	1845.21	0.0	922.605
hgt	1166	1165	1991.825	1840.865	1916.345
hgt	244	GCA.001800075.1.Bacteria.Elusimicrobiota	2178.39	0.0	1089.195
hgt	837	GCA.001768075.1.Bacteria.Myxococcota	2276.83	0.0	1138.415
spe	1166	1165	1991.825	1840.865	1916.345
spe	1155	1154	1711.135	1356.86	1533.9975
los	1155	1154	1711.135	1356.86	1533.9975
spe	1164	1163	1690.82	1488.035	1589.4275
los	1164	1163	1690.82	1488.035	1589.4275
spe	1164	1160	1690.82	1520.98	1605.9
hgt	None	dead	0.0	0.0	0.0
hgt	None	dead	0.0	0.0	0.0
los	None	dead	0.0	0.0	0.0
spe	1160	1158	1520.98	1386.605	1453.7925
hgt	1154	GCF.001591405.1.Bacteria.Actinobacteria	1356.86	0.0	678.43
hgt	1119	GCF.002973605.1.Bacteria.Armatimonadota	2529.245	0.0	1264.6225
hgt	467	GCF.003258945.1.Bacteria.Proteobacteria	1693.575	0.0	846.7875
spe	1474	1470	2804.86	2595.865	2700.3625
spe	1469	1467	2472.76	2363.295	2418.0275
los	1469	1467	2472.76	2363.295	2418.0275
hgt	716	715	2935.17	2853.34	2894.255
spe	1463	1462	2750.56	2688.275	2719.4175
los	1463	1462	2750.56	2688.275	2719.4175
spe	1457	GCA.002404055.1.Bacteria.Chloroflexota	2476.295	0.0	1238.1475
los	1457	GCA.002404055.1.Bacteria.Chloroflexota	2476.295	0.0	1238.1475
hgt	None	dead	0.0	0.0	0.0
hgt	None	dead	0.0	0.0	0.0
hgt	None	dead	0.0	0.0	0.0
los	None	dead	0.0	0.0	0.0
spe	716	715	2935.17	2853.34	2894.255
spe	675	GCA.002789615.1.Bacteria.Acidobacteriota	2652.03	0.0	1326.015
los	675	GCA.002789615.1.Bacteria.Acidobacteriota	2652.03	0.0	1326.015
spe	674	GCA.002747255.1.Bacteria.Acidobacteriota	2473.205	0.0	1236.6025
los	674	GCA.002747255.1.Bacteria.Acidobacteriota	2473.205	0.0	1236.6025
spe	714	GCA.002731215.1.Bacteria.Acidobacteriota	2786.11	0.0	1393.055
los	714	GCA.002731215.1.Bacteria.Acidobacteriota	2786.11	0.0	1393.055
spe	713	712	2694.49	2570.455	2632.4725
los	713	712	2694.49	2570.455	2632.4725
spe	699	681	2612.33	2463.525	2537.9275
los	699	681	2612.33	2463.525	2537.9275
spe	699	698	2612.33	2454.615	2533.4725
spe	698	686	2454.615	2295.75	2375.1825
hgt	686	GCA.002451015.1.Bacteria.Acidobacteriota	2295.75	0.0	1147.875
los	686	GCA.002451015.1.Bacteria.Acidobacteriota	2295.75	0.0	1147.875
spe	686	684	2295.75	1980.48	2138.115
hgt	684	GCA.003223975.1.Bacteria.Acidobacteriota	1980.48	0.0	990.24
los	684	GCA.003223975.1.Bacteria.Acidobacteriota	1980.48	0.0	990.24
spe	327	326	2199.545	1901.84	2050.6925
spe	698	697	2454.615	2258.95	2356.7825
spe	696	GCA.003224665.1.Bacteria.Acidobacteriota	2077.305	0.0	1038.6525
los	696	GCA.003224665.1.Bacteria.Acidobacteriota	2077.305	0.0	1038.6525
spe	695	GCA.003131705.1.Bacteria.Acidobacteriota	1981.07	0.0	990.535
los	695	GCA.003131705.1.Bacteria.Acidobacteriota	1981.07	0.0	990.535
spe	694	GCA.001767075.1.Bacteria.Acidobacteriota	1909.495	0.0	954.7475
los	694	GCA.001767075.1.Bacteria.Acidobacteriota	1909.495	0.0	954.7475
spe	692	GCA.003140235.1.Bacteria.Acidobacteriota	1806.3	0.0	903.15
los	692	GCA.003140235.1.Bacteria.Acidobacteriota	1806.3	0.0	903.15
dup	None	dead	0.0	0.0	0.0
hgt	None	dead	0.0	0.0	0.0
los	None	dead	0.0	0.0	0.0
dup	880	GCA.001577715.1.Bacteria.Desulfobacterota	2202.89	0.0	1101.445
dup	None	dead	0.0	0.0	0.0
hgt	None	dead	0.0	0.0	0.0
los	None	dead	0.0	0.0	0.0
dup	None	dead	0.0	0.0	0.0
hgt	None	dead	0.0	0.0	0.0
los	None	dead	0.0	0.0	0.0
hgt	None	dead	0.0	0.0	0.0
los	None	dead	0.0	0.0	0.0
spe	650	649	2528.52	2487.635	2508.0775
spe	543	539	2384.42	2248.565	2316.4925
los	543	539	2384.42	2248.565	2316.4925
spe	542	GCA.002631715.1.Bacteria.Proteobacteria	2266.915	0.0	1133.4575
los	542	GCA.002631715.1.Bacteria.Proteobacteria	2266.915	0.0	1133.4575
spe	649	648	2487.635	2440.92	2464.2775
spe	648	562	2440.92	2333.93	2387.425
spe	561	560	2282.175	2138.97	2210.5725
los	561	560	2282.175	2138.97	2210.5725
spe	553	552	2172.955	1988.77	2080.8625
los	553	552	2172.955	1988.77	2080.8625
hgt	None	dead	0.0	0.0	0.0
los	562	546	2333.93	2056.155	2195.0425
hgt	None	dead	0.0	0.0	0.0
los	None	dead	0.0	0.0	0.0
spe	614	613	2046.215	1943.945	1995.08
hgt	403	GCF.900177345.1.Bacteria.Proteobacteria	2763.35	0.0	1381.675
spe	613	612	1943.945	1796.185	1870.065
spe	611	GCF.003052605.1.Bacteria.Proteobacteria	1493.79	0.0	746.895
los	611	GCF.003052605.1.Bacteria.Proteobacteria	1493.79	0.0	746.895
hgt	None	dead	0.0	0.0	0.0
hgt	None	dead	0.0	0.0	0.0
los	None	dead	0.0	0.0	0.0
hgt	None	dead	0.0	0.0	0.0
hgt	None	dead	0.0	0.0	0.0
hgt	None	dead	0.0	0.0	0.0
los	None	dead	0.0	0.0	0.0
hgt	None	dead	0.0	0.0	0.0
hgt	None	dead	0.0	0.0	0.0
los	None	dead	0.0	0.0	0.0
spe	648	647	2440.92	2391.055	2415.9875
spe	571	565	2282.495	2067.745	2175.12
los	571	565	2282.495	2067.745	2175.12
spe	571	570	2282.495	2165.975	2224.235
hgt	574	GCF.000374645.1.Bacteria.Proteobacteria	1962.545	0.0	981.2725
spe	570	568	2165.975	2035.48	2100.7275
hgt	568	GCF.001051235.1.Bacteria.Proteobacteria	2035.48	0.0	1017.74
los	568	GCF.001051235.1.Bacteria.Proteobacteria	2035.48	0.0	1017.74
hgt	536	GCF.900111015.1.Bacteria.Proteobacteria	2343.3	0.0	1171.65
spe	646	588	2358.03	2283.06	2320.545
los	646	588	2358.03	2283.06	2320.545
spe	646	645	2358.03	2312.285	2335.1575
spe	631	630	2258.31	2159.7	2209.005
los	631	630	2258.31	2159.7	2209.005
spe	631	603	2258.31	2200.665	2229.4875
spe	602	601	2136.455	2005.515	2070.985
los	602	601	2136.455	2005.515	2070.985
spe	592	GCF.000024725.1.Bacteria.Proteobacteria	1879.945	0.0	939.9725
los	592	GCF.000024725.1.Bacteria.Proteobacteria	1879.945	0.0	939.9725
spe	645	644	2312.285	2211.125	2261.705
spe	644	636	2211.125	2146.87	2178.9975
hgt	636	634	2146.87	2007.49	2077.18
los	636	634	2146.87	2007.49	2077.18
dup	644	643	2211.125	2071.11	2141.1175
spe	643	639	2071.11	1859.94	1965.525
los	643	639	2071.11	1859.94	1965.525
spe	642	GCA.001447805.1.Bacteria.Proteobacteria	1939.07	0.0	969.535
los	642	GCA.001447805.1.Bacteria.Proteobacteria	1939.07	0.0	969.535
spe	644	643	2211.125	2071.11	2141.1175
spe	642	GCA.001464965.1.Bacteria.Proteobacteria	1939.07	0.0	969.535
los	642	GCA.001464965.1.Bacteria.Proteobacteria	1939.07	0.0	969.535
spe	639	GCA.002400775.1.Bacteria.Proteobacteria	1859.94	0.0	929.97
los	639	GCA.002400775.1.Bacteria.Proteobacteria	1859.94	0.0	929.97
hgt	None	dead	0.0	0.0	0.0
los	None	dead	0.0	0.0	0.0
spe	483	482	2221.01	2151.75	2186.38
spe	482	458	2151.75	2053.74	2102.745
hgt	None	dead	0.0	0.0	0.0
los	458	456	2053.74	1898.57	1976.155
hgt	None	dead	0.0	0.0	0.0
los	None	dead	0.0	0.0	0.0
spe	481	480	2091.815	1990.065	2040.94
los	481	480	2091.815	1990.065	2040.94
spe	481	469	2091.815	2003.935	2047.875
spe	469	468	2003.935	1847.82	1925.8775
spe	468	467	1847.82	1693.575	1770.6975
hgt	467	GCA.002291925.1.Bacteria.Proteobacteria	1693.575	0.0	846.7875
los	467	GCA.002291925.1.Bacteria.Proteobacteria	1693.575	0.0	846.7875
dup	469	463	2003.935	1889.86	1946.8975
spe	469	463	2003.935	1889.86	1946.8975
spe	462	GCF.006980715.1.Bacteria.Proteobacteria	1641.635	0.0	820.8175
los	462	GCF.006980715.1.Bacteria.Proteobacteria	1641.635	0.0	820.8175
hgt	439	GCF.001613805.1.Bacteria.Proteobacteria	1983.035	0.0	991.5175
spe	469	463	2003.935	1889.86	1946.8975
spe	462	GCF.000315795.1.Bacteria.Proteobacteria	1641.635	0.0	820.8175
los	462	GCF.000315795.1.Bacteria.Proteobacteria	1641.635	0.0	820.8175
hgt	463	GCF.002251795.1.Bacteria.Proteobacteria	1889.86	0.0	944.93
los	463	GCF.002251795.1.Bacteria.Proteobacteria	1889.86	0.0	944.93
